time,ref_pose_x,ref_pose_y,ref_pose_z,ref_pose_roll,ref_pose_pitch,ref_pose_yaw,actual_pose_x,actual_pose_y,actual_pose_z,actual_pose_roll,actual_pose_pitch,actual_pose_yaw,ref_twist_vx,ref_twist_vy,ref_twist_vz,ref_twist_wx,ref_twist_wy,ref_twist_wz,actual_twist_vx,actual_twist_vy,actual_twist_vz,actual_twist_wx,actual_twist_wy,actual_twist_wz,error_3d_mm
1781531064.152802,0.007411016362710441,0.8554150273156109,0.3792511844338832,-0.2663194598177204,0.02712006165782177,-0.03308299076874503,0.0074226919216855425,0.8554327659155601,0.37927033230908624,-0.2661328287482015,0.027152844867205372,-0.03311331070095157,5.297008848687218e-06,-3.299176999595026e-05,-7.625451604253914e-06,0.0001746611446914371,9.639517005381151e-05,0.00020746532846219244,2.78957945108832e-05,-0.0001824447505214559,-0.000569451908822702,-0.000937445256168681,-0.0002911751559387863,0.000108990344296521,0.02859401563836215
1781531064.162799,0.007411358539473053,0.8554144782561666,0.3792509570332014,-0.26630351760831966,0.02712872922352827,-0.03308654945471946,0.007422130227487556,0.8554292599063787,0.3792659112784479,-0.2661547965812311,0.02715892926754626,-0.033116907343377563,5.297008848687218e-06,-3.299176999595026e-05,-7.625451604253914e-06,0.0001746611446914371,9.639517005381151e-05,0.00020746532846219244,-8.911144982455467e-06,-0.00018659189813436755,-0.000605793274253021,-0.0009866416740582267,2.096543061834331e-05,2.5129706626411528e-05,0.02362532320561056
1781531064.1727996,0.0074116322120506084,0.855414056044321,0.37925075841635114,-0.26629027355120066,0.027135883912712933,-0.0330897030631596,0.007422130227487556,0.8554292599063787,0.3792659112784479,-0.2661547965812311,0.02715892926754626,-0.033116907343377563,3.270604279407023e-06,-2.7477574989522173e-05,-9.947159976317642e-06,0.0003011133212334736,0.00017028317185370075,0.00017216888554953252,0.00019215124218369353,-0.000258847538216482,-9.699941379296747e-05,-0.00038537289229421235,0.00033928598863063053,-0.0003433900795569797,0.023895082743303105
1781531064.1828103,0.007413533777511844,0.8554154512622149,0.37925214407940033,-0.26629238964616736,0.02714821474552731,-0.033080090200704085,0.007422130227487556,0.8554292599063787,0.3792659112784479,-0.2661547965812311,0.02715892926754626,-0.033116907343377563,1.0890617156024768e-05,-1.7672082558604514e-05,3.878532882643616e-09,0.00024229108743473193,0.00025395856854200166,0.00029000574127142117,3.201996005010968e-05,-0.0001055093966251748,-0.00024803321419547856,-0.0005697359738729206,-0.0003261885266464876,0.00011901936003627561,0.021309936073224192
1781531064.1927981,0.007415131143861042,0.8554166716495585,0.3792533301028629,-0.2662943971679784,0.027158291044798277,-0.033072200583628836,0.007422130227487556,0.8554292599063787,0.3792659112784479,-0.2661547965812311,0.02715892926754626,-0.033116907343377563,1.6869763737730977e-05,-9.57657325815755e-06,7.992255942653289e-06,0.0001915853946355365,0.0003097023374592001,0.0003703585204081612,-3.97132850755325e-06,0.00010412724548739104,0.00021291416105270248,7.33933207138954e-07,-5.543648694850663e-06,2.8569804728372593e-05,0.019124261044144886
1781531064.2027993,0.007416462554579016,0.8554177345680062,0.37925434133939673,-0.2662962684104361,0.027166402278314017,-0.03306581809080496,0.007422130227487556,0.8554292599063787,0.3792659112784479,-0.2661547965812311,0.02715892926754626,-0.033116907343377563,2.145590505279918e-05,-2.956370829026122e-06,1.430384086139799e-05,0.0001483491089638021,0.0003429919835428172,0.00042042631112206827,2.6243606071796173e-05,-4.3220299038953725e-05,-0.00033121553906166645,-0.0006637113046218493,-0.0002713422812027535,0.00010425521951640078,0.017286394373837454
1781531064.2128036,0.007417562821889402,0.8554186561904371,0.3792551998622605,-0.2662979863388794,0.027172819124299474,-0.03306073953660833,0.007421922854765339,0.8554271724262668,0.37926435578383433,-0.26616631634655397,0.027156218303414636,-0.03311550185084042,2.4865668071424146e-05,2.3956101653725174e-06,1.918936759650709e-05,0.00011189289560104598,0.00035854625669711284,0.0004464321203204074,6.20615882791644e-07,-3.4630098464790465e-05,0.00019806927538365863,0.0002050599644359168,-2.8915681647455738e-06,-3.6034211039470367e-06,0.013242622823746941
1781531064.2227936,0.007419074949298801,0.8554234240400952,0.37925295524430297,-0.2663168029834068,0.027187328548545997,-0.03305052164737614,0.007421922854765339,0.8554271724262668,0.37926435578383433,-0.26616631634655397,0.027156218303414636,-0.03311550185084042,2.7499814817220686e-05,2.4469506152148073e-05,6.01867312299799e-06,-0.00010877610703604042,0.0004428747981341951,0.0005469579259020261,-7.952689964133711e-06,-7.799405264286972e-05,0.00018551306767826346,-5.228698769320324e-05,1.2735918158630425e-05,2.51264904163505e-05,0.01233423147356937
1781531064.2327943,0.0074203130443736874,0.8554274728539384,0.3792510354653991,-0.26633253971847437,0.027199007932059427,-0.03304230538922717,0.007421922854765339,0.8554271724262668,0.37926435578383433,-0.26616631634655397,0.027156218303414636,-0.03311550185084042,2.926598652828471e-05,4.1879783732872176e-05,-4.630669499751214e-06,-0.0002711384002349734,0.0004939370346000141,0.0006073064411147996,-8.171697015727595e-08,-0.00016190513001877605,-0.0002781266631863585,-0.000356230066630511,-2.2559018256581165e-05,1.5155175251056507e-05,0.01342060466216925
1781531064.2427483,0.007421314194468728,0.8554308884992566,0.3792494021007741,-0.26634553805532146,0.027208247121732754,-0.03303581372587008,0.007421922854765339,0.8554271724262668,0.37926435578383433,-0.26616631634655397,0.027156218303414636,-0.03311550185084042,3.0312991995526264e-05,5.532562776892433e-05,-1.3121000564739428e-05,-0.00038536915713659225,0.0005186761416111639,0.0006358996554932696,-1.679895612556654e-05,5.483691334400259e-06,1.9107820672070464e-05,2.6818067822859867e-05,2.3275673397344705e-05,6.244280426983912e-05,0.01542051564921882
1781531064.2527916,0.00742211206181683,0.855433749460718,0.37924802022480136,-0.2663561288254154,0.027215405022351202,-0.033030791891743044,0.007421922854765339,0.8554271724262668,0.37926435578383433,-0.26616631634655397,0.027156218303414636,-0.03311550185084042,3.076940348767287e-05,6.541855849399027e-05,-1.9770553999733108e-05,-0.0004604097807377716,0.0005230149666851973,0.000639917088358142,-1.73233546068443e-05,-5.32711360871259e-05,-6.317193613016741e-05,-0.0003108408857856656,-0.0002591785780460594,0.0003037985747678646,0.017610896354279624
1781531064.2627985,0.007422736920596335,0.8554361270035497,0.3792468582525756,-0.266364625804435,0.027220807528499646,-0.0330270087786963,0.007421569348774859,0.8554260474753049,0.3792631480352396,-0.26617365450613345,0.027155125678387293,-0.03311198944172587,3.074591879555092e-05,7.269197275003541e-05,-2.4858123979858733e-05,-0.0005040325014406676,0.0005119497292201896,0.0006254108004634929,-0.00011933423577621048,-2.830173029189313e-05,-0.00027237274693976563,-0.0005663387021041846,0.0007196648892922358,-2.235502845790286e-05,0.019191590159091592
1781531064.272796,0.007423215764290593,0.8554380854371278,0.3792458877579574,-0.2663713214015294,0.027224746878789174,-0.033024257327680925,0.007421569348774859,0.8554260474753049,0.3792631480352396,-0.26617365450613345,0.027155125678387293,-0.03311198944172587,3.0337483905604878e-05,7.760979333787578e-05,-2.862731090034844e-05,-0.0005229207812269475,0.0004896455926003826,0.0005974224286279195,-2.37856055933948e-05,-2.4324007894520943e-05,-4.0465484673142095e-05,-6.945946670719577e-05,-0.0005409432809298467,0.0005730544865331034,0.02110782747602377
1781531064.2827415,0.007422729896166212,0.8554469465689815,0.379248724842195,-0.26647881860405664,0.027257225199453616,-0.033094738765257745,0.007421569348774859,0.8554260474753049,0.3792631480352396,-0.26617365450613345,0.027155125678387293,-0.03311198944172587,8.383305598981231e-07,8.289363462179922e-05,5.014331768141842e-06,-0.0016184234954313165,0.000980761969085193,-0.00011647370519243805,-4.525323175051416e-05,-5.6581468117187136e-05,-6.735814833626198e-05,-0.0003333428511785157,-0.0005071793918344459,0.0006499851460727247,0.025419431235744697
1781531064.2928028,0.007422181179849073,0.8554542785978386,0.3792512209349934,-0.2665677394389331,0.027283696268863844,-0.033153682310136934,0.007421569348774859,0.8554260474753049,0.3792631480352396,-0.26617365450613345,0.027155125678387293,-0.03311198944172587,-2.285342026701332e-05,8.608501402819317e-05,3.195740263365319e-05,-0.0023949434525813978,0.0013218965354881344,-0.0006481847090796684,-5.793909229313071e-05,-0.00030431559484938653,-0.00017825686486839574,-0.0007403736278912075,-0.00048680172545109885,0.0006871200772643557,0.030653325057128897
1781531064.3027952,0.00742157880940483,0.8554602692022995,0.3792534179760314,-0.2666403072487141,0.02730494292517327,-0.033202366741471076,0.007421569348774859,0.8554260474753049,0.3792631480352396,-0.26617365450613345,0.027155125678387293,-0.03311198944172587,-4.158294572719283e-05,8.75561831992985e-05,5.3181643830517794e-05,-0.002911205583236803,0.0015413160693718859,-0.00102883593117059,2.203536493831273e-05,-0.00013037817889098469,-0.00042244012269943986,-0.0012584044756724087,0.0005819774664108403,0.0002825267345685878,0.03557809354343949
1781531064.3128016,0.007420935099727626,0.8554650942146694,0.37925535098603247,-0.2666986356259674,0.027321694456992285,-0.03324203120465977,0.007417038001634846,0.8554218777810197,0.37925803016867876,-0.2662002875953596,0.02715306202151413,-0.03308703256936735,-5.609160778131641e-05,8.762777256951581e-05,6.954602941921213e-05,-0.0032183343027379152,0.0016635318236312782,-0.0012858835241204695,-8.880401730105143e-05,-0.00014109103442560447,-0.00044666800073675197,-0.0012810982147413521,0.0013364337654340232,0.0001980772332278988,0.04347442386730978
1781531064.3227756,0.007420263809821175,0.855468916031689,0.37925704949284833,-0.26674469806225476,0.027334620105878837,-0.03327385119634908,0.007417038001634846,0.8554218777810197,0.37925803016867876,-0.2662002875953596,0.02715306202151413,-0.03308703256936735,-6.702803453279406e-05,8.657490974079709e-05,8.180170001933838e-05,-0.0033603598402742922,0.001709570162813371,-0.001443282869911768,5.6317299235049e-05,-0.0003443669693073557,-0.0004989157316142762,-0.0013667963698857576,0.00027562084713166367,0.00041048358813217204,0.04715892905440624
1781531064.332737,0.007422531126915603,0.8554761589888086,0.3792564275892419,-0.2667809688295619,0.027323488106941074,-0.03323273582753464,0.007417038001634846,0.8554218777810197,0.37925803016867876,-0.2662002875953596,0.02715306202151413,-0.03308703256936735,-3.854952948839509e-05,0.00011041548932536383,7.686597205817954e-05,-0.0034017445006286747,0.0012874166825305208,-0.0008849426267317014,-0.00011226821542940365,-0.00040933601219033424,-0.0005779637369503494,-0.0017485323896471278,0.0001821301724563083,0.0004073533061314249,0.054581976926599524
1781531064.3427975,0.007424431213980521,0.8554820513974891,0.37925592492111304,-0.2668083227604212,0.02731319926428899,-0.033197058363268944,0.007417038001634846,0.8554218777810197,0.37925803016867876,-0.2662002875953596,0.02715306202151413,-0.03308703256936735,-1.5199288534687033e-05,0.00012815499019367687,7.192973224954561e-05,-0.003339638899699322,0.0009358640450045778,-0.00044237951149779016,-0.00010188625103008584,-0.00030446430787600584,-0.0003610092689555808,-0.0017579903515959634,0.0007636434022343426,-8.296700123794466e-05,0.06066263903840918
1781531064.3528094,0.007426024465445838,0.8554867893747526,0.3792555227395849,-0.26682824680745065,0.02730382367878126,-0.03316643191505894,0.007417038001634846,0.8554218777810197,0.37925803016867876,-0.2662002875953596,0.02715306202151413,-0.03308703256936735,3.7382484260584387e-06,0.00014077193137902066,6.705562871399566e-05,-0.0032016912317534337,0.0006468349963236763,-9.86770304761712e-05,-5.525398596995653e-05,-0.00024376850238390236,7.192745632120592e-05,-0.0015282426068980953,0.0004097930705364693,-7.562892387678336e-05,0.06557864540711147
1781531064.3628192,0.00742736107364048,0.8554905472332555,0.3792552041743298,-0.26684205847282444,0.027295388906151796,-0.03314042835005361,0.007417038001634846,0.8554218777810197,0.37925803016867876,-0.2662002875953596,0.02715306202151413,-0.03308703256936735,1.889342726941467e-05,0.00014911674972315606,6.229316635105272e-05,-0.0030106934363533346,0.0004125656270541135,0.0001615455056001107,0.00014489779337887492,-0.00013611489017729785,-8.899010360044284e-05,-0.0012466986650823708,0.0004411508555622691,-0.00037342784932732046,0.06949853041645584
1781531064.3727953,0.007428482681564883,0.8554934788270759,0.379254954273622,-0.2668509122334546,0.02728788986931896,-0.03311860034558155,0.007411380991873773,0.8554102087850353,0.3792447908736039,-0.26627607651184704,0.02717838458073807,-0.03307735177738946,3.0820199058924366e-05,0.00015392628522467572,5.768067175798077e-05,-0.0027851749281710154,0.00022573943988654096,0.0003520971362904528,-5.032862858218961e-05,-0.00030861073305730563,-0.00036538064091412825,-0.0017802312352647618,0.0006674463283246348,-0.0003185294810559967,0.08561344749321799
1781531064.3827944,0.0074270846118185945,0.8554966060936187,0.3792561947042399,-0.2668893617992316,0.027304183284218242,-0.0331652444601227,0.007411380991873773,0.8554102087850353,0.3792447908736039,-0.26627607651184704,0.02717838458073807,-0.03307735177738946,6.393358592387725e-06,0.00014786258263033752,6.6865106547751e-05,-0.0028869728399288784,0.0005069186374346204,-0.00013043635956844527,-2.80618383008727e-05,-0.00015715237927605653,-0.00013012471278262843,-0.0015260579863150437,0.000348864990781235,-0.0001533012136091805,0.08855024541467965
1781531064.392828,0.0074270948500915965,0.8554975012144129,0.37925420724015363,-0.26689731728900035,0.02731261020076614,-0.03318643517984746,0.007411380991873773,0.8554102087850353,0.3792447908736039,-0.26627607651184704,0.02717838458073807,-0.03307735177738946,-4.192414706814177e-07,0.00014101225603719544,5.08809550398195e-05,-0.0026523340974446055,0.0006013107042466253,-0.00031499782387392575,-5.408078516356479e-05,-0.0003214091368988746,-0.0002859363636852124,-0.002489213876889077,0.00035369028622370087,-3.013154116355158e-05,0.08919395453584561
1781531064.4027944,0.007427042598989707,0.8554980143411064,0.37925252463385073,-0.26690156163186485,0.027319241817763462,-0.033203833622777054,0.007411380991873773,0.8554102087850353,0.3792447908736039,-0.26627607651184704,0.02717838458073807,-0.03307735177738946,-5.882901684935003e-06,0.00013372622929868887,3.740459398036871e-05,-0.002403925331360447,0.0006555780759864499,-0.0004446596526875364,-0.00011939120337243991,-0.00018036884700317694,-0.0003213806003863908,-0.0028057923961185612,0.001070465046271439,-0.00030878035683842365,0.08952604460138687
1781531064.4127984,0.007426939974183783,0.8554982239766604,0.37925110548389523,-0.26690290912650216,0.027324346772250152,-0.033217914386577424,0.007411380991873773,0.8554102087850353,0.3792447908736039,-0.26627607651184704,0.02717838458073807,-0.03307735177738946,-1.0194439081668222e-05,0.00012618275553777066,2.6112178943190906e-05,-0.002151998854893419,0.0006782953997921181,-0.0005296382171355365,-0.00010554703380549747,-0.00043675420592660137,-0.000422723947963447,-0.003154544888477314,0.0007654525619845096,-0.00012692436210370213,0.0896026237923177
1781531064.4227953,0.007426798350664304,0.855498196837406,0.3792499132170024,-0.2669020492034037,0.027328168119403973,-0.033229123893339596,0.007407017490024648,0.8553941399852296,0.3792268948304993,-0.2664007130950153,0.02720592758117979,-0.03308973442358189,-1.352645165548763e-05,0.00011852819369111568,1.67160635037039e-05,-0.0019043326487206448,0.0006767511113757152,-0.0005788113080523399,-3.877825737964206e-05,-0.00033772697732055787,-0.0005959538413226722,-0.003120927186342763,0.00013182103442329964,0.00013853586643813946,0.1083926060656966
1781531064.4327502,0.007429042995527511,0.8554990318151273,0.37924769451365015,-0.26695242362159954,0.027331788659239242,-0.03322106569988084,0.007407017490024648,0.8553941399852296,0.3792268948304993,-0.2664007130950153,0.02720592758117979,-0.03308973442358189,5.417165537995471e-07,9.357415876050041e-05,7.618953659716911e-06,-0.002248779786773089,0.0006177977307057701,-0.00042037384797873447,-7.995042043862207e-05,-0.00028307643545317753,-0.00024075237296533359,-0.0022689454598146383,0.00031328752012072403,0.00013045415882097472,0.1091789617605884
1781531064.4427967,0.007430920307559814,0.8554994941633786,0.3792458436758085,-0.2669927138095101,0.02733438859056414,-0.03321376609505512,0.007407017490024648,0.8553941399852296,0.3792268948304993,-0.2664007130950153,0.02720592758117979,-0.03308973442358189,1.1828400198332013e-05,7.235604986762172e-05,2.1949823263741232e-07,-0.0024453073855043176,0.0005567132778752568,-0.0002901565501053553,-8.61341563443722e-05,-0.00034625208484289136,-0.00040162377813965746,-0.002057505469753984,0.0004340035998697507,5.4251286304526534e-05,0.10968092941851604
1781531064.4527931,0.007432481281308158,0.8554996476320716,0.37924431262884833,-0.2670243453718642,0.027336152641843636,-0.03320723461393717,0.007407017490024648,0.8553941399852296,0.3792268948304993,-0.2664007130950153,0.02720592758117979,-0.03308973442358189,2.07391689682438e-05,5.4405897081676296e-05,-5.723367192808867e-06,-0.002525624326734499,0.0004957046036011206,-0.00018464774034338482,-3.6857295300278374e-05,7.262536197189399e-05,1.2171643224491705e-06,-0.0013094601318614086,9.63198206628862e-05,0.00011154766652199154,0.10992564718026236
1781531064.4627972,0.007433770894102811,0.855499550899139,0.3792430577327704,-0.2670486234769599,0.027337242099458203,-0.0332014573980465,0.007407017490024648,0.8553941399852296,0.3792268948304993,-0.2664007130950153,0.02720592758117979,-0.03308973442358189,2.762970857613804e-05,3.9306618383734e-05,-1.0421619131660054e-05,-0.002516670019621105,0.0004364230339721877,-0.00010053998308849209,-6.824370313367935e-05,-3.298803827471293e-05,0.0001435623044613916,-0.001414238220127462,0.00042567121629635005,-1.7453943783509396e-05,0.10994746386707363
1781531064.4727952,0.007434828650144944,0.8554992569361927,0.3792420397099176,-0.26706672732768033,0.027337796274501835,-0.03319640343396392,0.007404799234443815,0.8553837453154012,0.3792151472328178,-0.26650464237235005,0.0272173157965534,-0.03309015243659763,3.2811152317584e-05,2.668726805724522e-05,-1.4061197155641195e-05,-0.0024410728598219943,0.00038005848761486977,-3.476938485052755e-05,-2.5024154864228462e-05,-0.00016960715973005506,0.0001676018296584819,-0.0011463196647968862,0.0003678715974795154,-0.00011581127194627571,0.12234339242391014
1781531064.4828026,0.007436673079476729,0.8555000731907587,0.37924501652677745,-0.26703359649043823,0.027334826344936003,-0.03318086687447168,0.007404799234443815,0.8553837453154012,0.3792151472328178,-0.26650464237235005,0.0272173157965534,-0.03309015243659763,4.617089615048916e-05,4.47987784663044e-05,1.8598055106442196e-06,-0.0018175255375658425,0.000262549887283995,0.00012401011523092243,-2.9364138862145427e-05,-7.380197086388642e-05,7.134235549158976e-06,-0.001057249022961064,0.00033087782725009464,-0.00016966801809901536,0.12425896870660333
1781531064.4927964,0.007438218961559133,0.8555006707757722,0.37924759086879267,-0.26700406297853074,0.02733206524254639,-0.033167845561626455,0.007404799234443815,0.8553837453154012,0.3792151472328178,-0.26650464237235005,0.0272173157965534,-0.03309015243659763,5.631070768910393e-05,5.877056676345822e-05,1.4617193387847573e-05,-0.001300572265774882,0.00016731660262841137,0.0002395835267939852,-8.86021491756289e-05,-0.00012058098571684281,-4.002618012345668e-05,-0.001382919860187307,0.000980580899003055,-0.00039147769817798536,0.12586115746609441
1781531064.502801,0.0074395091586065346,0.8555011019350969,0.3792498048246353,-0.26697803322516267,0.02732953627261603,-0.033157065269795574,0.007404799234443815,0.8553837453154012,0.3792151472328178,-0.26650464237235005,0.0272173157965534,-0.03309015243659763,6.373716232113352e-05,6.92420605460082e-05,2.4673267189665886e-05,-0.0008776366670450149,9.138059461672068e-05,0.0003196205694764467,-8.308269070072578e-05,-7.270876170646706e-05,-1.0076688032063799e-05,-0.0010785027373835271,0.0009950028039253317,-0.00043088246415712295,0.12719474710996898
1781531064.5127976,0.0074405805622421795,0.8555014075235119,0.3792516976467172,-0.2669553412174547,0.027327250528866864,-0.03314825918513509,0.007404799234443815,0.8553837453154012,0.3792151472328178,-0.26650464237235005,0.0272173157965534,-0.03309015243659763,6.889130615461251e-05,7.67709274078594e-05,3.243337790954885e-05,-0.0005367221816714269,3.198221438042784e-05,0.0003708406195740856,-8.785904820236701e-05,-0.00010850550683106492,-0.00030724512059824595,-0.0017199184460291541,0.0006939156738424891,-0.00022404342100599701,0.12829899217343502
1781531064.5227962,0.007441464916560652,0.8555016191665937,0.3792533056908468,-0.2669357712054446,0.027325209652215854,-0.033141173351894995,0.007401950490883713,0.8553794240531032,0.37921164911439365,-0.2665680557508536,0.027253665654707104,-0.03310767059585215,7.2155991649141e-05,8.184213399219731e-05,3.8252022625948e-05,-0.00026659506292146665,-1.3398993882395847e-05,0.00039906706864010566,-5.471857727373386e-05,-0.00019576691844894938,-0.00011170818116621622,-0.0017189939217841126,0.0004137479499464191,-7.824800469405378e-05,0.13501224373864412
1781531064.5327992,0.007442002900623558,0.8555056602753238,0.3792532848162399,-0.2669042232117558,0.027314056187931035,-0.03308916802274228,0.007401950490883713,0.8553794240531032,0.37921164911439365,-0.2665680557508536,0.027253665654707104,-0.03310767059585215,8.271109048376026e-05,0.00011570116316319599,3.164908767726446e-05,9.14108307752395e-05,-0.000279081862871765,0.0008708189047230564,-0.00010669447186209166,-0.00018650854804250913,-0.00013977352334552376,-0.001781852520764168,0.0007312953924510752,-9.203240174800669e-05,0.13882835083200296
1781531064.5427997,0.007442468310274087,0.8555091028993466,0.3792532367958811,-0.26687779591737437,0.027304710071401228,-0.03304626643970701,0.007401950490883713,0.8553794240531032,0.37921164911439365,-0.2665680557508536,0.027253665654707104,-0.03310767059585215,9.01364069514393e-05,0.00014141623153471236,2.5947402696320745e-05,0.0003571499652438562,-0.0004705107991826927,0.0012004495826115262,-4.987222948128658e-05,0.0001064959167945996,0.00012530210608502324,-0.0017167023959807613,0.00010097321180132786,0.00017572916798328625,0.14208389107377345
1781531064.5527954,0.007442875321033063,0.8555120290292504,0.37925316534288706,-0.26685592866775654,0.02729697427062172,-0.03301136025968457,0.007401950490883713,0.8553794240531032,0.37921164911439365,-0.2665680557508536,0.027253665654707104,-0.03310767059585215,9.495513186267421e-05,0.00016026771079476578,2.1041463131155094e-05,0.0005464828362120703,-0.0006010635985445642,0.0014145708787211232,-5.33528819962275e-05,7.292986967453842e-05,0.00036055366952538506,-0.0014152627091564957,0.000130336796402888,0.00016420369640435297,0.14485343851655522
1781531064.5627925,0.007443233965625013,0.855514508611474,0.3792530744640553,-0.2668380765875658,0.027290657007721375,-0.03298340019528995,0.007401950490883713,0.8553794240531032,0.37921164911439365,-0.2665680557508536,0.027253665654707104,-0.03310767059585215,9.762029691544159e-05,0.00017337041760296287,1.683648985766818e-05,0.0006733845993937173,-0.000682430198622553,0.0015362838833170684,-2.0619015504183936e-05,0.0001419956670158037,0.00020173482582267935,-0.001593329738983922,0.00010120560635981642,0.00014497073284129773,0.14720130023731734
1781531064.5727935,0.007443551246737444,0.8555166015025305,0.3792529682099065,-0.26682372153508105,0.027285575702140186,-0.032961409927885016,0.0074006384561911,0.8553814353775466,0.3792180136093681,-0.26664299798422364,0.027264767324462147,-0.033107842881234986,9.852287158417676e-05,0.0001816921396276837,1.3247514784991082e-05,0.0007500352568996509,-0.0007247158809132191,0.0015854269131730762,-6.125780709141452e-05,0.00047523477884987457,0.0006435624821082439,-0.00028495515948324154,0.00036253633179447053,1.5244845092567675e-05,0.14605893685232837
1781531064.5827932,0.007440654286822809,0.8555148308679357,0.37925699333640644,-0.26681782743076854,0.027299553138509625,-0.033008692703084,0.0074006384561911,0.8553814353775466,0.3792180136093681,-0.26664299798422364,0.027264767324462147,-0.033107842881234986,6.159010840971878e-05,0.00016226895931861806,3.770398797152944e-05,0.0007465867115546964,-0.0003623575095133607,0.0009548405181962112,-6.717865669290914e-05,0.0003234349539910831,0.00037722461597671647,-0.0005815301192431593,0.0003985297333786529,9.395437372363793e-06,0.1446203397771721
1781531064.5927913,0.007438129005119786,0.8555132789641355,0.37926041044388137,-0.26681358146364315,0.027311399177605722,-0.03304939548852209,0.0074006384561911,0.8553814353775466,0.3792180136093681,-0.26664299798422364,0.027264767324462147,-0.033107842881234986,3.116106847522893e-05,0.00014462043915271472,5.685924023954386e-05,0.0007235671610271706,-8.093771294389701e-05,0.00045622592795140614,-0.00012604330026129494,0.0003715411569880927,0.0004037300659233926,-0.0002894348462651559,0.0007000205720947647,4.188714276139541e-05,0.14347739947583651
1781531064.6027482,0.007435925168503066,0.8555119212969093,0.37926329676387077,-0.2668106865403857,0.027321323949057952,-0.03308405397223267,0.0074006384561911,0.8553814353775466,0.3792180136093681,-0.26664299798422364,0.027264767324462147,-0.033107842881234986,6.33860978179191e-06,0.00012862019317483168,7.151609818275553e-05,0.0006865137176409284,0.0001321347674364663,7.01420274126263e-05,0.0002702257531404225,0.00036263131407759334,0.00041718194118663696,-0.00028839753676750194,-0.0014573807990612769,0.000876003233399686,0.14255627414966437
1781531064.6127996,0.007434000702420969,0.8555107352690977,0.3792657210635632,-0.26680888308833384,0.027329537494146683,-0.03311323497317528,0.0074006384561911,0.8553814353775466,0.3792180136093681,-0.26664299798422364,0.027264767324462147,-0.033107842881234986,-1.3668510258381011e-05,0.00011414587682583893,8.237604866036401e-05,0.0006399593254221018,0.00028816487689289666,-0.00022105808663587067,-8.603647587517358e-06,0.00029433908559812696,-3.1312569755180495e-05,-0.0005389111206006997,-0.0013831079736574936,0.0013055701875707407,0.14180092599981453
1781531064.622799,0.007432320212954353,0.8555097002519003,0.3792677444153506,-0.2668079467535392,0.02733624403751045,-0.03313751312093011,0.00740287438227033,0.8554010567282371,0.37923648939596927,-0.26666588024687377,0.027242105591193777,-0.0330847206913735,-2.955649518197121e-05,0.00010107994010028271,9.00503371626113e-05,0.0005875604531658313,0.00039718435010963933,-0.0004331939155515148,2.071846726485472e-05,0.00036220705599432677,2.5422551947595398e-05,-0.00016865113355744036,0.0006630936217097523,0.0003002082305033592,0.11682186616881975
1781531064.6327937,0.00742975575572306,0.8555113610295297,0.3792674161333234,-0.26684809923493236,0.027340820118662013,-0.03317345533763069,0.00740287438227033,0.8554010567282371,0.37923648939596927,-0.26666588024687377,0.027242105591193777,-0.0330847206913735,-5.1047799683904126e-05,8.787638029174632e-05,8.714155551811293e-05,9.57961836234245e-05,0.0005054330218029984,-0.000751086490861787,-0.00022229585021497043,0.00032710195936773445,0.0002776115027239384,0.00012041892067197522,0.0009128215771694656,0.00032733550976645214,0.11766949564665324
1781531064.6427624,0.0074275323886105965,0.8555126991207593,0.37926709866410435,-0.266881937523781,0.027344401912328564,-0.03320289817518603,0.00740287438227033,0.8554010567282371,0.37923648939596927,-0.26666588024687377,0.027242105591193777,-0.0330847206913735,-6.765361449593586e-05,7.616343399469027e-05,8.370229171810138e-05,-0.0002752880065701875,0.0005727035024582693,-0.0009687142997022969,-3.395622687609365e-05,0.00032515936767992014,0.00024110931591668933,4.8096651367086775e-05,-0.00019094680413136463,0.00045633490668389113,0.11835948791937403
1781531064.652792,0.007425609120200761,0.8555137502850707,0.3792667969702045,-0.26691011852464236,0.027347140962167726,-0.033226665266503044,0.00740287438227033,0.8554010567282371,0.37923648939596927,-0.26666588024687377,0.027242105591193777,-0.0330847206913735,-8.012707681337428e-05,6.579552712790253e-05,7.988075005022286e-05,-0.0005457931960310296,0.000607429413811239,-0.0011052598108033333,0.00024001679220215827,0.00017667978846044755,-0.00024900748748844716,-0.000544153930611887,-0.0005092580137864436,0.0002152040624379853,0.1188917790118555
1781531064.662797,0.007423950381839603,0.8555145501078771,0.3792665139046032,-0.2669332892984413,0.027349173816775485,-0.033245529105677685,0.00740287438227033,0.8554010567282371,0.37923648939596927,-0.26666588024687377,0.027242105591193777,-0.0330847206913735,-8.91251460587364e-05,5.6638753712094685e-05,7.580074878644691e-05,-0.0007335335438581876,0.0006168205219638987,-0.001177315301796735,-2.9394948807495818e-05,0.00016611805012665718,0.00029070080458564005,0.00032446021455212427,-0.00021003543214740097,0.00032619982836376685,0.11927454086550109
1781531064.6727953,0.00742252514343411,0.8555151329812205,0.37926625076530207,-0.26695207181673586,0.027350622062632723,-0.03326020272219957,0.007403350222951022,0.8554118566269231,0.37923924444135154,-0.2666755624273689,0.027250157322215474,-0.03306864460062239,-9.521924837773488e-05,4.8570271331505215e-05,7.156496085678008e-05,-0.0008541220804636786,0.0006069722721444168,-0.0011990781167779201,7.019947649539893e-05,-1.365326572930312e-05,-0.0002841188773040009,-0.0005915084868079655,-0.0006001857250472447,0.0002351300512600285,0.10845747768511811
1781531064.6827998,0.007421518643487878,0.8555053739486392,0.37926257122935964,-0.26689621525674473,0.027346836077414505,-0.03327716625903575,0.007403350222951022,0.8554118566269231,0.37923924444135154,-0.2666755624273689,0.027250157322215474,-0.03306864460062239,-9.529754868801705e-05,8.061143522788404e-06,3.642135031266798e-05,-0.00014602422912364348,0.0005496742352357002,-0.0012576408560226132,-2.024771749673697e-05,9.299850556115564e-05,0.00017456896359155532,-8.090492643965258e-05,0.0006069669421620345,-0.000410100581921792,0.09808017131173266
1781531064.692796,0.00742065034323063,0.8554953743396417,0.37925991787642616,-0.2668342195330621,0.027350452657422197,-0.03328973369892309,0.007403350222951022,0.8554118566269231,0.37923924444135154,-0.2666755624273689,0.027250157322215474,-0.03306864460062239,-9.719582853086204e-05,-2.859451657430558e-05,9.467005218486124e-06,0.000550478759753222,0.0005639223477425091,-0.0012422231446543844,0.00019874242583597858,0.00014638913737213157,8.00248056293881e-06,-0.0002800671816100008,0.0012019682642702319,-0.0011178970777022017,0.08776043195669872
1781531064.7027948,0.007419916007819698,0.8554869215716325,0.37925760774375544,-0.26678254733511786,0.027353296733326316,-0.03329906653694953,0.007403350222951022,0.8554118566269231,0.37923924444135154,-0.2666755624273689,0.027250157322215474,-0.03306864460062239,-9.748814678744479e-05,-5.7658374828513276e-05,-1.229117593507694e-05,0.0010572766194587068,0.0005591651569805048,-0.0011966667020498803,6.269414176775165e-05,0.00024531426876852393,0.0002125370674371693,-0.00029524076832026245,0.00023755299866555648,-0.0004947392149684572,0.07903405612597
1781531064.7128012,0.007419299558720109,0.8554798320908457,0.37925559850977636,-0.26674002460011215,0.027355483871559505,-0.03330572039115694,0.007403350222951022,0.8554118566269231,0.37923924444135154,-0.2666755624273689,0.027250157322215474,-0.03306864460062239,-9.648753822950346e-05,-8.025946978949438e-05,-2.960231793329746e-05,0.001408062447145672,0.0005402973337458862,-0.0011297756960394094,-0.0001299515266964405,-0.00011291042173965842,-0.0001277758873072152,-0.0006842151191362195,0.0024469051870466382,-0.0014354616611511968,0.0717112303687967
1781531064.722762,0.0074187868869978425,0.8554739362216063,0.3792538537364606,-0.26670552120143587,0.02735711872239399,-0.03331018488285184,0.007402322197053446,0.8554147820005493,0.3792425152008635,-0.26669493452857534,0.027292400876935297,-0.03309890167602508,-9.446168146312698e-05,-9.738605306600105e-05,-4.31241465431011e-05,0.0016323518061054601,0.0005113727410932944,-0.0010487306854391944,-4.846754664148855e-05,0.00010610374759627492,0.0002196179237417175,-1.1571369765305773e-05,0.0012080423758229733,-0.0007808488306446834,0.06244093427637777
1781531064.7327447,0.007418365534088078,0.8554690785887804,0.379252341902094,-0.26667797086573825,0.027358294873828015,-0.033312886785256,0.007402322197053446,0.8554147820005493,0.3792425152008635,-0.26669493452857534,0.027292400876935297,-0.03309890167602508,-9.163845262259047e-05,-0.00010990083413927045,-5.3432680800179224e-05,0.0017557222552000147,0.00047570423646440906,-0.0009592991851426798,4.489411439900215e-05,-0.00012468678585339,-0.000145168874008962,-0.0007275854249914174,0.00023370750188656737,-0.00041721323300715864,0.0574636599410131
1781531064.7427707,0.007419248195366405,0.8554627958479599,0.3792516993954876,-0.2664848349961543,0.02730628426311066,-0.03323839681996678,0.007402322197053446,0.8554147820005493,0.3792425152008635,-0.26669493452857534,0.027292400876935297,-0.03309890167602508,-4.538747646339455e-05,-5.844446307369456e-05,-7.845596928476493e-05,0.0036502995434073487,-0.00033810664423580106,-0.00021994737827909605,0.00010610252132559503,0.0001113029206594809,0.00020033673694639954,-3.0437176720372656e-05,-9.240290385798474e-05,-0.00043544429971446413,0.051731696211817786
1781531064.7527487,0.007420150312567048,0.8554578925752421,0.3792510610748463,-0.26632574244003027,0.027262881800030003,-0.033175638297227264,0.007402322197053446,0.8554147820005493,0.3792425152008635,-0.26669493452857534,0.027292400876935297,-0.03309890167602508,-7.683329113873775e-06,-1.6396119167165356e-05,-9.754987667492873e-05,0.004969925028138545,-0.0009386009699176598,0.0003400531480272916,0.00017049633499722347,-3.110064156259394e-05,-0.00020406206743533544,-0.0007141364954382609,0.00018274272815400428,-0.0006536327818044938,0.04742779053714717
1781531064.7627983,0.007421075355252682,0.8554541941082596,0.3792504246448933,-0.26619651156804536,0.027227119259061183,-0.033123385975729946,0.007402322197053446,0.8554147820005493,0.3792425152008635,-0.26669493452857534,0.027292400876935297,-0.03309890167602508,2.2681903697631625e-05,1.7566917906069364e-05,-0.0001116418969174127,0.005822636462391778,-0.0013628301901312766,0.0007503409082447734,0.0002503141043452723,-8.912147649658266e-06,-3.349904405242962e-05,-7.830070195515484e-05,0.0004949582535238146,-0.0008594394740374711,0.044357124359840044
1781531064.7727985,0.007422019560886853,0.8554515302161129,0.3792497922953449,-0.26609319195996584,0.027198061597263568,-0.03308043462163797,0.0074041196926836195,0.8554171802647497,0.37924446376369686,-0.26670505424479685,0.027305867808118833,-0.03312450702765138,4.677089461784317e-05,4.4608941559141774e-05,-0.00012153997624084846,0.006302163692112972,-0.0016433798259652755,0.0010372216346872447,-0.0001836230126265365,-1.328038880109706e-05,-0.00030740196313354493,-0.0006286705605568892,0.00021978481475350592,-0.00016663258886266973,0.03909881954575295
1781531064.7827997,0.0074211903339099035,0.8554496778502144,0.37925120385233796,-0.2661092889460348,0.027206664368058187,-0.03312758367550368,0.0074041196926836195,0.8554171802647497,0.37924446376369686,-0.26670505424479685,0.027305867808118833,-0.03312450702765138,2.863740232741972e-05,2.350573216186113e-05,-0.00010258675176636252,0.005452419840947024,-0.0012380651816923313,0.00045225162755300357,8.148611648534996e-06,5.261880522090663e-05,6.224291089206107e-05,0.0003090671760814997,0.0005879019839374836,-0.0005374614997657463,0.03732195932430766
1781531064.7927985,0.007420528843471337,0.8554484065153067,0.3792523790901532,-0.2661278540358463,0.02721488579628706,-0.03316794033658915,0.0074041196926836195,0.8554171802647497,0.37924446376369686,-0.26670505424479685,0.027305867808118833,-0.03312450702765138,1.371745659050662e-05,6.266800732927803e-06,-8.607173369663251e-05,0.004666485983328263,-0.0009004979591073598,1.569746574616132e-06,1.2911160683580898e-05,0.00022239164804819324,0.0003337075460843908,0.0006656799836303219,0.0005554016737437389,-0.0004707523097889742,0.03615233528193293
1781531064.802798,0.007419998294338172,0.8554475902245987,0.37925335762566637,-0.26614776015895353,0.02722259658425341,-0.03320210303027249,0.0074041196926836195,0.8554171802647497,0.37924446376369686,-0.26670505424479685,0.027305867808118833,-0.03312450702765138,1.5663106128187925e-06,-7.651557324436916e-06,-7.172330431658802e-05,0.003949876448919128,-0.000622929081501122,-0.0003361571172841068,1.5429243760658618e-05,0.00014471377940159565,8.377436809531909e-05,0.0014210404580124656,0.00022210882536939102,-0.00026778360676233494,0.035440039916130824
1781531064.8127997,0.007419569681636055,0.8554471247296679,0.379254172956701,-0.266168126135753,0.027229713838316405,-0.033230689675806474,0.0074041196926836195,0.8554171802647497,0.37924446376369686,-0.26670505424479685,0.027305867808118833,-0.03312450702765138,-8.208149896062183e-06,-1.8727888499437908e-05,-5.929596333832813e-05,0.0033048252148304585,-0.0003979107709059975,-0.0005800052986406625,-1.2064285013661579e-05,0.0005079657084357302,0.0004082471309812731,0.0018560003900349705,0.0002662365592623687,-0.00020366502255192472,0.035066245402957094
1781531064.8227959,0.007419220344451722,0.8554469245677828,0.37925485325057706,-0.2661882791463065,0.027236191693667644,-0.0332543158849834,0.007405056421975753,0.8554250986966874,0.3792484121658769,-0.26667310170278746,0.027323595408249357,-0.03314221480934759,-1.5950818779302366e-05,-2.738236843195474e-05,-4.856828758113099e-05,0.0027310472831542183,-0.00021842470265280762,-0.0007468379678175251,0.00012028764436470123,0.00039656963014958864,0.0001735431037954209,0.001783656308578436,-0.0013057096308702876,0.0005208065155709028,0.02680434519056641
1781531064.8327777,0.007418932741203873,0.8554469203770481,0.37925542206450463,-0.266207720905257,0.027242013278690358,-0.03327357869096763,0.007405056421975753,0.8554250986966874,0.3792484121658769,-0.26667310170278746,0.027323595408249357,-0.03314221480934759,-2.1964312417575962e-05,-3.398299015943363e-05,-3.9340987976058914e-05,0.002226378098547876,-7.796631344699791e-05,-0.0008513984039578821,2.060805367718168e-05,0.0002997899718825516,9.303929745352747e-05,0.0018190742838457515,-5.460235966607568e-05,-5.518484205816041e-05,0.026793220184514074
1781531064.8427908,0.007418026594440884,0.8554497347504372,0.3792572640923342,-0.2662405413015956,0.02723422839225398,-0.03327393653975895,0.007405056421975753,0.8554250986966874,0.3792484121658769,-0.26667310170278746,0.027323595408249357,-0.03314221480934759,-2.330458457762816e-05,-2.8573135654792208e-05,-2.1054076299718465e-05,0.0016251286137223988,-0.0001504229918129011,-0.0007845769891252673,0.00011818923966435617,0.00046469983169186377,0.00025405594537028395,0.0021797336197599457,-0.0009919526307012691,0.0002654661800507318,0.029215015319926364
1781531064.8527951,0.0074172827880430925,0.8554522300636088,0.3792588374262286,-0.2662696203896373,0.027228003304332615,-0.033273578274836,0.007405056421975753,0.8554250986966874,0.3792484121658769,-0.26667310170278746,0.027323595408249357,-0.03314221480934759,-2.4085226335395688e-05,-2.386819905843162e-05,-6.107058039377721e-06,0.001130148823125538,-0.00020059619619023272,-0.000713033179709995,5.332445558544621e-05,0.00028234439374629714,0.0002163959309046244,0.002134860271761683,-0.00010470894330329783,-0.0001758152205016087,0.03153222401988428
1781531064.8627944,0.0074166797089822035,0.8554544216031034,0.3792601794529722,-0.266295100280827,0.02722311736770422,-0.0332726933215214,0.007405056421975753,0.8554250986966874,0.3792484121658769,-0.26667310170278746,0.027323595408249357,-0.03314221480934759,-2.4406720307174465e-05,-1.9788767957476183e-05,5.969389556260542e-06,0.0007283421923789907,-0.00023269943097859732,-0.0006399095848074823,6.243029900236339e-05,0.0004911437699947381,0.0005809967145408287,0.0028391094158004993,-0.00012319054388481334,-0.0002009343231309393,0.033666046502351776
1781531064.8727992,0.007416197709872449,0.8554563286823743,0.3792613222670211,-0.26631718597007425,0.02721936858847096,-0.03327143801312871,0.007408616894294007,0.855444862675699,0.37926355884492635,-0.2665627767823499,0.027308273969131713,-0.033139261357575486,-2.435554910827185e-05,-1.626316640923129e-05,1.5588399236852955e-05,0.0004073455449468758,-0.0002503844419429464,-0.0005676040488148395,3.0747506877370415e-05,0.0005846760868525131,0.00040889052901889864,0.002902060830878408,0.00020690906185162172,-0.00032181619528315835,0.013926246968932021
1781531064.8827968,0.007416345312054658,0.8554562425579366,0.3792670037381849,-0.26630911819510655,0.027200352943155925,-0.03320733012125421,0.007408616894294007,0.855444862675699,0.37926355884492635,-0.2665627767823499,0.027308273969131713,-0.033139261357575486,-5.383737272006347e-06,-1.3475748395140597e-05,4.98669451327209e-05,0.00043191258790837894,-0.000607445464930662,0.00011467482779868284,9.284187928887465e-05,0.00042459731576635824,0.0004896784429180265,0.002431745318252514,-0.00042261747794941726,-9.606385043766798e-05,0.014180883272514119
1781531064.8928044,0.007416559085480647,0.8554562083559443,0.37927183843125517,-0.26630273662151704,0.027184869241004384,-0.03315365832574953,0.007408616894294007,0.855444862675699,0.37926355884492635,-0.2665627767823499,0.027308273969131713,-0.033139261357575486,9.914541342205458e-06,-1.1067332633615084e-05,7.675297665655486e-05,0.0004384986146443345,-0.0008583506460567271,0.0006227448048291677,2.6975862637919408e-05,0.0001814954492198282,0.00021476120596774335,0.001054037870019746,0.000523492451046093,-0.0005748015699872657,0.01613550156797478
1781531064.9027965,0.007416830353751775,0.8554562158894585,0.379275931962064,-0.26629779295377554,0.027172455812404017,-0.03310927505155281,0.007408616894294007,0.855444862675699,0.37926355884492635,-0.2665627767823499,0.027308273969131713,-0.033139261357575486,2.2069961387475165e-05,-8.993686778384576e-06,9.736382279435652e-05,0.00043143144750780677,-0.0010228491713238919,0.0009863785719461027,0.00021798374946088204,0.0001608750838953562,0.0002869056977693456,0.0002988283315986025,-0.0010729909299634869,-0.00015292451619210607,0.01869359266263293
1781531064.9127371,0.007417148555041155,0.8554562561298845,0.3792793786931355,-0.26629406183810694,0.027162682681810546,-0.033073066217307934,0.007408616894294007,0.855444862675699,0.37926355884492635,-0.2665627767823499,0.027308273969131713,-0.033139261357575486,3.1548357437263385e-05,-7.21506041463793e-06,0.00011267595822910765,0.00041432759010086155,-0.0011181035529605836,0.0012318374413645438,-5.395014659256782e-05,-0.00014591013871765576,-0.0005639869309079045,-0.0007184710982201879,-0.00027517379205433063,-0.0004501386413709907,0.021280686801485475
1781531064.9227953,0.007417502351445852,0.8554563211928883,0.37928226270949233,-0.2662913412718563,0.027155155394177566,-0.03304397333070211,0.007414371146508392,0.8554511142561958,0.3792694390995728,-0.2665255664726337,0.027296962292147953,-0.03315828893518864,3.8757609592845666e-05,-5.695804780116752e-06,0.000123540410665097,0.00039017156337787373,-0.0011588684286712536,0.0013820329171952298,-8.920556328350198e-05,-1.994557121285512e-05,-3.498375274546474e-05,-4.951791777546326e-05,0.000127428655045509,-0.0005139670407752179,0.014190193989117174
1781531064.9327965,0.007419500957448589,0.8554492443427176,0.37927851289975206,-0.26620730374157275,0.02716378692519461,-0.03302073119758568,0.007414371146508392,0.8554511142561958,0.3792694390995728,-0.2665255664726337,0.027296962292147953,-0.03315828893518864,4.903778108470813e-05,-1.3292584873217726e-05,8.13224259105347e-05,0.0012581287869263993,-0.001008186432449598,0.0015006485624696135,4.56026571335218e-05,2.6258585282569695e-05,-0.00021238644962392645,-0.00025981133902918817,-3.567051527282496e-05,-0.00018964540600425786,0.01058987187795736
1781531064.9427953,0.007421257518375146,0.8554433570478405,0.3792752002891891,-0.266137818462868,0.02717157545170168,-0.03300275572280133,0.007414371146508392,0.8554511142561958,0.3792694390995728,-0.2665255664726337,0.027296962292147953,-0.03315828893518864,5.666906828367816e-05,-1.9222645430074905e-05,4.640052348815953e-05,0.0018740225738841606,-0.0008676930348100697,0.0015484424131554054,5.311522173093571e-05,6.69547022711677e-05,7.964325956448057e-05,0.00038419643371387965,-0.0006255886114059802,0.00026969549152018325,0.011865399477066768
1781531064.9527996,0.00742279273131614,0.8554385165166384,0.3792722762361229,-0.2660811387578935,0.027178519713710436,-0.03298921843171336,0.007414371146508392,0.8554511142561958,0.3792694390995728,-0.2665255664726337,0.027296962292147953,-0.03315828893518864,6.207720613083832e-05,-2.3739568402176252e-05,1.7778216042839907e-05,0.00228419476136179,-0.0007386782124053011,0.0015418646474889162,-0.0002365571520577763,3.074886304176231e-05,0.0003150835367325734,0.0006423265240318189,-1.0738653596438908e-05,0.00031212864739748523,0.01541672716353131
1781531064.9628117,0.007424126332085109,0.8554345882423464,0.3792696985249636,-0.2660356053635191,0.027184641720637615,-0.032979377098391244,0.007414371146508392,0.8554511142561958,0.3792694390995728,-0.2665255664726337,0.027296962292147953,-0.03315828893518864,6.563213276657846e-05,-2.7064828460034116e-05,-5.42427198565579e-06,0.0025289989588528966,-0.0006217945726723044,0.001494728874752718,6.534662764829797e-05,0.00027740588325429603,0.0005710794076105598,0.0012152841582328243,-0.001108539298097081,0.0006213822654666351,0.019192188018034757
1781531064.9727356,0.007425277077503164,0.8554314474415974,0.37926743026563203,-0.2659996699338718,0.02718998035022957,-0.0329725744305696,0.007416759737917944,0.8554540115504475,0.3792732651085471,-0.26651096795382634,0.027286367997753302,-0.03315891844698175,6.765430666583342e-05,-2.9391319102180877e-05,-2.3981875412493376e-05,0.0026431973909175743,-0.0005171992321777088,0.0014184951591596309,-1.5352287925737e-05,0.00029272084515101244,0.0004387111625689789,0.0010700458227700025,-1.021094426995492e-05,8.831547821509674e-05,0.02481389678496487
1781531064.9827898,0.0074262627229506545,0.8554289798866418,0.37926543899730825,-0.26597190961395667,0.0271945860849796,-0.032968234762351084,0.007416759737917944,0.8554540115504475,0.3792732651085471,-0.26651096795382634,0.027286367997753302,-0.03315891844698175,6.842040482225516e-05,-3.0886545473188837e-05,-3.857554650642574e-05,0.0026564112947206698,-0.00042467370126263464,0.001322546487300173,4.564308282577074e-05,0.0001890461621139227,0.0002238770444409305,0.0010816949387563665,-0.0015438264183440381,0.0010831059581641765,0.027895141773044953
1781531064.9927993,0.0074273142065486904,0.8554290116586736,0.3792684509749132,-0.26588089080258626,0.027173215890820668,-0.0329327929461104,0.007416759737917944,0.8554540115504475,0.3792732651085471,-0.26651096795382634,0.027286367997753302,-0.03315891844698175,8.574195704541871e-05,1.1302564247165255e-05,-2.8144971613490578e-05,0.0033495476810230067,-0.0007050591338551394,0.001490035386552149,0.00010518988369693011,0.0003147615219136664,0.00035466324197425776,0.0017722414503653773,-0.0024499021460201113,0.0015588379537970524,0.02756024817435585
1781531065.0027966,0.007428260626062181,0.8554293506617558,0.379270960313202,-0.26580745281464546,0.027155504300072186,-0.03290447529260124,0.007416759737917944,0.8554540115504475,0.3792732651085471,-0.26651096795382634,0.027286367997753302,-0.03315891844698175,9.856079647429738e-05,4.5027633893308545e-05,-1.941496075639484e-05,0.003777203892412793,-0.0008958448048724618,0.0015747444959910016,-0.00020668564965121798,0.00036063362106775263,0.00014776361788200422,0.0016048985338946262,-1.92829663546308e-05,0.0010300675749407029,0.027308276048711697
1781531065.0128047,0.007429116091551873,0.8554299415497241,0.3792730317422254,-0.2657491975513592,0.02714101953193393,-0.03288227032878807,0.007416759737917944,0.8554540115504475,0.3792732651085471,-0.26651096795382634,0.027286367997753302,-0.03315891844698175,0.0001076025512470671,7.153066853042876e-05,-1.2160735153112704e-05,0.003994238979340899,-0.0010142736468103707,0.0015951103745238272,-0.00020187569361904421,0.0003580364299034565,0.0004937545591035331,0.0024715427767735988,0.0005617575256321191,0.0008482853635904241,0.02705732562162016
1781531065.022792,0.0074298905503053245,0.8554307301920728,0.3792747245810622,-0.26570391265518,0.027129349530601976,-0.032865252957568675,0.007418214505472698,0.8554693364398709,0.3792901337018351,-0.26641245053247053,0.02722986458105936,-0.03309900599750032,0.00011349759564948585,9.190022699655969e-05,-6.183148734579822e-06,0.004047522171666214,-0.0010752459190450105,0.0015667082662088748,0.00010754288813009062,0.0005708994490923662,0.000676050879262865,0.003298392151820888,-0.0007246367836646607,0.0009632747307623717,0.04317653755192372
1781531065.0327926,0.007428578940009157,0.8554277345274429,0.379275464623128,-0.2657254682401997,0.027123583292987252,-0.03287821759674582,0.007418214505472698,0.8554693364398709,0.3792901337018351,-0.26641245053247053,0.02722986458105936,-0.03309900599750032,9.854185255049522e-05,5.719005384789985e-05,1.5338496014649045e-06,0.003374167197833988,-0.000981449785624113,0.0012426230622930839,8.599678828288745e-05,0.0006237179978839075,0.0007280090550240014,0.0036719615232373225,-0.0006808623126288274,0.0009975955725636436,0.045313601611884566
1781531065.0427418,0.007427472219246465,0.85542532258305,0.37927604459144376,-0.26574673291210144,0.027119302990602057,-0.032890459851606726,0.007418214505472698,0.8554693364398709,0.3792901337018351,-0.26641245053247053,0.02722986458105936,-0.03309900599750032,8.528715818666121e-05,2.8601002674097386e-05,7.709413251664713e-06,0.002777284252532935,-0.0008843075317183181,0.0009657843237650503,0.00023405645619272667,0.0004612164355505246,0.0004557494514228799,0.0032745855987547016,-0.002029503350630614,0.0014868945542824365,0.04713202614128509
1781531065.0527925,0.007426539633297471,0.8554233894113762,0.379276494390473,-0.26576719753751843,0.027116253192582818,-0.03290182579678247,0.007418214505472698,0.8554693364398709,0.3792901337018351,-0.26641245053247053,0.02722986458105936,-0.03309900599750032,7.356597051451708e-05,5.288076191771677e-06,1.2569303857834511e-05,0.00225403770614711,-0.0007873169502074412,0.000731923266250604,3.0522700688220326e-06,0.0006428069290911549,0.0006654771522636589,0.004330695915964997,-0.0019964363369311187,0.001782362856942243,0.04864635644345818
1781531065.0627537,0.0074257544461403925,0.8554218473828525,0.37927683894410097,-0.26578650254223857,0.027114208842482723,-0.032912224079782046,0.007418214505472698,0.8554693364398709,0.3792901337018351,-0.26641245053247053,0.02722986458105936,-0.03309900599750032,6.322436019278984e-05,-1.3493920589213426e-05,1.631142771817378e-05,0.001800287241211059,-0.0006930947274532434,0.0005366650992635306,-0.00015899058399350662,0.0005239291725552998,0.0005234018201243344,0.0036445382596670115,-0.0009765516583658312,0.0015981180792288502,0.04988799279359551
1781531065.0727475,0.007425093561997592,0.8554206236915852,0.3792770989101165,-0.26580441025261997,0.027112973799608087,-0.03292161273265136,0.007420871072595148,0.8554965255211748,0.3793181488850679,-0.26622594017950807,0.027176658100273254,-0.03302920975974585,5.4121276233113185e-05,-2.840062168016315e-05,1.9108821935285954e-05,0.0014110283255844508,-0.0006035257255822242,0.0003756753351418108,3.640950209471804e-05,0.0005158491667014583,0.0005157915438817194,0.003598069784877764,-0.0021009984814376955,0.0016206757552740393,0.08639454609702385
1781531065.0827942,0.007424537150054611,0.8554196581442193,0.37927729131446186,-0.26582078083587934,0.027112378954927463,-0.03292998793910376,0.007420871072595148,0.8554965255211748,0.3793181488850679,-0.26622594017950807,0.027176658100273254,-0.03302920975974585,4.6127793302323735e-05,-4.00074563946353e-05,2.111236673332269e-05,0.0010807458969900841,-0.000519894870466201,0.0002447683152701675,9.324355774478909e-05,0.0005162375263604331,0.000883753983314161,0.003480806210489927,-0.0021281500673288644,0.00139791215621739,0.08712849614099831
1781531065.0928104,0.007425867968431012,0.855420922375091,0.37927371122104375,-0.26586939819064337,0.027136493061698852,-0.03296189830925825,0.007420871072595148,0.8554965255211748,0.3793181488850679,-0.26622594017950807,0.027176658100273254,-0.03302920975974585,3.6438248822496345e-05,-5.028383733743823e-05,2.996521162949486e-06,0.00044145059988218323,-0.00011764084820514687,-4.879545901332038e-05,1.85245311329165e-05,0.0003010834153018774,0.0005509942553170044,0.0028266128667411637,-0.0012036529529949828,0.0009189929699081903,0.08783797954007308
1781531065.102796,0.007426958234369098,0.855422007821007,0.37927064646715564,-0.26591069525330635,0.02715688986863296,-0.03298872383707836,0.007420871072595148,0.8554965255211748,0.3793181488850679,-0.26622594017950807,0.027176658100273254,-0.03302920975974585,2.819803304322982e-05,-5.789629278740629e-05,-1.1584362261576691e-05,-4.963558865193657e-05,0.00018697399353024104,-0.00026741755558026196,1.87958870888811e-05,0.00028860724583900727,0.0005181042322651364,0.0027554893319869252,-0.0006815653131231277,0.0005564815392162609,0.08858002531202402
1781531065.112792,0.007427831795704433,0.8554229214898788,0.3792680385822343,-0.2659453769336136,0.02717394335164469,-0.03301100500636922,0.007420871072595148,0.8554965255211748,0.3793181488850679,-0.26622594017950807,0.027176658100273254,-0.03302920975974585,2.122571133471488e-05,-6.327376283160323e-05,-2.314271838229176e-05,-0.00041623130127488273,0.00041009312193358036,-0.0004239040163526703,-6.775382588515244e-06,0.00041754440973489326,0.00048444681859465455,0.0024731829949218684,-0.0003094365422666641,0.00029424488755633933,0.0893143187809893
1781531065.1227906,0.007428513408853389,0.8554236751795256,0.37926583364164657,-0.2659741525021291,0.0271880251870098,-0.03302927120688552,0.007426127919940628,0.855514933898863,0.37933762966008294,-0.26609246917075946,0.027131426866401798,-0.03299187910575693,1.5359567341948953e-05,-6.678890859013747e-05,-3.212821462275472e-05,-0.0006795157614515427,0.0005660430114164995,-0.0005295508200573018,1.1093677481498998e-05,3.491989667886661e-06,9.76743482082942e-05,0.0017103094079017587,-3.8508226457791245e-05,3.0110976641202658e-05,0.11614005629317975
1781531065.1327364,0.007429027716700712,0.8554242836690039,0.37926398226720925,-0.26599771507965225,0.02719949515876996,-0.03304402902275337,0.007426127919940628,0.855514933898863,0.37933762966008294,-0.26609246917075946,0.027131426866401798,-0.03299187910575693,1.0455763121977252e-05,-6.876448994491479e-05,-3.8934432665254464e-05,-0.0008581857630761211,0.0006673965800904405,-0.0005942132984538792,-1.9381928465006707e-05,1.82367414528822e-05,-7.101843116430655e-05,0.0007251135851491598,0.0003084069286180171,-0.00017063527201748952,0.11683240762669028
1781531065.1427948,0.00742716904285533,0.8554237538212017,0.37926231296730684,-0.26605962974503283,0.0272128335830788,-0.03307243726520405,0.007426127919940628,0.855514933898863,0.37933762966008294,-0.26609246917075946,0.027131426866401798,-0.03299187910575693,-1.2324837170983167e-05,-9.490650338352768e-05,-3.941559643806609e-05,-0.0014319854806875395,0.0008165341094304041,-0.0007901748072753306,-1.1812109845678243e-05,-2.858061493973869e-05,-0.00012058540354208375,0.0004140273599296453,2.642669720306169e-05,-4.790885028885989e-05,0.11826873936071536
1781531065.1527958,0.0074254981094652745,0.8554231903253704,0.379260949184377,-0.266110366415098,0.027223518353470366,-0.033095434308543364,0.007426127919940628,0.855514933898863,0.37933762966008294,-0.26609246917075946,0.027131426866401798,-0.03299187910575693,-3.0456323282850642e-05,-0.00011469004816142987,-3.9302426168551014e-05,-0.001822716641394143,0.0009059263900609385,-0.0009153738357452413,0.00032810881212107283,-5.778514603937608e-05,-0.00017951578930923138,0.000275457199774414,-0.0006654693393608886,-9.981452051354195e-05,0.11957079615406081
1781531065.1627889,0.007423996791528277,0.8554225968100684,0.3792598508568872,-0.2661513389079013,0.027231922732336322,-0.03311374724081198,0.007426127919940628,0.855514933898863,0.37933762966008294,-0.26609246917075946,0.027131426866401798,-0.03299187910575693,-4.4625881008014785e-05,-0.00012911850740748528,-3.871357446848735e-05,-0.0020655854053094258,0.0009481068344677834,-0.0009841256599717625,-0.000252393974966082,2.1887708312160424e-06,-3.662318875916336e-09,-2.309087648675303e-07,-2.611620838904757e-05,0.00031000672824586746,0.1207485896478435
1781531065.1727955,0.0074226500354841445,0.8554219812009589,0.37925898112274814,-0.26618387384505265,0.027238388714976525,-0.03312804911292676,0.007426479822972065,0.8555171716251102,0.37934325460068596,-0.2660597620961895,0.0271354683947036,-0.03299410258306597,-5.543536630847599e-05,-0.00013906522453034702,-3.775031983576246e-05,-0.0021910179410073445,0.0009537585794644818,-0.0010087014046887466,-4.480241148690942e-06,-1.0201292161749803e-05,-1.7745240981512404e-05,-1.9087566238198462e-05,0.00028054680584018896,-0.00015911781559105288,0.12719238658835874
1781531065.1827486,0.007421445048421217,0.8554213537625971,0.37925830644820246,-0.2662091961963933,0.027243225527904036,-0.03313895405335687,0.007426479822972065,0.8555171716251102,0.37934325460068596,-0.2660597620961895,0.0271354683947036,-0.03299410258306597,-6.341050852153898e-05,-0.0001452880843946803,-3.649870999474058e-05,-0.00222502608670751,0.0009318859966449608,-0.0009995046720957053,1.6599671932948055e-05,-7.070425191371661e-06,-1.0658679528628813e-05,-2.3851093338013302e-05,-2.2981972410421603e-05,-6.18049426070287e-05,0.12815069387919775
1781531065.1928127,0.007422402547240079,0.8554179810417826,0.37925717538134723,-0.26621202023720286,0.027252567878169875,-0.033156851137665866,0.007426479822972065,0.8555171716251102,0.37934325460068596,-0.2660597620961895,0.0271354683947036,-0.03299410258306597,-5.959668859356469e-05,-0.00015846017702324258,-4.0960158561388114e-05,-0.0020076261211403774,0.0009799332861251749,-0.0010519861109968467,-2.5396480995113133e-05,-5.884896770016053e-05,-0.00010236290876613901,-0.00012055920237782836,0.0004129432802344801,-0.0002266115647712991,0.13139645352990495
1781531065.2028308,0.007423171573071341,0.8554150460132317,0.37925626574855237,-0.2662125203251743,0.02725981177185366,-0.033170735017235206,0.007426479822972065,0.8555171716251102,0.37934325460068596,-0.2660597620961895,0.0271354683947036,-0.03299410258306597,-5.577990578974985e-05,-0.00016702652800914096,-4.4022682893282795e-05,-0.0017897815010037693,0.000989111297306388,-0.0010625117867513816,6.436527010194635e-05,0.006361412004401405,-0.04685225533408865,-0.05484652014207835,0.0005551040996542573,-9.919657065408337e-05,0.13419256877519128
1781531065.2127361,0.0074237803659288485,0.8554125076889364,0.3792555431643287,-0.2662112654208847,0.027265285080932955,-0.03318123189632209,0.007426479822972065,0.8555171716251102,0.37934325460068596,-0.2660597620961895,0.0271354683947036,-0.03299410258306597,-5.2009106982327066e-05,-0.0001717869688919868,-4.59233831142821e-05,-0.001577566718004786,0.0009689143358839123,-0.0010413136067795703,7.02607190743698e-06,-0.0001684895922033551,-0.0002907838336533901,-0.00036144809960625597,-1.9925511994891463e-05,-5.2185080342268336e-05,0.13658375698295774
1781531065.222735,0.007424254522438843,0.8554103277502231,0.37925497772567535,-0.2662087298808874,0.027269281924722888,-0.03318890368547783,0.007426479822972065,0.8555171716251102,0.37934325460068596,-0.2660597620961895,0.0271354683947036,-0.03299410258306597,-4.832300274229721e-05,-0.00017343180770357513,-4.686731832943051e-05,-0.0013753790785100079,0.0009272603147616847,-0.0009969262876940463,-6.292746276854158e-06,-3.4114163931049827e-06,3.784342255984194e-06,-4.2390867070888105e-06,0.00029621260675804687,-0.00021975460010748496,0.13861230906741345
1781531065.2327929,0.00742461692120338,0.8554084703919276,0.37925454354876714,-0.2662053041897059,0.027272063086539067,-0.033194248738632984,0.007425802457567132,0.8555159729413844,0.37934419935061714,-0.2660630247664346,0.02714822781824955,-0.03300178257928024,-4.4751595710612524e-05,-0.00017255468304062238,-4.7031227666961005e-05,-0.0011862388646044148,0.0008706692546194462,-0.0009363792984336412,-1.1525440312285506e-05,-6.525472432456247e-05,-5.2948567686197226e-05,-0.0003339235448797649,0.00030772462866929923,-0.00020412778938812867,0.13998702240402988
1781531065.242797,0.0074204428656169845,0.8554056986862251,0.37925352183186256,-0.2661857374158617,0.02726307403411954,-0.03320247277265696,0.007425802457567132,0.8555159729413844,0.37934419935061714,-0.2660630247664346,0.02714822781824955,-0.03300178257928024,-6.543460172556109e-05,-0.00017048551376284285,-5.3080537460023806e-05,-0.0008406767540326212,0.0007045517252299667,-0.0009465569137962106,-7.461284137136894e-06,-8.975451024174319e-05,0.00016063525027415943,-6.165244212563146e-05,0.0006150266493007803,-0.00048683934775923003,0.14286899238217593
1781531065.2527962,0.007416858322023072,0.8554033853943683,0.3792526839828473,-0.2661684804900551,0.027255118187163863,-0.03320838095615786,0.007425802457567132,0.8555159729413844,0.37934419935061714,-0.2660630247664346,0.02714822781824955,-0.03300178257928024,-8.120924082324081e-05,-0.00016666421565344588,-5.726417664711335e-05,-0.0005587465578553209,0.0005608012526471234,-0.0009282724247046234,-9.526578090832917e-06,-2.6873950525627753e-05,-0.0003099729255293984,-0.0006200066617701621,0.0008867074756531593,-0.0006415254773674918,0.14536511218917642
1781531065.2627602,0.007413797693932808,0.8554014782781885,0.37925200175977664,-0.2661534266556402,0.027248154190233853,-0.03321239221813309,0.007425802457567132,0.8555159729413844,0.37934419935061714,-0.2660630247664346,0.02714822781824955,-0.03300178257928024,-9.284369404264484e-05,-0.00016148477528540764,-5.989709460386602e-05,-0.0003322109486952067,0.0004377441838338747,-0.0008891628400849016,0.00023440199167226424,-4.0106546307869404e-05,0.00025125093235411525,0.0002895403738442103,0.0008868738626162664,-0.0009535036072585218,0.14749080651706145
1781531065.2727919,0.0074112008745684105,0.855399928405022,0.3792514510508831,-0.2661404356110906,0.027242123924475337,-0.033214872371218396,0.007425802457567132,0.8555159729413844,0.37934419935061714,-0.2660630247664346,0.02714822781824955,-0.03300178257928024,-0.00010100709685703559,-0.0001552806835432962,-6.125177344593696e-05,-0.00015338163704971594,0.00033356015154199824,-0.0008355203268229257,-6.8872130955665605e-06,-0.00022400520394713004,-0.00035350695445869487,-0.0006984189676127198,0.0006084013486014086,-0.0004850936969707933,0.14927085364928094
1781531065.2827747,0.007409013006976687,0.8553986903879262,0.3792510112884202,-0.2661293457628129,0.027236958298282987,-0.03321613741755683,0.007424066795648054,0.8555129659630598,0.37934444788888133,-0.2660738850754957,0.027185493641609604,-0.03302796154184466,-0.00010628059499276604,-0.00014833264132918368,-6.156315108780276e-05,-1.519216802222287e-05,0.00024636866913486076,-0.0007724571796560221,-8.841837653033749e-05,-5.979835618973387e-05,-7.935529015900833e-05,-0.0003504082073680493,0.0015420860782587083,-0.000871491016640529,0.1483776328535515
1781531065.2927475,0.007408177148118589,0.8554099328292794,0.3792564333004145,-0.2661932972744585,0.027210325922862655,-0.03320683371681368,0.007424066795648054,0.8555129659630598,0.37934444788888133,-0.2660738850754957,0.027185493641609604,-0.03302796154184466,-9.247117976646185e-05,-9.585351375217336e-05,-1.5267442924448815e-05,-0.0007144584733326793,-8.774482598228025e-05,-0.0006666475801935686,-2.8008797658541073e-05,-0.00010083129859003059,0.00016843070886138825,-7.165389002560744e-05,0.0009087821974695613,-0.0006351689792710212,0.13643634170639105
1781531065.302793,0.00740921539298667,0.8554159555156464,0.37925609889142387,-0.2662028967426177,0.027210160288647423,-0.03321856882298334,0.007424066795648054,0.8555129659630598,0.37934444788888133,-0.2660738850754957,0.027185493641609604,-0.03302796154184466,-8.132924773667295e-05,-5.512582097086601e-05,-1.5261238036719084e-05,-0.0007377731511950087,-4.622060818607237e-05,-0.0007178994156784927,1.89147345572015e-05,-1.538242789585386e-05,-2.448358330422773e-05,-4.01176278601398e-05,0.000568196633271609,-0.0005730820339661264,0.1320497497918738
1781531065.312796,0.0074101489324634355,0.8554210944365944,0.37925583631381615,-0.26621027630897925,0.027210235263886773,-0.033227814033093536,0.007424066795648054,0.8555129659630598,0.37934444788888133,-0.2660738850754957,0.027185493641609604,-0.03302796154184466,-7.135427968806353e-05,-2.1732222517755084e-05,-1.5062881537750802e-05,-0.0007350473073335664,-1.3842657521272022e-05,-0.0007366496952108847,7.443118570343138e-05,-0.00016357148890532039,-0.0002798974105427138,-0.0003574906343471812,0.00020723930465690882,-0.0005432438827954522,0.12839819128881375
1781531065.3227932,0.0074109855762414705,0.8554254595387619,0.3792556345601242,-0.2662157905792073,0.027210488494380458,-0.03323494058614326,0.007424066795648054,0.8555129659630598,0.37934444788888133,-0.2660738850754957,0.027185493641609604,-0.03302796154184466,-6.244251196693927e-05,5.35063111152705e-06,-1.4712784262322928e-05,-0.0007128847674985787,1.0796012925230757e-05,-0.0007305344450035061,0.00015115993023580884,4.9671215556313114e-05,6.0214378950516e-05,0.00028997464742667767,-0.0005214261327220292,-0.00029781387503760565,0.12536466790723652
1781531065.3327954,0.007411733102138389,0.8554291494496457,0.3792554838599779,-0.266219756304945,0.027210868371954744,-0.033240284630697364,0.007424065983003547,0.8555098370031526,0.37934291343372295,-0.26607735431092894,0.027212596839143677,-0.03305620251120513,-5.449717407021808e-05,2.702422096913253e-05,-1.4245309653300715e-05,-0.0006767655972087771,2.8961460869938884e-05,-0.0007059557102909439,9.329469612874619e-05,-6.462041197297112e-05,-8.27284522312312e-05,-0.0003798969585548572,0.0001704019742250476,-0.0005768791134383169,0.1196098307273005
1781531065.342791,0.007415427691758215,0.8554324247505497,0.3792542298679465,-0.26625289187080947,0.0272180571081313,-0.03320454715213991,0.007424065983003547,0.8555098370031526,0.37934291343372295,-0.26607735431092894,0.027212596839143677,-0.03305620251120513,-2.650869355820763e-05,3.096986753178362e-05,-1.7239378205787284e-05,-0.0009752414544944295,-1.0988784381150903e-06,-0.00023197574709860557,3.0054689649253883e-05,-0.00017150581227215052,-0.0002971346877825426,-0.000350753370949761,0.0008210100149259707,-0.000845643830339408,0.11803411272817617
1781531065.3528004,0.007418612186463355,0.8554351147187573,0.3792531914449038,-0.2662798605250909,0.027224161191976126,-0.033174283612231376,0.007424065983003547,0.8555098370031526,0.37934291343372295,-0.26607735431092894,0.027212596839143677,-0.03305620251120513,-3.704400760303795e-06,3.3744906993992736e-05,-1.942449563020186e-05,-0.0011721842448944094,-2.3593982752605595e-05,0.00012951106006612993,3.8488254925792715e-06,-9.447716882330172e-05,0.00016093255571645175,-7.466313596945729e-05,0.0010997732164390542,-0.0009519785517998131,0.11688968713969111
1781531065.3627906,0.00742134742174351,0.8554372957552251,0.37925234058090646,-0.26630147035150536,0.02722928533808955,-0.03314894987444866,0.007424065983003547,0.8555098370031526,0.37934291343372295,-0.26607735431092894,0.027212596839143677,-0.03305620251120513,1.4649211778640199e-05,3.554505193627127e-05,-2.0932521150946276e-05,-0.0012876608986854316,-3.980446156931476e-05,0.00039681570966300475,-0.00023326610547939934,-3.679522245389646e-05,0.00023430426448352513,0.00025998205160958576,0.0011366036673139618,-0.0007187368280011651,0.11607353226954531
1781531065.3727963,0.007423687775531841,0.8554390382149433,0.37925165171375774,-0.2663184734989576,0.02723353486455604,-0.033128003300194775,0.007424065983003547,0.8555098370031526,0.37934291343372295,-0.26607735431092894,0.027212596839143677,-0.03305620251120513,2.919737878874466e-05,3.653976806711555e-05,-2.187788725509932e-05,-0.0013389368344848866,-5.08619846510689e-05,0.0005862360272636791,9.261615559579373e-06,-9.682601664232131e-06,1.6796880680222e-05,3.1696242934019943e-06,0.0013418746757007318,-0.001180000444423965,0.11550460156987181
1781531065.3827977,0.007425681779115486,0.8554404061278785,0.3792511017280831,-0.26633155961836613,0.02723701265463241,-0.0331109172260155,0.007424307992218493,0.8555071922567348,0.37933971007239,-0.2660829559441591,0.027242783876377574,-0.033093356964441795,4.050629624719786e-05,3.6875303508499436e-05,-2.2359586737079767e-05,-0.0013407057920828836,-5.775561799566685e-05,0.0007121153220368574,-0.000150424487087043,-8.325786162695114e-05,-0.00010893697389017761,-0.00042593954217896575,0.00046790610072690786,-0.0005177418136855056,0.11096717072563617
1781531065.3927882,0.007427372678548141,0.8554414571459739,0.37925066989886286,-0.2663413526561522,0.027239816945839435,-0.03309719137336552,0.007424307992218493,0.8555071922567348,0.37933971007239,-0.2660829559441591,0.027242783876377574,-0.033093356964441795,4.9071535664395434e-05,3.6677414814982956e-05,-2.246296348154335e-05,-0.0013053324321649301,-6.134048248695732e-05,0.0007869398361032375,7.817326497940681e-05,0.00015791550970164952,0.00027921967199008026,0.0003048144891039808,0.00018638876199034916,-0.0005349665661448018,0.11071878607891443
1781531065.4027646,0.007425349422239677,0.8554474002868308,0.3792519135884926,-0.2664367096481137,0.02724791119150649,-0.033106710113068566,0.007424307992218493,0.8555071922567348,0.37933971007239,-0.2660829559441591,0.027242783876377574,-0.033093356964441795,2.7024004157257198e-05,2.994262253462995e-05,-1.242477464442833e-06,-0.0022010137813495293,5.7954856535859445e-05,0.0006240785459949431,9.800913821552716e-05,-0.00023979498265786061,-0.0003772540116179258,-0.0007523645425717261,-0.0004182411033547602,-0.0001300570181372109,0.10622799455058013
1781531065.4127917,0.007423575942636017,0.8554522297148767,0.3792530502312143,-0.26651490698623725,0.027254516594428235,-0.03311525582032107,0.007424307992218493,0.8555071922567348,0.37933971007239,-0.2660829559441591,0.027242783876377574,-0.033093356964441795,8.982416212334139e-06,2.415670867388084e-05,1.580850244420662e-05,-0.0028118693744675874,0.00014575586204598957,0.00048497016474813304,2.787066811047921e-05,-6.346301001973423e-05,-7.47995866142615e-05,-0.0003659767135110992,-5.8654403578014585e-05,-8.659979972781892e-05,0.10262234150850483
1781531065.4228008,0.0074220224051175,0.8554560879764662,0.3792540911409804,-0.26657810669693327,0.027259825678403793,-0.03312283839468448,0.007424307992218493,0.8555071922567348,0.37933971007239,-0.2660829559441591,0.027242783876377574,-0.033093356964441795,-5.61470255225555e-06,1.9205842336880256e-05,2.9296261561296085e-05,-0.0031925939858610075,0.00020755501710489812,0.00036746661010696505,2.8852581227934696e-06,-0.00015636403211294404,8.722365100069598e-05,-0.0004423980304948475,-2.1179530447678588e-05,3.615057629658846e-07,0.09973701813208513
1781531065.432751,0.0074206631327356064,0.8554591090715955,0.37925504455587455,-0.26662833923982543,0.02726401818494195,-0.03312949165653266,0.007426488265715514,0.8555027274552025,0.37933579385375804,-0.26610130889245553,0.027250743305861302,-0.03311306547478854,-1.726173361802944e-05,1.498806223644627e-05,3.975265908740148e-05,-0.003390467847893271,0.0002481796106463297,0.00026936706344215253,-2.3378956571634825e-05,-0.0001874794538528814,-0.0002317862972346802,-0.001081070584558745,4.624494982552476e-05,7.51183632847506e-05,0.09196164782884933
1781531065.4427938,0.007421006313835465,0.8554515353394478,0.3792520595542704,-0.26662046450049687,0.02726075855991361,-0.03313584778250041,0.007426488265715514,0.8555027274552025,0.37933579385375804,-0.26610130889245553,0.027250743305861302,-0.03311306547478854,-1.3170809741234125e-05,-3.1040586048272324e-05,1.7015328105726977e-05,-0.0029324686573149236,0.000205034712558492,0.0001636706826472452,-3.544177302070443e-05,-0.000126527399625798,-0.00015001243566528866,-0.0007325838570928717,5.432418967498671e-05,6.509779415180105e-05,0.09829607022939808
1781531065.4527924,0.007421291544639426,0.8554448766089932,0.37924953852737514,-0.26661115108253725,0.027257795847905664,-0.033141289311644326,0.007426488265715514,0.8555027274552025,0.37933579385375804,-0.26610130889245553,0.027250743305861302,-0.03311306547478854,-9.71983835134532e-06,-6.759783339439514e-05,-1.453192249924135e-06,-0.0025090356880550424,0.00016709622560990602,7.999573535911913e-05,-1.4550652396560151e-05,-3.541826404023925e-05,4.3140423153333964e-05,-0.0007771101016589245,-0.00025404178545854016,0.00029013978345845563,0.10398897848570907
1781531065.4627924,0.007421528365088238,0.8554390517596303,0.37924741777073556,-0.26660101464781233,0.027255136691485493,-0.03314589661444045,0.007426488265715514,0.8555027274552025,0.37933579385375804,-0.26610130889245553,0.027250743305861302,-0.03311306547478854,-6.826330948345233e-06,-9.608847690732534e-05,-1.626081113653218e-05,-0.0021230925437652564,0.00013409698494570212,1.5111143121797669e-05,-1.6991471978830432e-05,-0.00020415831940125628,6.268498952142006e-05,-0.0007344939313991716,-0.0002533049453576184,0.0002938430480038814,0.10903910707279085
1781531065.4727974,0.007421724825333072,0.8554339836376516,0.37924564148023077,-0.2665905390187716,0.02725277775794499,-0.03314975274401705,0.007426488265715514,0.8555027274552025,0.37933579385375804,-0.26610130889245553,0.027250743305861302,-0.03311306547478854,-4.417004344283245e-06,-0.00011774246204923188,-2.7941929043341155e-05,-0.0017758035793755495,0.00010570166771773336,-3.391838245242815e-05,0.00017338685222843635,-0.00035999243464017775,-0.0005185262406037346,-0.001436280973107356,0.00037243601885945845,-0.0002842582455434315,0.11347181706642902
1781531065.4827938,0.0074218876919027316,0.8554295992495268,0.37924416090105206,-0.2665800959914773,0.027250708332329454,-0.03315294049032308,0.00742611609516558,0.8554930463349317,0.37932539861848596,-0.26615443453278215,0.02724968095659741,-0.03310952442386496,-2.426893700995853e-06,-0.0001336337834195207,-3.6965164277804436e-05,-0.0014669831337204005,8.153304742881768e-05,-6.972615551688064e-05,0.0002292761754885692,-0.0001895795045030964,-0.0002218489330928147,-0.0010835729558574562,6.408386618258932e-05,-0.0002291815804702464,0.10316481364499924
1781531065.492795,0.00742395659126451,0.8554329409793724,0.3792427277360294,-0.26653054063112286,0.02723041345718258,-0.033111750905202145,0.00742611609516558,0.8554930463349317,0.37932539861848596,-0.26615443453278215,0.02724968095659741,-0.03310952442386496,2.573788623960369e-05,-8.229219232119688e-05,-5.0123963192954995e-05,-0.000778081831638407,-0.00025950907701735126,0.0003131494991488262,-4.39225726627046e-05,-0.00018395583549097452,-0.00021798548554560477,-0.0010624338923740657,0.0003421382463338028,-7.465401365857547e-05,0.1022340062315825
1781531065.502796,0.007423190995123908,0.8554354073461384,0.379241559694866,-0.26652882822820606,0.02726164685333554,-0.03316562548812818,0.00742611609516558,0.8554930463349317,0.37932539861848596,-0.26615443453278215,0.02724968095659741,-0.03310952442386496,-1.41979248743023e-06,-5.904772218211082e-05,-5.4235557848733636e-05,-0.0006584210112802029,0.0002526128872748773,-0.0001984004636329216,1.700157590647765e-05,-2.6371315971079788e-05,5.7379451397658246e-05,-0.0007452782534243411,-0.00030284329596884575,0.00011579503776199638,0.10178297673541067
1781531065.512802,0.0074224632539977966,0.8554375194353072,0.3792405999092169,-0.26652677819525017,0.027287741362367557,-0.03321070171551099,0.00742611609516558,0.8554930463349317,0.37932539861848596,-0.26615443453278215,0.02724968095659741,-0.03310952442386496,-2.3203257641364933e-05,-3.9639491015038976e-05,-5.684901606525154e-05,-0.0005507403371167821,0.0006294151503036734,-0.0005762553598542886,-2.6288909102120287e-05,-0.00021529814582967806,2.2811844044439107e-05,-0.0007723639068324166,0.00029423652993116543,-0.0001830592823506171,0.10142682546649431
1781531065.522796,0.007421763966307707,0.8554393245097947,0.3792398187734924,-0.2665245310343444,0.02730927117808757,-0.03324795177981189,0.00742611609516558,0.8554930463349317,0.37932539861848596,-0.26615443453278215,0.02724968095659741,-0.03310952442386496,-4.0396429801225234e-05,-2.3556811496619653e-05,-5.822669540034662e-05,-0.00045498351956518954,0.0008945125078672533,-0.0008435945046560947,1.501020051741955e-05,-0.00023457136881974632,-0.0003518508727013718,-0.0007268865626235997,0.00028698127926729945,-0.000320699511116504,0.10113795227697107
1781531065.5327713,0.007421088958010346,0.8554408638237501,0.3792391902718308,-0.2665221974732279,0.027326791471897316,-0.033278318337224805,0.0074253270975020436,0.8554830507145044,0.37931448527606626,-0.26621200894636105,0.027258804503139444,-0.033116562754149995,-5.3686783034628485e-05,-1.0347579438342684e-05,-5.859486803100787e-05,-0.0003707819877757251,0.0010686564781960497,-0.0010208104035408952,1.197047352392092e-05,-8.970428264921775e-05,-0.00039688850153392287,-0.00100874301333146,0.0002826743366294826,-0.0002938449906948094,0.08641199708771329
1781531065.5427933,0.007420448675524759,0.8554393175867933,0.3792397944626076,-0.2665154705990403,0.027325247630835436,-0.03329276128919911,0.0074253270975020436,0.8554830507145044,0.37931448527606626,-0.26621200894636105,0.027258804503139444,-0.033116562754149995,-5.5344973024235916e-05,-1.638190808219522e-05,-5.179257849343344e-05,-0.00025255722403606833,0.0009772443148600837,-0.001065857214483062,0.0002646781996259867,-0.00012783131227980885,-0.00014845898565872943,-0.0007230860510708978,0.0002958485236094903,-0.000598186774575737,0.08668969417124316
1781531065.5527968,0.0074198618725048494,0.8554379945198703,0.379240345332618,-0.2665095484638165,0.027323341373640897,-0.03330372816382497,0.0074253270975020436,0.8554830507145044,0.37931448527606626,-0.26621200894636105,0.027258804503139444,-0.033116562754149995,-5.5974846425813374e-05,-2.101852970172396e-05,-4.567561851896872e-05,-0.00015706170987483763,0.0008820029567497011,-0.0010704334989538572,1.1364918953542519e-05,-6.846867773934653e-05,-8.085875408547278e-05,-0.0003905453963769511,0.0005637003184926329,-0.0005322160695421398,0.08692905483022541
1781531065.5627928,0.007419329301896295,0.8554368702781655,0.37924084548760706,-0.2665043914079999,0.027321215716920033,-0.03331179034597424,0.0074253270975020436,0.8554830507145044,0.37931448527606626,-0.26621200894636105,0.027258804503139444,-0.033116562754149995,-5.5771233742694605e-05,-2.4474358943204816e-05,-4.018633081220366e-05,-8.121055667670032e-05,0.0007864993993535731,-0.0010445614123312207,-0.0002422224342480817,-5.8468366307130194e-05,-7.162622442410488e-05,-0.0003452735095639076,0.0005827205697312007,-0.00019974879204685134,0.08712878225300628
1781531065.5727985,0.007418850785521683,0.8554359221394309,0.3792412978446488,-0.26649994877340716,0.02731898383145892,-0.033317455461915405,0.0074253270975020436,0.8554830507145044,0.37931448527606626,-0.26621200894636105,0.027258804503139444,-0.033116562754149995,-5.4901100787233785e-05,-2.6938490899588013e-05,-3.527047639945208e-05,-2.2154609045415837e-05,0.0006934134808495663,-0.000996583648764713,2.4173340861421398e-05,-0.00017607753321379518,-0.0002696216336454093,-0.0006022645433758839,0.00025889448552824545,-0.0003401437777947848,0.08728943419918905
1781531065.5827956,0.007418425320703111,0.8554351290759038,0.37924170550846426,-0.2664961630469508,0.027316733426378415,-0.03332116947127721,0.007424761549815362,0.8554788892501686,0.37930970088857446,-0.2662343907336404,0.027284607472853217,-0.03313938117077246,-5.350692871959004e-05,-2.857529184617187e-05,-3.087724770674533e-05,2.2700664009557817e-05,0.0006046869599521108,-0.0009333561822643245,-9.380420681757026e-05,0.000153158543085786,0.00026727885058451534,0.00029375795301990265,-0.0004116880775439537,1.320765153564569e-05,0.0811077824094456
1781531065.5927973,0.0074180512009776964,0.8554344717796667,0.37924207167179336,-0.26649297315335874,0.027314530731109787,-0.03332331992233685,0.007424761549815362,0.8554788892501686,0.37930970088857446,-0.2662343907336404,0.027284607472853217,-0.03313938117077246,-5.17097376975215e-05,-2.9527193739920896e-05,-2.695923557913417e-05,5.568798640584594e-05,0.0005216554201664758,-0.0008604333752736123,0.00030697786976595533,-3.666330330036148e-05,-0.00031421136290667086,-0.0006597252385555813,0.00017306275519063806,-0.0007687037391736753,0.08118898588930834
1781531065.602792,0.007418021986426781,0.8554345906028198,0.3792418102641891,-0.266437137370075,0.02730172375760609,-0.03331131136002144,0.007424761549815362,0.8554788892501686,0.37930970088857446,-0.2662343907336404,0.027284607472853217,-0.03313938117077246,-4.070987774388439e-05,-2.1729535888642938e-06,-3.390955946816151e-05,0.0006555909351300565,0.0002953205967476932,-0.000676890108825856,-0.00016919037396831703,2.9566584676744704e-05,-0.000246511606596041,-0.0003080260833323024,0.00048257672726579844,-0.00041763908177293665,0.0813445065817687
1781531065.6127934,0.007418447557537119,0.8554393793573671,0.3792431326262687,-0.26641405400241025,0.027292522973298317,-0.03328393134172966,0.007424761549815362,0.8554788892501686,0.37930970088857446,-0.2662343907336404,0.027284607472853217,-0.03313938117077246,-2.7617019740267075e-05,3.8516759633628076e-05,-2.617795842521036e-05,0.000827863744316983,8.751173988903987e-05,-0.000341183242625171,2.8838138458357427e-05,-0.0001800918570440233,-0.00030727471079820476,-0.0004003244026772687,0.000823240564139187,-0.0008418294466766817,0.07766744281925037
1781531065.6227694,0.007418843711502036,0.8554435452459274,0.37924425941900497,-0.2663953903749383,0.027284788923142234,-0.03326057896384951,0.007424761549815362,0.8554788892501686,0.37930970088857446,-0.2662343907336404,0.027284607472853217,-0.03313938117077246,-1.675648916383388e-05,7.069332253829361e-05,-1.963953536852342e-05,0.0009342811850626797,-7.058656031534792e-05,-8.03096601557071e-05,7.991807019089486e-05,0.00022328958899192294,0.00035176388801960484,0.0006526209595895797,0.00045813469176609136,-0.0007731535769225041,0.07461102723807259
1781531065.6327553,0.007419216178288489,0.855447160581416,0.3792452141572633,-0.2663805491504634,0.027278365625705625,-0.03324088354659935,0.007426711325972335,0.8554769186118005,0.379307136646557,-0.2662445046494881,0.027304372664346044,-0.03316996709009984,-7.825625063397438e-06,9.562804720156696e-05,-1.4141812024369404e-05,0.0009884424579038402,-0.00018711116171893314,0.00011735288477812794,6.209980453816397e-05,-0.00023926197630626933,-0.00037692185133863485,-0.0007434238642190777,0.0004885599238674425,-0.0007213598420015,0.06910942259560622
1781531065.6427956,0.0074195684086576,0.8554502888057208,0.3792460183783657,-0.2663689781408768,0.027273100314017418,-0.03322446725880665,0.007426711325972335,0.8554769186118005,0.379307136646557,-0.2662445046494881,0.027304372664346044,-0.03316996709009984,-5.570085194573732e-07,0.00011443327027033994,-9.549196206259826e-06,0.0010019673860004901,-0.00026929664203475027,0.00026224284944433734,0.00012250987017213015,0.00018513913326760191,4.5441334672402564e-05,2.828245692639517e-05,-0.000188170258438675,-0.00048299266457241567,0.0670493142866874
1781531065.6527927,0.007418281766027282,0.8554479652951276,0.37924421420050336,-0.2663462634243184,0.027271929428514863,-0.0332417381705362,0.007426711325972335,0.8554769186118005,0.379307136646557,-0.2662445046494881,0.027304372664346044,-0.03316996709009984,-1.0107729045270966e-05,0.00010262210876789281,-2.332500573638981e-05,0.0011457010059308455,-0.0002026197058300201,4.8417851455278687e-05,-7.673508566706554e-05,-1.1355428681517701e-05,-1.4319157185034053e-05,-7.652404769860375e-05,-0.0007991301010706589,0.00010533473760909445,0.06977525524573756
1781531065.662794,0.0074178660644452,0.8554450129561592,0.37924425734263767,-0.2662643659874762,0.027250668950477674,-0.03320623074684605,0.007426711325972335,0.8554769186118005,0.379307136646557,-0.2662445046494881,0.027304372664346044,-0.03316996709009984,2.700426488419089e-06,0.00011295552160024498,-3.184492833350958e-05,0.0019041361109181972,-0.0005063937293607023,0.0003558839490836931,0.00012213211296339312,-0.00016286141990266674,-0.00026284248147957025,-0.00034316057902362913,-0.00045677433641142667,-0.0002150382430895946,0.07106346723015475
1781531065.6727912,0.007417583683826882,0.8554426327660106,0.379244250336066,-0.26619724397083905,0.02723314755441808,-0.03317680495157488,0.007426711325972335,0.8554769186118005,0.379307136646557,-0.2662445046494881,0.027304372664346044,-0.03316996709009984,1.2948252738408344e-05,0.00011981964684543849,-3.828098587955612e-05,0.002420284591991132,-0.0007201387422575901,0.000576517080924543,3.085106863288781e-05,1.0485025298936135e-05,-0.00023837089468192675,-0.00028985725930707297,0.00022091614110822212,-0.000334947298075143,0.07220471674230043
1781531065.682831,0.0074174182741490674,0.8554407554078298,0.3792441994303872,-0.26614302984825894,0.027218907835529604,-0.03315274105756005,0.007430774935075657,0.8554761272367728,0.37930559303107036,-0.26624788908660696,0.027305033025269987,-0.033191839022857925,2.1010865013954695e-05,0.0001238117457208816,-4.29626211250315e-05,0.002740767488614784,-0.0008605775840583318,0.0007260497041059088,3.410617614356118e-05,-2.1213246248121444e-06,-2.1777000740180867e-06,-1.1032205823147975e-05,-4.752702586570056e-05,-0.00012648486723660003,0.0721022945455004
1781531065.692795,0.007417352650305179,0.8554393127262105,0.3792441119250935,-0.26609997105499644,0.027207517124942626,-0.03313335310779035,0.007430774935075657,0.8554761272367728,0.37930559303107036,-0.26624788908660696,0.027305033025269987,-0.033191839022857925,2.7217084694280293e-05,0.00012544767498715161,-4.617653217728808e-05,0.0029058722763702126,-0.0009422466267820888,0.00081821587579816,3.6918030987190456e-05,-7.479412279331787e-06,-1.3913885810749618e-05,-7.701427298197135e-06,-0.00030604336559036444,7.811837938503395e-05,0.0729067370586362
1781531065.7027647,0.007419116702789385,0.8554517114610245,0.3792470205948889,-0.26619598226819247,0.027222928597059992,-0.03315757261175184,0.007430774935075657,0.8554761272367728,0.37930559303107036,-0.26624788908660696,0.027305033025269987,-0.033191839022857925,2.5816936709489395e-05,0.000154535996094838,-1.257654931806293e-05,0.001547673588982387,-0.0006075387682816921,0.000518142991306282,6.305856173120404e-05,5.839524511242163e-05,6.14640974878992e-05,0.000323500063710777,-0.0003716136641167336,6.194633870068733e-06,0.06451956885831582
1781531065.712871,0.007420630165823812,0.8554622497214988,0.37924952536677214,-0.26627817407640153,0.027236302330150064,-0.03317855042344495,0.007430774935075657,0.8554761272367728,0.37930559303107036,-0.26624788908660696,0.027305033025269987,-0.033191839022857925,2.4365808695922217e-05,0.00017592919134974133,1.4555972495608479e-05,0.00048765730354384225,-0.00034012263452315705,0.00027912672204917694,1.1649871847718721e-05,6.45806595679602e-05,7.64810260387238e-05,0.00037333510501237665,-5.185483321299068e-05,-1.308154057554785e-05,0.058643710261309094
1781531065.722814,0.007421913730597639,0.8554711287062928,0.3792516833839705,-0.2663477616169633,0.02724778341369616,-0.03319652498013656,0.007430774935075657,0.8554761272367728,0.37930559303107036,-0.26624788908660696,0.027305033025269987,-0.033191839022857925,2.2892142549303033e-05,0.0001908738726591383,3.615279361612815e-05,-0.00031992547710767627,-0.00013044604129556543,9.240034221222416e-05,1.5367765592931777e-05,9.23481668273379e-05,0.00040839766631181325,0.0010175734812247433,-3.357144285641279e-05,-5.032214831800427e-05,0.05486124590451234
1781531065.7327936,0.0074229891399341386,0.8554785392354985,0.3792535425619074,-0.2664060003690899,0.02725753233629913,-0.03321175715898275,0.007431772106276324,0.8554770401176616,0.37930567347120936,-0.2662356896941236,0.02729993168184608,-0.03319303583188525,2.1419056240955845e-05,0.00020045249581280108,5.303204918755833e-05,-0.0009162626464600748,3.0228684315708763e-05,-5.003600324659724e-05,7.659138405365486e-05,0.00011382654639077353,0.00011392254158422873,0.0006631653328177201,-0.0006588135825746325,0.0001827642110897154,0.05288685618095782
1781531065.7427578,0.00742594006598095,0.855477873055811,0.37924900310422954,-0.2663615956531572,0.027219461416349233,-0.03312280867739138,0.007431772106276324,0.8554770401176616,0.37930567347120936,-0.2662356896941236,0.02729993168184608,-0.03319303583188525,6.747080890793688e-05,0.00020122497236785294,1.4552231810872702e-05,-0.0003579125271084235,-0.0006295673894951907,0.0007824701527260861,4.607500466872962e-05,-7.485296287969451e-05,-0.00047211452254985217,-0.0002916063877651762,-0.0003456113661157421,6.603116981756476e-05,0.0569757577711323
1781531065.7527924,0.007428550318929348,0.8554772128361926,0.3792450901824078,-0.2663239443839762,0.027187805611888383,-0.033048842318187346,0.007431772106276324,0.8554770401176616,0.37930567347120936,-0.2662356896941236,0.02729993168184608,-0.03319303583188525,0.00010358499591801414,0.00019929537108966783,-1.6522724045259853e-05,7.023734871148841e-05,-0.0011066999857227372,0.0013848182353893971,4.5767209108269766e-05,8.095941009634055e-05,-0.0001698599852149908,6.433601427369621e-05,-0.00033550374386913314,6.305839885075797e-05,0.06066914065166114
1781531065.7627914,0.007430868277587076,0.8554765783025742,0.3792417259666325,-0.26629238327982874,0.027161823624533676,-0.03298812590732304,0.007431772106276324,0.8554770401176616,0.37930567347120936,-0.2662356896941236,0.02729993168184608,-0.03319303583188525,0.00013126396859882325,0.0001952210642781872,-4.125950463144054e-05,0.00038911296141715704,-0.0014339079234041163,0.0017982293228685237,5.237990724262226e-05,6.987350142065156e-06,8.789078606313499e-06,4.062758249607484e-05,-0.00028296402217281347,9.815557911414672e-05,0.06395555895368737
1781531065.772791,0.00743293139845226,0.8554759815205191,0.3792388421260988,-0.26626624879447014,0.027140804571682997,-0.03293899896408084,0.007431772106276324,0.8554770401176616,0.37930567347120936,-0.2662356896941236,0.02729993168184608,-0.03319303583188525,0.00015182065699223017,0.00018947667104887055,-6.0594728148057484e-05,0.0006173845751668743,-0.0016398253095548133,0.0020587605539042295,1.9921942327521896e-05,-5.4785223419302886e-05,0.00019370346073479942,0.00019680567496963673,-0.0002894660423304674,0.00014357649229423106,0.06684978141732018
1781531065.782793,0.007434768919221134,0.8554754288678058,0.3792363786198652,-0.2662448953266802,0.0271240798380179,-0.03289990016836396,0.0074329025678362415,0.8554777582730435,0.3793052564386483,-0.2662260418078375,0.027291622219812517,-0.03319104259160757,0.00016639929266063226,0.00018246436457586835,-7.534872975319082e-05,0.0007715212656325801,-0.0017492268922756436,0.0021976129545536495,0.00026581416529101234,3.135158246111473e-05,-0.00023462994451703683,-0.00027355647413198855,-0.0003429125505322586,-6.012005129569756e-05,0.06894246381275894
1781531065.7927659,0.0074364039873613865,0.8554749226138191,0.37923428264736603,-0.2662277083719182,0.027111030800491154,-0.03286938522579687,0.0074329025678362415,0.8554777582730435,0.3793052564386483,-0.2662260418078375,0.027291622219812517,-0.03319104259160757,0.00017599418198052853,0.0001745230644343043,-8.623810122098444e-05,0.0008658920286042196,-0.001783317547799004,0.002241494998926455,-0.00020433050449578284,-0.00021788549638592086,-0.00034876228450650903,-0.0006820653662139582,-0.0008988441674639519,0.0008367615303729587,0.0711166643685604
1781531065.802794,0.007435880599215948,0.8554841997648288,0.3792351294802547,-0.26630754584016425,0.027132343797637182,-0.03291815463197181,0.0074329025678362415,0.8554777582730435,0.3793052564386483,-0.2662260418078375,0.027291622219812517,-0.03319104259160757,0.00014488682733617987,0.0001881522374261906,-6.521589568772647e-05,-8.578831667780632e-05,-0.0012241042425464293,0.0015445542909500957,4.814644403539207e-05,3.966012731465747e-06,5.166393916930804e-06,1.3068455993036014e-05,-0.0014825626368116015,0.00107556393779363,0.0704851174423565
1781531065.8127933,0.0074343298273950465,0.8554864522658453,0.37923727219475756,-0.26634199554970783,0.027155265017744235,-0.03298321979529986,0.0074329025678362415,0.8554777582730435,0.3793052564386483,-0.2662260418078375,0.027291622219812517,-0.03319104259160757,0.00010698365043071404,0.00017645495299301226,-4.275886342616341e-05,-0.00043323374679882275,-0.0006621770939827516,0.0007567708681183644,5.886476409891828e-05,-2.4580703275346696e-05,-0.0002975904969137497,-0.0006128085532240825,-0.0021126944845785995,0.0015022945987014386,0.06855275339535499
1781531065.8227806,0.0074329351909646615,0.8554882211536762,0.3792391520226506,-0.2663705967641351,0.027174946006162548,-0.03303877657506127,0.0074329025678362415,0.8554777582730435,0.3793052564386483,-0.2662260418078375,0.027291622219812517,-0.03319104259160757,7.520040613751443e-05,0.0001648288236714502,-2.4189162625995188e-05,-0.0006817043949597947,-0.00022301628767372846,0.00014579836500994495,0.00025416857057676854,3.93714860005134e-05,-0.00023923873552838659,-0.0002629421506896021,-0.0017380813186017446,0.0011517762239857483,0.06692732438845782
1781531065.8327618,0.007431669379858193,0.855489572964941,0.37924079929234716,-0.2663940328135035,0.02719166075178303,-0.03308568821076316,0.0074359574452125266,0.8554780014501324,0.3793029369269204,-0.2662283434874603,0.02722456374701121,-0.03314308192225551,4.873280541750923e-05,0.00015340713062654717,-8.97540412217239e-06,-0.0008492151866708231,0.00011213826670099448,-0.00031597217533716013,-9.57420963621597e-05,-0.00017956213886885654,-0.0005933047743367993,-0.000937184802915786,-0.0009933244374648567,0.0013280227242769966,0.06335118854296405
1781531065.8427372,0.007430512477560696,0.8554905688719544,0.37924224048540384,-0.26641295710951796,0.027205695687198217,-0.03312483815623532,0.0074359574452125266,0.8554780014501324,0.3793029369269204,-0.2662283434874603,0.02722456374701121,-0.03314308192225551,2.6867832021863114e-05,0.00014229427798386407,3.3515202369470618e-06,-0.0009514802094189838,0.00036018994565652234,-0.0006533111611388402,4.580967763180654e-05,1.2186204591559807e-05,1.4995218232520672e-05,7.550999236712082e-05,0.0002714659734438173,0.0004641458189668756,0.062222550387748224
1781531065.8527474,0.007427733054830432,0.8554818211050451,0.37924372660969946,-0.26639293129597846,0.027158368252159892,-0.03310174487646132,0.0074359574452125266,0.8554780014501324,0.3793029369269204,-0.2662283434874603,0.02722456374701121,-0.03314308192225551,3.1584295227433986e-05,8.486810410825011e-05,9.651212009935713e-06,-0.0006358344746178208,-0.00024392809349162327,-0.00047488574597225855,3.8095109752764914e-05,-9.808223489352642e-05,-0.00020605883718452742,2.7496247851724176e-05,-0.0014809249023058782,0.0010616270807490087,0.05990068468902889
1781531065.8627884,0.007425409935699605,0.8554742489764745,0.3792449988315673,-0.26637549491150386,0.027118892184907928,-0.03308196049880956,0.0074359574452125266,0.8554780014501324,0.3793029369269204,-0.2662283434874603,0.02722456374701121,-0.03314308192225551,3.497034017336391e-05,3.7692548418350017e-05,1.4586144778649927e-05,-0.00038192607311524166,-0.0006898961337468277,-0.00032820044566606965,0.0002181159058823252,1.5014663693167035e-06,4.026327915581608e-06,1.495368740436497e-05,-0.0005752004059590328,0.00029101654188047154,0.05900977807637241
1781531065.872768,0.007423496134679663,0.8554677241663745,0.3792460807062723,-0.2663604758468527,0.02708637950579229,-0.03306519675455577,0.0074359574452125266,0.8554780014501324,0.3793029369269204,-0.2662283434874603,0.02722456374701121,-0.03314308192225551,3.7245456431302584e-05,-6.563240042077698e-07,1.8362955050056774e-05,-0.0001812258364980213,-0.0010051604181180078,-0.00020931168002990297,-1.8202109764251344e-05,-0.0002157645480290634,-0.00034351323745728223,-0.0006606033494320129,-0.0002808279530415015,0.0002579825435004119,0.05910614729470213
1781531065.882821,0.007421944314565652,0.8554621287467404,0.3792469941529717,-0.2663476790014746,0.027059974266808062,-0.0330511550020056,0.0074347092616589006,0.8554786305437689,0.379299326434383,-0.2662314919728688,0.027199021646181043,-0.033110473247940725,3.859992093110477e-05,-3.1433452922162925e-05,2.116219965232022e-05,-2.588661783081906e-05,-0.0012138631950603654,-0.00011450389986012738,-4.4976339417411756e-05,3.775484181792464e-05,-0.00025202534594756813,-0.00028096074056741937,0.0006315503561640359,-0.0003105131505137626,0.05633756169002695
1781531065.8929346,0.007419984722761285,0.8554556633509358,0.3792491739586167,-0.2662751077211938,0.027064548536654298,-0.03305817803886815,0.0074347092616589006,0.8554786305437689,0.379299326434383,-0.2662314919728688,0.027199021646181043,-0.033110473247940725,2.1456382698090634e-05,-3.816879554837432e-05,2.4969900763985242e-05,0.0007712772920337218,-0.0010129972682532337,-0.00016280690619877532,5.2296780280889816e-05,-3.1474632282694903e-06,-3.214184355261378e-06,-1.648977557892059e-05,-9.526388951501264e-05,-0.00017501247249995257,0.05709268620300376
1781531065.9027917,0.007418726415650731,0.8554587688926301,0.3792496372347832,-0.26623287376693977,0.02704780367753923,-0.033010054147474446,0.0074347092616589006,0.8554786305437689,0.379299326434383,-0.2662314919728688,0.027199021646181043,-0.033110473247940725,2.5873803669007582e-05,2.1802292308982296e-06,2.096433545072831e-05,0.0011339362363808427,-0.0012169532139162781,0.0003135390662981057,8.195037885582311e-05,-9.482111593506027e-06,-1.0416985002647646e-05,-5.16779966226237e-05,-9.38390771402093e-05,-0.0003211331295978583,0.0558475882142823
1781531065.9127939,0.007417751871609303,0.8554615488450649,0.379249986899047,-0.26619840838418796,0.027034720688844383,-0.03297015033905448,0.0074347092616589006,0.8554786305437689,0.379299326434383,-0.2662314919728688,0.027199021646181043,-0.033110473247940725,2.9092143263799538e-05,3.454371733524032e-05,1.748313573991666e-05,0.0013746272883328426,-0.0013364575620356679,0.0006618657387802463,0.00012309012795782897,-6.704024753573001e-05,-7.80809113533583e-05,-0.0003876730794901116,-0.0007417563409391028,2.5727155494145798e-05,0.054897424849318824
1781531065.9228065,0.007417020139730664,0.8554640382415449,0.37925023923778345,-0.26617070700350254,0.027024739879534687,-0.032937497642314656,0.0074347092616589006,0.8554786305437689,0.379299326434383,-0.2662314919728688,0.027199021646181043,-0.033110473247940725,3.13071128917018e-05,6.0086552733496465e-05,1.4466992991890228e-05,0.0015173430813893753,-0.0013894144337453036,0.0009047374394129116,6.798003595181428e-05,-0.00023791826063781064,-0.0003752674269891389,-0.0007386864036338338,7.994391373819705e-05,-0.0004045495574642939,0.05417926899464233
1781531065.9327424,0.007416493061604292,0.8554662658556491,0.379250409448344,-0.2661488318248615,0.02701735689114315,-0.03291117161229176,0.0074357994415725215,0.8554769235804298,0.37929771254546263,-0.26624076508309835,0.027203839821307696,-0.03312543028497851,3.2688538133957604e-05,7.983029759687755e-05,1.1862403079114993e-05,0.0015827424534097742,-0.001391060265113152,0.001061947394521043,-0.0001505409310877569,6.165066210199054e-05,7.345880205394355e-05,0.0003305043429659791,-0.00042831554715433277,0.00017411141996575102,0.05219105672425955
1781531065.9427898,0.007416135744874206,0.8554682557493021,0.3792505114604659,-0.2661319207384498,0.027012122644497483,-0.0328903064578564,0.0074357994415725215,0.8554769235804298,0.37929771254546263,-0.26624076508309835,0.027203839821307696,-0.03312543028497851,3.3383312261520666e-05,9.466851497526532e-05,9.621199532126553e-06,0.001588420823008594,-0.0013542156486075214,0.001150670755566125,-0.0001189499568047292,-4.820596186767416e-05,-5.350385211980848e-05,-0.00032490929996563525,-0.0009817933774187142,0.0005619839359225006,0.0518626521609797
1781531065.952792,0.007414166749094945,0.855451505299987,0.3792522248254574,-0.26608183733904844,0.027038594782393677,-0.032949268828504366,0.0074357994415725215,0.8554769235804298,0.37929771254546263,-0.26624076508309835,0.027203839821307696,-0.03312543028497851,8.336992278500289e-08,4.816575657357641e-06,1.4199714465702913e-05,0.0019791676401732434,-0.0007583423742033622,0.0004802328800622164,0.00028115061112634883,4.775299784665659e-05,5.042942872702991e-05,0.0003462562749932453,-0.0003900606205350975,-0.0001880944086963611,0.056419810667633796
1781531065.9627323,0.007412482623553119,0.8554373202303419,0.3792536354840748,-0.26604154785923084,0.027061417588167158,-0.03299946954596347,0.0074357994415725215,0.8554769235804298,0.37929771254546263,-0.26624076508309835,0.027203839821307696,-0.03312543028497851,-2.6649986148221925e-05,-6.737517983163031e-05,1.7695298532485485e-05,0.0022177649318458406,-0.0002911225194166169,-3.52542886773937e-05,-0.00019409866394877757,6.310205671230982e-05,7.259589884113002e-05,0.00034945441759513357,-0.0006462681894980525,0.0005744897910177427,0.0636779921269516
1781531065.9727936,0.007411033794487446,0.8554253801402786,0.37925478428735165,-0.2660096992593829,0.02708088098623973,-0.033041731453030604,0.0074357994415725215,0.8554769235804298,0.37929771254546263,-0.26624076508309835,0.027203839821307696,-0.03312543028497851,-4.777312429424053e-05,-0.00012447507103096326,2.0277242173910553e-05,0.002335830895372362,6.69140336783321e-05,-0.0004205304736967503,7.302093018891293e-05,0.00012304244479822084,0.0001462030839692079,0.0007036659506553009,-0.0013138478390616228,0.0006753160640538314,0.07150453721694171
1781531065.9827633,0.007409781123026477,0.8554153954890072,0.3792557082525894,-0.2659850467361555,0.027097294244808,-0.03307688835937618,0.007438647159982992,0.8554790954840128,0.37929967795684727,-0.26622289213054884,0.02716516847106054,-0.033108228584773663,-6.412487850228181e-05,-0.00016873610515854057,2.209302396327809e-05,0.002360355192508156,0.00033334387217257206,-0.00069769688775019,5.1921184577675104e-05,0.00018027160929792748,0.00021074746927450208,0.0010559892041289373,-0.0009590336397631343,0.0005277396835111275,0.08260915412837101
1781531065.9927897,0.007408433955372762,0.8554173202679329,0.37925854581772844,-0.26589549998603806,0.02706327580120993,-0.03304573797489374,0.007438647159982992,0.8554790954840128,0.37929967795684727,-0.26622289213054884,0.02716516847106054,-0.033108228584773663,-4.855362822323143e-05,-0.00010630876565729172,2.75319860585089e-05,0.003071052893282578,-0.000150709745336885,-0.000391132329154622,0.00024524306560438046,6.41481513567886e-06,-8.447841828708163e-05,0.0006785585432904957,-0.00038342819513814474,-3.182210514474477e-05,0.08013031837590463
1781531066.002788,0.0074097118792065195,0.8554127900513265,0.37925857570690963,-0.265833880118731,0.027049415156393142,-0.03304006582446729,0.007438647159982992,0.8554790954840128,0.37929967795684727,-0.26622289213054884,0.02716516847106054,-0.033108228584773663,-2.9598077282664203e-05,-0.00010119653599991859,1.8248305476372807e-05,0.0034068165280862865,-0.00029651982629118106,-0.0003284623072459189,0.00022060304696277928,-0.00016741397027980988,-0.0006743653991337159,-0.0002390095475694383,-2.3447773711361656e-05,-0.0001854125246499224,0.08320490266361928
1781531066.0127938,0.0074108698001830835,0.8554092490746694,0.37925851083738027,-0.265785174703959,0.02703809896755871,-0.033035076011128664,0.007438647159982992,0.8554790954840128,0.37929967795684727,-0.26622289213054884,0.02716516847106054,-0.033108228584773663,-1.4006032204510398e-05,-9.581031241856508e-05,1.0564391389419022e-05,0.003565139226309184,-0.00039765260480092497,-0.000272513389443773,-1.2441809558541948e-05,-4.021771481154558e-05,-0.00014225464128544033,0.0003989644109786675,-4.867464949879011e-05,9.723231616571306e-05,0.08570200896610555
1781531066.0227973,0.007411919569829623,0.8554065487120993,0.3792583702663582,-0.26574747884057887,0.027028999030856538,-0.03303073387182448,0.007438647159982992,0.8554790954840128,0.37929967795684727,-0.26622289213054884,0.02716516847106054,-0.033108228584773663,-1.3116863738190954e-06,-9.027238279280252e-05,4.262089888630397e-06,0.003586177663993058,-0.0004625422205718514,-0.00022313221440121506,1.1597092720535525e-05,1.896023771338737e-05,-7.204493492332988e-05,0.0007394250447803272,-0.00036873089013661855,0.00017336148106265528,0.08765685075344835
1781531066.0327973,0.00741287076916899,0.8554045548549849,0.3792581713956541,-0.26571906389111033,0.027021808766581445,-0.033026995752971786,0.007438919014287282,0.855479479971635,0.37929662211567494,-0.2661933913389186,0.027146976027055736,-0.033096536220820705,8.895614045851848e-06,-8.468283881900932e-05,-8.512335616121444e-07,0.003503777736344812,-0.0004985000862849411,-0.0001800240030840322,1.329342091780366e-05,-5.6276157729392286e-05,-0.00016793114355615572,0.00035400094396593064,-2.678922496845928e-05,-4.738372362745203e-05,0.08815181251053394
1781531066.0427973,0.007413731319567409,0.8554031478569203,0.37925792977351497,-0.26569838060400564,0.02701624618801457,-0.03302381244933436,0.007438919014287282,0.855479479971635,0.37929662211567494,-0.2661933913389186,0.027146976027055736,-0.033096536220820705,1.6977044319998016e-05,-7.91226854298574e-05,-4.945286353982756e-06,0.0033461304261492813,-0.0005117962791471519,-0.00014279610935040928,-2.607933979060377e-06,-7.588094220045647e-05,-0.0002679685205732436,0.0007548515698214988,0.00020850072425625314,-0.00017246241174221624,0.08920823417119796
1781531066.0527914,0.007411995518737545,0.8554011221004197,0.37926032896410283,-0.2656518910478499,0.02698967918021067,-0.033013301671371065,0.007438919014287282,0.855479479971635,0.37929662211567494,-0.2661933913389186,0.027146976027055736,-0.033096536220820705,1.8480843359333404e-05,-6.672998950453895e-05,4.780431364316862e-06,0.003485262572976716,-0.0007658967345395718,-9.267402644625498e-05,3.150419677241395e-05,-6.791645032946381e-05,-3.2417204648350368e-06,0.0013261695261871063,0.0001907485563100074,-0.0003280546410888297,0.0904545380013456
1781531066.0627935,0.007410588850980888,0.8553996962352146,0.3792623064472297,-0.26561599244838763,0.02696803470767728,-0.033004564385744936,0.007438919014287282,0.855479479971635,0.37929662211567494,-0.2661933913389186,0.027146976027055736,-0.033096536220820705,1.945388180461971e-05,-5.59359292060229e-05,1.2527403518150133e-05,0.0034941086686960734,-0.0009353202021722048,-5.257959087148414e-05,3.0803417417498166e-05,-0.00018342245538607586,-0.0005181377647331402,0.000739948971836651,0.00019929900004941152,-0.0003324659580172233,0.09135429848127685
1781531066.0727992,0.007409468622313849,0.85539876710038,0.3792639210362045,-0.26558901188324957,0.026950671068631582,-0.03299739484626599,0.007438919014287282,0.855479479971635,0.37929662211567494,-0.2661933913389186,0.027146976027055736,-0.033096536220820705,1.998851050950129e-05,-4.656198237311965e-05,1.8587729853890998e-05,0.0034050936461981303,-0.0010366606696032262,-2.109675701969805e-05,7.002117289296423e-05,-8.848717804338529e-05,-0.0003875948620320061,0.0013885720032606457,-9.884788654888186e-05,-0.0002009021938309496,0.09193070092274544
1781531066.082792,0.007408594628107785,0.8553982427679194,0.37926522536808227,-0.2655694517909437,0.026936990257112825,-0.032991596053544195,0.007438919014287282,0.855479479971635,0.37929662211567494,-0.2661933913389186,0.027146976027055736,-0.033096536220820705,2.0164421356453098e-05,-3.8446841928355406e-05,2.3217271720951903e-05,0.0032451911478358214,-0.0010842150219034612,3.071376544092664e-06,8.325071000411386e-05,-0.0005917782736637005,-0.001260283060216074,0.000334601018037974,-0.0004329032259110139,-0.00012939300956532176,0.09222151280522334
1781531066.0927896,0.00740792969133724,0.8553980423563146,0.37926626620775655,-0.26555598699187816,0.026926443380677956,-0.032986982937114065,0.007440313973157198,0.8554725271250192,0.3792766169044474,-0.26614465680782073,0.027147281400518253,-0.03310410885883926,2.0050134168690145e-05,-3.1445064525437844e-05,2.6639557233408416e-05,0.0030365520030832746,-0.0010901676695055833,2.1096894830875392e-05,7.30305074632362e-05,-0.0009232097766048473,-0.0014915147953872684,-0.0004651456278192124,-0.00044100927322655414,-2.0398221556269957e-05,0.081877099362182
1781531066.1027892,0.007407439974741498,0.8553980955776819,0.3792670848124682,-0.2655474577378255,0.026918533374991505,-0.03298338441558116,0.007440313973157198,0.8554725271250192,0.3792766169044474,-0.26614465680782073,0.027147281400518253,-0.03310410885883926,1.9704331924461762e-05,-2.5425784710625897e-05,2.904932592388946e-05,0.002797107140014822,-0.0010647867050251323,3.4026244505254506e-05,0.00021205665130289038,-0.0006298765705586458,-0.0009313784091743037,-3.138735696048773e-05,0.0002524744125972144,-0.0004455936082508266,0.08192445171232442
1781531066.1127894,0.0074085355406941006,0.8554046671085876,0.37926054180994556,-0.2656060673750913,0.026954478369780155,-0.03299964257045873,0.007440313973157198,0.8554725271250192,0.3792766169044474,-0.26614465680782073,0.027147281400518253,-0.03310410885883926,6.679976625114931e-06,-7.112231034252966e-06,-7.255407158552476e-06,0.0018566821205905418,-0.0005233204576452804,-3.790217943454489e-05,0.0001136367401025287,-0.0003439252928997997,-0.0007939504522793535,0.00037315845355197913,-0.0007515082617026937,6.244323022904767e-05,0.07663719242734499
1781531066.1227894,0.007409460450002981,0.855410359880101,0.3792549188663291,-0.2656570711036108,0.02698518321533716,-0.03301341155104073,0.007440313973157198,0.8554725271250192,0.3792766169044474,-0.26614465680782073,0.027147281400518253,-0.03310410885883926,-3.860268224347759e-06,7.679517372850129e-06,-3.6307938810287854e-05,0.0011012308867766642,-0.0001032940923378659,-9.076014428457848e-05,7.616544087581621e-05,-3.3358868099215994e-05,-0.0002545939426296539,0.0010270583534692118,-0.0004137997744000013,-3.144659783948564e-05,0.07271527411718419
1781531066.1327486,0.007410222755984598,0.8554152516830431,0.3792501126673321,-0.26570097978138296,0.027011121457411358,-0.03302493830974315,0.007440313973157198,0.8554725271250192,0.3792766169044474,-0.26614465680782073,0.027147281400518253,-0.03310410885883926,-1.2272780292302292e-05,1.945662858992345e-05,-5.917047278184431e-05,0.0005050530503212742,0.0002142443809146934,-0.00012788191235718274,7.764871129714832e-05,0.0001344755590329865,6.531744263021412e-05,0.0014101129664061715,-0.00041718402466181883,-3.145137986038947e-05,0.0699173239587272
1781531066.1427422,0.007410834624243672,0.8554194203422011,0.3792460283699375,-0.26573837040394965,0.027032778359905585,-0.03303446929600602,0.0074429122847021745,0.8554553499871163,0.37923979766213434,-0.26611294529932705,0.027132319727456666,-0.03310591015664245,-1.8870610537850484e-05,2.866444204914303e-05,-7.677415128232957e-05,4.4532420974374677e-05,0.0004463003787471535,-0.00015219659681248927,7.10390960345445e-05,0.00011201298808566121,-0.00025062114675053054,0.0007756554741517502,-0.00040561811327652787,-5.172927307465629e-06,0.048566834403213036
1781531066.1527352,0.007411013626814619,0.8554234619445328,0.37924721732566646,-0.2657362774396588,0.027034697468910407,-0.033028940922572664,0.0074429122847021745,0.8554553499871163,0.37923979766213434,-0.26611294529932705,0.027132319727456666,-0.03310591015664245,-1.6672143284329977e-05,5.3667885396986535e-05,-6.44357873147888e-05,6.0888248192271765e-05,0.0004019489212376345,-7.186527943061157e-05,3.728779466134186e-05,0.0001345099553860956,6.498358974039645e-05,0.001411283754423663,-7.346145268308947e-05,-0.0001248237465445828,0.04571020719448381
1781531066.1627955,0.007411149318980262,0.8554269067048776,0.37924827188247295,-0.2657345686420042,0.027035972810064868,-0.0330241304106811,0.0074429122847021745,0.8554553499871163,0.37923979766213434,-0.26611294529932705,0.027132319727456666,-0.03310591015664245,-1.4696019812743735e-05,7.305995183602743e-05,-5.3714413124352295e-05,7.147632836649894e-05,0.0003577154641487774,-9.708565221337354e-06,6.19403836782034e-05,0.00020484751090021178,-6.070912917164732e-05,0.0007314804111972328,-0.0003616020131532898,6.404238917476223e-06,0.04347089493332367
1781531066.1727986,0.007411250241202186,0.85542982888926,0.3792492050687073,-0.2657331944625989,0.027036730889255844,-0.0330199894469661,0.0074429122847021745,0.8554553499871163,0.37923979766213434,-0.26611294529932705,0.027132319727456666,-0.03310591015664245,-1.2923427450802113e-05,8.770163837226672e-05,-4.4426965612093246e-05,7.745303407637602e-05,0.00031478120533155014,3.712912803199186e-05,4.3905196819685516e-05,1.2804603155434785e-05,-7.890882587495627e-05,0.0007059163268113609,-0.00034502330445238964,7.240861461974834e-05,0.041740995829190095
1781531066.1827924,0.007411323606833464,0.8554322945958649,0.3792500289225836,-0.2657321086168165,0.02703708065177035,-0.03301646350385613,0.0074429122847021745,0.8554553499871163,0.37923979766213434,-0.26611294529932705,0.027132319727456666,-0.03310591015664245,-1.1336684944443897e-05,9.834432242308516e-05,-3.640831732986297e-05,7.981101509790783e-05,0.0002739956150961653,7.12067167438106e-05,-3.738558486075929e-05,-2.6903019077965265e-05,0.0001296390908137284,0.0009607138382149904,0.0005783060767882784,-0.00031450272840527553,0.04042368520591222
1781531066.1927478,0.00741137544859521,0.8554343625624365,0.37925075452657686,-0.2657312685324205,0.02703711490318539,-0.03301349489042908,0.0074431409461702125,0.8554595462295326,0.37924166487390976,-0.2660576992152291,0.027121232319243793,-0.03310366380761133,-9.919243351231188e-06,0.00010564186102872374,-2.9509831421080066e-05,7.939307945364584e-05,0.00023593635888466066,9.479079064391818e-05,2.2017381903757956e-05,-2.09927604471138e-05,0.00017271627365239285,0.00100663717374715,-5.05830595896703e-05,-7.323771706614029e-05,0.04154378064403526
1781531066.2027984,0.007414678140278053,0.8554410088419774,0.37925094359312195,-0.2657573327347007,0.027036135535823513,-0.03295478543314788,0.0074431409461702125,0.8554595462295326,0.37924166487390976,-0.2660576992152291,0.027121232319243793,-0.03310366380761133,1.9230404246376557e-05,0.00012887958855368017,-2.3223970021293613e-05,-0.00023114563693794866,3.15977287725922e-05,0.0006998432230234169,3.7920010768646306e-05,0.00011510439855379446,-8.196665890118971e-05,0.0010880144158705064,-0.00019085293249165668,-2.710986717164161e-05,0.03521165555387787
1781531066.2127626,0.007413916620310635,0.8554397939735329,0.3792488546898277,-0.26579876131508245,0.0270450894010541,-0.03295732754999965,0.0074431409461702125,0.8554595462295326,0.37924166487390976,-0.2660576992152291,0.027121232319243793,-0.03310366380761133,8.295648469443173e-06,9.43546559299566e-05,-2.997684561790551e-05,-0.0006574381731034912,0.0001297541210638836,0.000622347871177507,-0.0002252682680176966,-1.8681009397725185e-05,0.00017732555495845464,0.0010150333718167348,-5.439861741577453e-05,0.0002177176529031503,0.03599869847590143
1781531066.222793,0.007413236473574657,0.8554386095639738,0.37924710432939085,-0.26583301679384874,0.02705235535053241,-0.03295998628156219,0.0074431409461702125,0.8554595462295326,0.37924166487390976,-0.2660576992152291,0.027121232319243793,-0.03310366380761133,-5.87594186714042e-07,6.544339763214655e-05,-3.5018035777543196e-05,-0.0009588485682025357,0.0001997488368878763,0.0005472479103840148,5.020445800178453e-05,-4.435705065015896e-05,-0.0001464533695095783,0.0003758787413736298,-0.0003420039850969611,3.906280561256743e-05,0.03690811728969977
1781531066.2327778,0.007412628041624346,0.8554374563957095,0.3792456502615566,-0.2658609600491448,0.027058157684282325,-0.03296265953414372,0.0074431409461702125,0.8554595462295326,0.37924166487390976,-0.2660576992152291,0.027121232319243793,-0.03310366380761133,-7.711377483275318e-06,4.140498136836627e-05,-3.8621253824801375e-05,-0.001158438654319396,0.0002467267206849416,0.00047599841677230253,1.4384884804821285e-05,-0.00012217533252254555,-0.0003029900866306517,0.00035565613335174424,-0.00012273677219993428,2.5530112276188212e-05,0.03787982862756909
1781531066.2427924,0.00741208350990003,0.8554363379324298,0.3792444538996205,-0.2658834088884978,0.027062704537546,-0.03296527043464835,0.007441878586030348,0.8554618182363751,0.37924122520659254,-0.2660169424593232,0.027113769938780008,-0.033099229842120326,-1.3332448475391708e-05,2.1582943007908053e-05,-4.1024450034996565e-05,-0.0012762749625467003,0.000275172737780667,0.0004095842339125767,4.001988974724459e-05,0.0001005482797134594,-0.00025248809338600866,0.0007402809762704008,-0.0006484550934319883,0.00029116618512411047,0.03933722040799438
1781531066.2527902,0.007414200831892186,0.855448037344497,0.37924242437836764,-0.26597554022769593,0.027075302824280056,-0.03297503475505088,0.007441878586030348,0.8554618182363751,0.37924122520659254,-0.2660169424593232,0.027113769938780008,-0.033099229842120326,-6.780100203358752e-06,5.431263000033968e-05,-4.00006785711659e-05,-0.0021398595436934306,0.00040584014655359264,0.0002982019550149721,-2.4000875480233757e-05,2.9109244487443947e-06,-0.0003529372846436427,0.0001321471284234908,-0.0003101048749255632,0.00037849331372793744,0.030942027535931605
1781531066.2627656,0.007416945362677447,0.8554644359974373,0.37924103650497193,-0.26608722511585514,0.027089081492525757,-0.032969911011279524,0.007441878586030348,0.8554618182363751,0.37924122520659254,-0.2660169424593232,0.027113769938780008,-0.033099229842120326,4.442079212001352e-06,0.00010612311199453684,-3.2508128804244046e-05,-0.0031270333755061474,0.0004919654744710381,0.00035914134209557,5.8357002803514315e-05,0.00012494680171679898,0.00014839551976462007,0.0007147864846732975,-0.0012399866039371052,0.0007629580975437159,0.02507097740507372
1781531066.2727919,0.0074192415837217975,0.855478114954237,0.3792399549126862,-0.26617829601618237,0.027100148481319808,-0.03296580219038284,0.007441878586030348,0.8554618182363751,0.37924122520659254,-0.2660169424593232,0.027113769938780008,-0.033099229842120326,1.3394657905254961e-05,0.000146370488374442,-2.608140000782898e-05,-0.003781093813990545,0.0005430304399739774,0.00039496967010514363,4.8363116399551975e-05,-6.752201437658851e-05,-0.00043934904834135025,-0.00025076417865292156,-0.0012048952309881677,0.0007810194473316134,0.027921864787199206
1781531066.2827501,0.0074211473095470715,0.8554894208715452,0.3792391376483804,-0.26625142870221546,0.02710888063778949,-0.0329625659423768,0.007441878586030348,0.8554618182363751,0.37924122520659254,-0.2660169424593232,0.027113769938780008,-0.033099229842120326,2.0411823809679624e-05,0.00017682533888309013,-2.0591716851319275e-05,-0.004167660269266582,0.0005664279237764866,0.00041100261748915485,6.711879558420894e-05,-0.0002611455291493233,-0.00011728722196925391,-0.00041710507369039295,-0.001240632788138392,0.0007124859472036738,0.03458394413956642
1781531066.292796,0.007422714998301782,0.8554986704995291,0.3792385452991212,-0.26630911905626664,0.027115624266741856,-0.0329600718181344,0.007442751954384208,0.8554630149145492,0.3792412812514556,-0.2659964050193414,0.027069734125695133,-0.03306903808824345,2.5786377671194245e-05,0.00019903311864814683,-1.5923828636783284e-05,-0.004343221179907634,0.0005684545337552005,0.0004117648444537402,-0.000192094908201284,-7.924954808420076e-05,-8.043976241978198e-05,-0.00038913647000495693,-0.000895441969066013,0.0008213667266404739,0.04099128912929738
1781531066.3027928,0.007426306799691244,0.8554988710117808,0.379239964899674,-0.26624188348616723,0.02710571044809118,-0.03290459470610267,0.007442751954384208,0.8554630149145492,0.3792412812514556,-0.2659964050193414,0.027069734125695133,-0.03306903808824345,5.92016841268808e-05,0.00021669278993071046,-1.4138971315835735e-05,-0.0031514760560063535,0.00024265616001933665,0.0009224158913358437,8.718772891089023e-06,-6.7239571458529615e-06,8.659124996138695e-05,-0.0006759530386064121,-0.0005748489555228586,0.0004480140884301623,0.039469426187460285
1781531066.3127372,0.007429365708793976,0.8554987979025481,0.37924122404487176,-0.2661824598851615,0.027096930233391214,-0.03285869291870974,0.007442751954384208,0.8554630149145492,0.3792412812514556,-0.2659964050193414,0.027069734125695133,-0.03306903808824345,8.527644958267865e-05,0.00022812378224654843,-1.2526980654651821e-05,-0.0021722789610747768,-8.10581827609565e-06,0.0012797776008743236,-5.486774183684576e-05,-1.6110910734564728e-05,7.240655221963028e-05,-0.0007138390526433107,-0.0002149612624566074,0.0004298182997363002,0.038204935201147566
1781531066.3227932,0.007431966712199794,0.8554985373868692,0.379242329647398,-0.2661305160079036,0.02708924043652483,-0.032821222009894846,0.007442751954384208,0.8554630149145492,0.3792412812514556,-0.2659964050193414,0.027069734125695133,-0.03306903808824345,0.00010512803204506518,0.0002344097160332019,-1.1074188265396151e-05,-0.0013791397902469357,-0.00019577898722899673,0.0015125035374291633,-1.3387966040500052e-05,-0.00018232493832151994,-0.00021582702149617296,-0.001058870464702412,-0.0005209328870443221,0.0005057530255593685,0.037138479004283374
1781531066.3327925,0.0074341735001219955,0.8554981547891877,0.3792432909839213,-0.26608559819279787,0.027082578721181916,-0.0327910937077676,0.007442751954384208,0.8554630149145492,0.3792412812514556,-0.2659964050193414,0.027069734125695133,-0.03306903808824345,0.0001197322705707323,0.00023648568580084234,-9.767604329443003e-06,-0.000747117593178236,-0.0003310428187402724,0.0016454742926035756,0.0001790062644587316,-0.00018840011709879217,-0.00022101923739280803,-0.001084014673920797,-0.0004923391435124184,0.0003234663517084657,0.03622760952253589
1781531066.3427875,0.007436040293971304,0.8554976987191325,0.37924411885456755,-0.26604717422157387,0.02707687012085014,-0.0327672916228294,0.007441285264804476,0.8554561513307053,0.3792336329716704,-0.266042111368027,0.027043799579754557,-0.033046205050054414,0.0001299390317312303,0.00023515570483623828,-8.594948359535187e-06,-0.0002531148255399023,-0.0004233341434012809,0.0017000624910922786,-0.00010836658867438947,-0.0002460479135191014,-0.00029212718673745085,-0.0014304557690081353,-0.00036937381432240843,0.0008417471694270699,0.043170000513029834
1781531066.3527906,0.007438210971263078,0.8554997768237668,0.3792419064117588,-0.2661315198345312,0.027095506739306607,-0.03279103672188925,0.007441285264804476,0.8554561513307053,0.3792336329716704,-0.266042111368027,0.027043799579754557,-0.033046205050054414,0.00012330922040518534,0.00019616451661678519,-1.1702906601171032e-05,-0.0011392642581255796,-0.00011267293583550265,0.0013179578813937382,-0.00034048833368359585,-0.00013120579377492867,-7.413653659308443e-05,-0.001330747647904948,0.0011010843188264778,0.0007371247913301474,0.04450937807397215
1781531066.3627934,0.00743997898364412,0.8555012805721116,0.3792400617667968,-0.26620144844526644,0.02711096237452315,-0.03281220486402531,0.007441285264804476,0.8554561513307053,0.3792336329716704,-0.266042111368027,0.027043799579754557,-0.033046205050054414,0.00011642453283948974,0.0001623778339249906,-1.4049604327266957e-05,-0.0017720398292675626,0.00012318514051464231,0.0009955854603655003,-0.00010165416494257311,-0.00016344544894591106,-0.00020613421487663815,-0.0010289083989146535,-0.0015687711421871436,0.0018234169278448335,0.04560355476447934
1781531066.3727875,0.00744139358374112,0.8555022868497084,0.37923854087065995,-0.266258660721311,0.02712361163374033,-0.03283086247678703,0.007441285264804476,0.8554561513307053,0.3792336329716704,-0.266042111368027,0.027043799579754557,-0.033046205050054414,0.00010942247345335149,0.00013319730011851806,-1.5755447506421616e-05,-0.002197650512142718,0.0002965381834891176,0.0007267921278370675,-0.00022764206092349304,4.220623926190539e-05,-0.00013063608422418538,-0.0008689580172907175,-0.0008400676734886019,0.001830701781532094,0.04639596231538879
1781531066.3827872,0.007442501079439765,0.8555028702495437,0.379237302361842,-0.26630477899639793,0.02713381202141485,-0.03284712811583233,0.007441285264804476,0.8554561513307053,0.3792336329716704,-0.266042111368027,0.027043799579754557,-0.033046205050054414,0.00010241491432300405,0.00010808420596593226,-1.692521509547392e-05,-0.002456389704989885,0.0004183120515803632,0.0005055010755718686,-0.00024245439171656058,-3.437258156534642e-05,-4.0443448081272125e-05,-0.00023662798714422893,-0.0011104094427064816,0.0021235929169188083,0.046878566604500516
1781531066.3927937,0.007443344403457281,0.855503101226968,0.37923630794819213,-0.2663413225062934,0.027141898428512112,-0.03286115613943151,0.0074317519385052044,0.8554514046502046,0.3792267648567466,-0.2660916424805709,0.027026299527004083,-0.03298235356448426,9.54917330351046e-05,8.655455156891825e-05,-1.7649813449990804e-05,-0.002583015547442719,0.0004981052655498446,0.00032585897039129656,2.798850715973278e-05,-7.762115573620396e-06,-0.00028648510085194063,-0.0005229884695063411,-0.0011366451392996128,0.0017138849607896108,0.05383299998195578
1781531066.4027946,0.00744212824205367,0.8554984468745969,0.37923685433785875,-0.2663761242594984,0.02719856150335276,-0.032969391895908445,0.0074317519385052044,0.8554514046502046,0.3792267648567466,-0.2660916424805709,0.027026299527004083,-0.03298235356448426,4.248645749448e-05,3.8052632617195093e-05,-8.048592475240913e-06,-0.002648854156114175,0.001351429038253595,-0.0006864027536356798,-8.400508017821246e-05,-4.200316781848602e-05,-5.036006332445671e-05,-0.0002445295122242077,0.0001885341420870105,0.0011963648406490186,0.04921825047896882
1781531066.412794,0.007440865326249634,0.8554942312434645,0.37923738901573545,-0.26640294234419143,0.027245187311609298,-0.03305949369636059,0.0074317519385052044,0.8554514046502046,0.3792267648567466,-0.2660916424805709,0.027026299527004083,-0.03298235356448426,-6.031012064766311e-07,-1.3655712549289108e-06,-2.3900620651582657e-07,-0.0026256755064945543,0.0019538131784637355,-0.0014260592806541097,-0.0001827610297330337,-4.5666251404746494e-05,-5.577648688766655e-05,-0.0002772141438306463,-0.0005687673487639459,0.0014651347213515706,0.045056006044066586
1781531066.4227903,0.007439563754329296,0.8554904249432687,0.37923790726909906,-0.2664230434271298,0.02728301684158141,-0.0331335416384268,0.0074317519385052044,0.8554514046502046,0.3792267648567466,-0.2660916424805709,0.027026299527004083,-0.03298235356448426,-3.518660018014913e-05,-3.299214386901001e-05,6.0333484335539944e-06,-0.0025364344417627698,0.002351685390073372,-0.0019412176027445301,-0.00018830697158925478,-3.269242161644249e-05,-5.656301090026042e-05,-0.00028824198294201295,2.58734761884342e-06,0.0009186355937423489,0.041325066125820195
1781531066.4327896,0.00743823736341456,0.8554870008524808,0.37923840478472254,-0.2664375606842577,0.027313220531111737,-0.033193533816934725,0.0074317519385052044,0.8554514046502046,0.3792267648567466,-0.2660916424805709,0.027026299527004083,-0.03298235356448426,-6.250345472413562e-05,-5.7963063307140983e-05,1.0992177690841019e-05,-0.002400138371901121,0.0025854310480997226,-0.0022740672753371505,-0.00016181301297543273,-0.0001419316827495959,-0.00042001276345793374,-0.0012485711500793625,0.0005065015132308859,0.0003656472318374416,0.03800839744084816
1781531066.44279,0.007436902985978319,0.8554839334517569,0.379238877837793,-0.2664474962148493,0.027336883953973157,-0.033241352167096144,0.007426210127304711,0.855449867448974,0.37922181267002875,-0.26611622363369497,0.027011760873276502,-0.03292280214309873,-8.364070992740426e-05,-7.727459615936797e-05,1.4833710633969122e-05,-0.002232316790307121,0.0026898026011024597,-0.002461209403410266,-7.105706275061137e-05,-0.0001494956972569414,-0.0004407015542006128,-0.0013095941430140983,0.00047413980386508907,5.499893912358704e-05,0.03957334611880261
1781531066.4527566,0.007435578421591538,0.8554811983801853,0.3792393233972461,-0.26645372643727017,0.02735499941584818,-0.03327874005423455,0.007426210127304711,0.855449867448974,0.37922181267002875,-0.26611622363369497,0.027011760873276502,-0.03292280214309873,-9.954931820116482e-05,-9.179822867118662e-05,1.7729631969750253e-05,-0.0020454682553520337,0.0026943805505745106,-0.0025340560791448047,-4.61618915227753e-05,-0.00023991156958404815,-0.00028121946387148206,-0.0014056036367884944,0.000380878891924308,-6.648102164625029e-05,0.03709471331731187
1781531066.4627922,0.00743725511754022,0.8554835619147106,0.3792434077947115,-0.26648320130257636,0.027323306225396804,-0.033196479221088884,0.007426210127304711,0.855449867448974,0.37922181267002875,-0.26611622363369497,0.027011760873276502,-0.03292280214309873,-5.844463568564381e-05,-8.577437835848922e-05,4.605568447887613e-05,-0.002168493902346735,0.001830046671576865,-0.0014825061039359518,-7.917600016373207e-05,-0.00019835834776018362,-0.0005248700757855384,-0.0016893226219154623,0.0009527200956375959,-0.0004145389548051731,0.041516963287840485
1781531066.4727874,0.007438662842896461,0.8554854620435081,0.3792469359854924,-0.26650595545140565,0.02729538756587435,-0.033125534112498994,0.007426210127304711,0.855449867448974,0.37922181267002875,-0.26611622363369497,0.027011760873276502,-0.03292280214309873,-2.4706347242971543e-05,-7.985174458621841e-05,6.821150666373808e-05,-0.0022013176694349254,0.0011323280234549213,-0.0006540430084002336,-6.942838103037106e-05,-0.00025110845964862206,-0.00029765674911956205,-0.0014464001422609776,0.0009971891689626573,-0.0005038737368421618,0.04531253982663454
1781531066.4827855,0.007439859809279767,0.8554869662997079,0.3792499721200827,-0.2665230508603413,0.02727106101049026,-0.033065009502178486,0.007426210127304711,0.855449867448974,0.37922181267002875,-0.26611622363369497,0.027011760873276502,-0.03292280214309873,2.6908994358534565e-06,-7.408541051877348e-05,8.513329683601971e-05,-0.002165657146912657,0.0005785492915195808,-1.540666688854258e-05,-0.000307040422785633,-0.00018159686559215436,-0.00021788458671369057,-0.0010568366847045075,0.0009673264889068559,-0.00023590903712164467,0.04853445344430186
1781531066.4927914,0.007440890437527033,0.8554881361163812,0.3792525735024244,-0.2665354381605818,0.02725009160191827,-0.03301394938285941,0.007421756299958671,0.8554403736570019,0.37921194315085105,-0.26617843338906255,0.027052670615701047,-0.032940235548959446,2.4650577094006415e-05,-6.85176149657507e-05,9.763893036594011e-05,-0.002079659342109015,0.0001477800230655085,0.0004635191867291992,-1.2274793662500307e-05,-0.00013305442158729284,-0.00013402464160844422,-0.0007248860680362338,0.0006009805032741223,-0.0004484757974074133,0.0655606071922887
1781531066.502794,0.007441788270612848,0.8554890266315546,0.3792547913566301,-0.2665439585403926,0.027232211451368338,-0.03297137837174603,0.007421756299958671,0.8554403736570019,0.37921194315085105,-0.26617843338906255,0.027052670615701047,-0.032940235548959446,4.1966868914360044e-05,-6.317975042476787e-05,0.0001064409328314141,-0.001958299174347182,-0.000179029799406046,0.0008096709904909199,9.095873764552462e-05,-2.744550262692657e-05,5.655148065922655e-05,-0.0007270056623268425,0.0019155434368358496,-0.001244823115349203,0.06785543839368156
1781531066.5127861,0.00744620327804255,0.8554952152904927,0.37925543721388316,-0.2665238122159044,0.027244003294156105,-0.03294610695228946,0.007421756299958671,0.8554403736570019,0.37921194315085105,-0.26617843338906255,0.027052670615701047,-0.032940235548959446,6.566113081965694e-05,-1.0548073175904255e-05,0.00010142553232488162,-0.0015320858958428705,-0.00010794167402341499,0.0010212344798171283,-3.606432591307373e-05,-9.365713151577383e-05,0.0001529968569378253,-9.019293005207998e-05,0.0006267838733372621,-0.00035709858826317296,0.07414170904701965
1781531066.5227895,0.007449954190223187,0.8555004547328374,0.3792559559345673,-0.2665054856868158,0.027253769234643954,-0.03292578222727978,0.007421756299958671,0.8554403736570019,0.37921194315085105,-0.26617843338906255,0.027052670615701047,-0.032940235548959446,8.385025494779191e-05,3.1836879087988816e-05,9.611413897026815e-05,-0.0011708010215666705,-5.172594043701641e-05,0.0011517980904926068,0.00017336842157188458,0.00013136374928013334,0.00033238061849864944,-0.000401760523153178,0.00035994107237933843,-0.0003356160878489018,0.07963656082089034
1781531066.5327876,0.0074531229507669985,0.8555048778035749,0.3792563628059979,-0.2664890243841247,0.027261750041201793,-0.03290972028366568,0.007421756299958671,0.8554403736570019,0.37921194315085105,-0.26617843338906255,0.027052670615701047,-0.032940235548959446,9.73895275962008e-05,6.545897525132155e-05,9.063243125066881e-05,-0.0008680542391952101,-8.19165000256603e-06,0.0012180972989335606,-0.00011163968291047667,-0.00023934556493149863,-0.0003145493913643044,-0.0014368674364536429,0.00039541221686696567,0.00011452239766398728,0.08436680313610752
1781531066.5427861,0.00745578310289405,0.8555085994400934,0.379256672062307,-0.2664744112738428,0.027268174953900548,-0.032897291996737424,0.007417600966271254,0.8554338564828032,0.3792058664981409,-0.26622182023199503,0.027090295096879435,-0.03295785502947865,0.0001070244679817363,9.162045970061008e-05,8.508345853417546e-05,-0.0006174551348778635,2.4649747584637228e-05,0.0012344305365701899,-0.00019063143650325235,-0.0002851739514920399,-0.00033031017726599957,-0.001706446936848649,0.0011236097998134685,-1.8122524426938318e-05,0.09811009413813694
1781531066.5527916,0.007458000448893802,0.8555117189890049,0.3792568968481577,-0.26646158298886147,0.027273258302511705,-0.032887926514125795,0.007417600966271254,0.8554338564828032,0.3792058664981409,-0.26622182023199503,0.027090295096879435,-0.03295785502947865,0.00011340303077047417,0.00011146127279311759,7.955079840258426e-05,-0.00041278814738670655,4.8580765219518094e-05,0.001212878848922606,-0.00015337629048731914,-0.00016160918514594337,-0.0003833305196640209,-0.002014839013261758,-6.042063759772451e-05,0.0008086621990170198,0.10148292807666097
1781531066.5627935,0.007459039347564243,0.8555224333516812,0.37925507866549174,-0.26647424166360323,0.027240903083518786,-0.03281839227260966,0.007417600966271254,0.8554338564828032,0.3792058664981409,-0.26622182023199503,0.027090295096879435,-0.03295785502947865,0.00013566865800143852,0.0001658407148327294,6.391471955964937e-05,-0.0005266111100360669,-0.0004972985166551688,0.00171949940538843,-0.0002865895880622521,-0.00039389712607314746,-0.001019160453305173,-0.0032652491232845224,0.0007280024592461307,0.0007922457620867141,0.1094752874386477
1781531066.5727897,0.0074599478180089164,0.8555314795357025,0.3792534948842845,-0.2664844519349061,0.02721371485133761,-0.032761551677217504,0.007417600966271254,0.8554338564828032,0.3792058664981409,-0.26622182023199503,0.027090295096879435,-0.03295785502947865,0.0001518238461153656,0.00020739370070371697,5.055263086017718e-05,-0.0005974825863440978,-0.0008926951957373456,0.0020520247534440116,-0.00039536904911269375,-0.0003337061865882249,-0.0004135378788726362,-0.002020693210301986,0.0014237660215591522,0.0007999182010348112,0.11658464511294307
1781531066.5827467,0.0074607516482556755,0.8555390699741987,0.37925211949904075,-0.26649254776702724,0.027191142113926148,-0.032715777929818654,0.007417600966271254,0.8554338564828032,0.3792058664981409,-0.26622182023199503,0.027090295096879435,-0.03295785502947865,0.00016286903511923868,0.00023812343339806122,3.918535162829336e-05,-0.0006342313803894379,-0.0011645172135500005,0.00224500455910131,-0.00014892713049269006,-0.00037434091479066653,-0.000725204498546563,-0.002656113032776778,0.0008823632702967535,0.0009102833383943606,0.1227648167008193
1781531066.5927896,0.007461468764888458,0.8555453948358807,0.3792509288072046,-0.26649883737219715,0.027172645363950032,-0.03267954918437424,0.00740908899482956,0.8554207764427602,0.37919165733904137,-0.26631730582792745,0.027113960558975192,-0.03292246362911257,0.00016967210026861679,0.00025977517210431275,2.9563486851123477e-05,-0.000644406808197657,-0.0013363083702023302,0.0023281454028648402,-0.00011069767590750042,-0.00013313094616598692,-7.285764358298588e-05,-0.001343320781280059,0.00021525443456934677,0.0013086865200546112,0.14760247678676297
1781531066.602792,0.007462111380297648,0.855550623729859,0.37924990130256553,-0.26650360121281724,0.027157708832317384,-0.03265146389066037,0.00740908899482956,0.8554207764427602,0.37919165733904137,-0.26631730582792745,0.027113960558975192,-0.03292246362911257,0.00017298350053494371,0.0002738649914442659,2.146471273468989e-05,-0.0006343928228361252,-0.0014284473663935251,0.002326711968889554,-0.00011539683883126299,-6.208916302887813e-05,-4.726385988974139e-06,-0.0009877484925165446,-4.2153190635678224e-05,0.001549780997202726,0.15186853069238704
1781531066.6127944,0.007459999412857463,0.8555520530789477,0.3792515611066615,-0.2665335533157147,0.027183911020304485,-0.03272942214060806,0.00740908899482956,0.8554207764427602,0.37919165733904137,-0.26631730582792745,0.027113960558975192,-0.03292246362911257,0.00012667104367589653,0.00025364700352276955,3.474214007151549e-05,-0.0008690022290264391,-0.0007724779932172111,0.0013273239369867864,-7.998663346733336e-05,-5.6433413456901684e-05,-0.000357908150048645,-0.0008710639388746284,-0.0003671677336000923,0.001650998775607413,0.15301597056374888
1781531066.6227927,0.007459254216737361,0.855551488533802,0.37925125214257893,-0.2665667550176052,0.027209825504293184,-0.032775961071202314,0.00740908899482956,0.8554207764427602,0.37919165733904137,-0.26631730582792745,0.027113960558975192,-0.03292246362911257,9.604568657616103e-05,0.00021994648451985625,3.491377473898231e-05,-0.0011227800037810003,-0.0002814455043959206,0.0007669983973334088,0.00017409293970452246,0.00012075922561202192,-2.019554857111247e-05,-0.00044431367936366027,-0.0006522734315928347,0.001511762176047651,0.1521635332209364
1781531066.632795,0.007458532673608782,0.8555507741420684,0.3792509983830621,-0.2665936708291173,0.02723168482984506,-0.03281585269199422,0.00740908899482956,0.8554207764427602,0.37919165733904137,-0.26631730582792745,0.027113960558975192,-0.03292246362911257,7.024347573987108e-05,0.00019010566735288778,3.460916546574258e-05,-0.0012821927133822438,9.417549897163896e-05,0.00032617297493621483,-5.7483180743056906e-05,0.00030991291319861533,-3.717438366563712e-05,-0.0004831727343260437,-0.0004143743578127815,0.0015939271387535058,0.15121322264313158
1781531066.6427808,0.007457827443713214,0.8555499452154446,0.3792507935190147,-0.2666151399312565,0.027249907587752586,-0.03284967164186983,0.007410336655986671,0.8554220572950417,0.3791864286657565,-0.2663568341632415,0.02709912980976381,-0.03285105264521747,4.8640097444551135e-05,0.00016374142864964656,3.392610005164353e-05,-0.0013665375259177674,0.0003730400468122798,-1.3049054930085169e-05,-4.117168100054742e-05,0.00014035344287663504,-0.000322099774743115,-0.0008308404615701234,-0.00014711790402648913,0.0013074938880376667,0.1508427308119323
1781531066.6528037,0.007457135781404982,0.8555490337854719,0.37925063112755864,-0.2666319402097276,0.02726490692139727,-0.03287801473253507,0.007410336655986671,0.8554220572950417,0.3791864286657565,-0.2663568341632415,0.02709912980976381,-0.03285105264521747,3.0681165923396536e-05,0.00014050215547339005,3.29478753405996e-05,-0.0013923279163491993,0.0005717744023067328,-0.0002668581162760614,8.987832288563649e-05,9.827772455126474e-06,-0.00018885089234120137,-0.0010724989208491043,-5.194330967967214e-05,0.0009654340285989136,0.14978365519416997
1781531066.6627917,0.007456378701368027,0.855550642974731,0.3792477516077914,-0.26671275079155776,0.027291175134329215,-0.032959133222021236,0.007410336655986671,0.8554220572950417,0.3791864286657565,-0.2663568341632415,0.02709912980976381,-0.03285105264521747,1.2106961529869244e-06,0.00010722449624767048,2.2568651060049133e-05,-0.00209838406429003,0.001019274675776121,-0.0010161070626590542,1.2375697149338027e-05,-0.0001850844245070429,-0.000505761479193715,-0.0016287294586393474,7.105420336003208e-05,0.00082914497111024,0.14971523030031023
1781531066.6727483,0.00745559843214793,0.8555517411345348,0.3792453338877319,-0.2667787630636851,0.027312607463572558,-0.03302621554069937,0.007410336655986671,0.8554220572950417,0.3791864286657565,-0.2663568341632415,0.02709912980976381,-0.03285105264521747,-2.246274651991112e-05,7.915144160318978e-05,1.3950520739349199e-05,-0.002569968339410222,0.0013266743285283737,-0.0015496794427076398,5.7298138352750615e-05,-2.717745045944103e-05,-0.0002652028852380211,-0.001340018628512388,0.0002949502506681333,0.0004249102875858654,0.14945351044022723
1781531066.6827986,0.007454800586873039,0.8555524034790031,0.37924332117225684,-0.2668318801429312,0.027329830918390252,-0.033080944376381524,0.007410336655986671,0.8554220572950417,0.3791864286657565,-0.2663568341632415,0.02709912980976381,-0.03285105264521747,-4.1182524918631964e-05,5.56122178927613e-05,6.855349830433817e-06,-0.0028529625358503273,0.0015206861685511117,-0.001907047562161587,7.03020942160587e-05,-9.684769181995796e-05,-0.0003084030549885922,-0.0016713538112095652,0.000848983919365464,-0.00010781785726346513,0.1490098188678929
1781531066.692786,0.007453993804400435,0.8555527017196151,0.379241660970759,-0.2668738810434119,0.027343430217342313,-0.033124918770549475,0.007415235585400581,0.8554232084874192,0.37917457378381225,-0.266420219891215,0.027108927329470456,-0.03282574214032971,-5.5688436031721444e-05,3.6010897799602825e-05,1.0726728692579906e-06,-0.0029869064783850396,0.0016244291322010749,-0.002122609821001121,-0.0001096190441353664,-4.047026719626376e-06,-0.0005035407730099648,-0.0016584573524352,0.0007724607490115005,-4.775103763869626e-05,0.1509019130992498
1781531066.7027802,0.007453188197363813,0.8555527025513683,0.3792403053052175,-0.266906403079545,0.027353942437220002,-0.03315963129916176,0.007415235585400581,0.8554232084874192,0.37917457378381225,-0.266420219891215,0.027108927329470456,-0.03282574214032971,-6.662776299702905e-05,1.981918963569874e-05,-3.5830967991448524e-06,-0.0030055058740419633,0.0016576965105341967,-0.002226021348086977,-6.676993995833537e-05,-0.00015994778072637292,-0.0003912644711876184,-0.002058216392802807,0.00040927780796914037,-1.1367791246663657e-05,0.15009912144694354
1781531066.71279,0.0074491598793183225,0.8555509282633146,0.379241842672918,-0.2668295227302722,0.02728746446578434,-0.033060601086777774,0.007415235585400581,0.8554232084874192,0.37917457378381225,-0.266420219891215,0.027108927329470456,-0.03282574214032971,-4.538394164080895e-05,3.907250709559149e-05,-3.7317256591095804e-06,-0.001867616943475942,0.0004916721125279141,-0.0011319426595344882,-5.6317385464998573e-05,-3.470717765552291e-05,0.00013390242394046794,-0.0014578146051834042,0.000678337033602986,-0.000289146543610854,0.148284531607706
1781531066.722742,0.0074458055846803135,0.8555493486436409,0.379243169817699,-0.26676311905449807,0.027231382763370338,-0.03297619059342828,0.007415235585400581,0.8554232084874192,0.37917457378381225,-0.266420219891215,0.027108927329470456,-0.03282574214032971,-2.7754911577395412e-05,5.403346511111533e-05,-3.8037561643373907e-06,-0.00096391066321972,-0.0003954516613555075,-0.0002812083088934939,-8.029950391231289e-05,-0.0001639182851125996,-0.00039030713645684165,-0.0020672138582171168,0.0010028533214394154,-0.00044752125140325784,0.1468035412808247
1781531066.7327924,0.0074430630219162915,0.8555479727593599,0.37924430307048224,-0.26670638198010654,0.027184626743746554,-0.032905043911674786,0.007415235585400581,0.8554232084874192,0.37917457378381225,-0.266420219891215,0.027108927329470456,-0.03282574214032971,-1.3251116626636128e-05,6.53590616747826e-05,-3.813382867281619e-06,-0.00026040714238255425,-0.0010493209473915687,0.00036391098101511794,0.00018940213784316361,-2.0684355933863702e-05,0.00018678734963276482,-0.001375964612511918,0.0006531270861261424,-0.0006202546101446969,0.145611342949117
1781531066.742743,0.007440866361258127,0.8555467988642584,0.37924526001277353,-0.2666584401010861,0.027146138823825883,-0.03284578218059857,0.0074119061005005205,0.8554215764698292,0.3791717469351401,-0.2664978397572841,0.02714998364627985,-0.03284542086257529,-1.4399543283159307e-06,7.362278085716729e-05,-3.772791493026946e-06,0.00027383388052585873,-0.0015105218392175864,0.0008373123439427325,-5.742626017672699e-06,0.0002605502660258289,0.0005903084246122292,-0.000377686329133303,0.0005975692491914743,-0.00046334293938121214,0.14806592232137852
1781531066.752792,0.0074391492426526635,0.8555458175927487,0.37924605867244304,-0.2666183999021147,0.02711490011333484,-0.032797047075451335,0.0074119061005005205,0.8554215764698292,0.3791717469351401,-0.2664978397572841,0.02714998364627985,-0.03284542086257529,8.059975348057206e-06,7.932379736877282e-05,-3.6924007286229306e-06,0.0006666282092047299,-0.001814738114095894,0.0011690938559560664,-2.3204280592658825e-05,0.00027997165669046184,0.0006033023170449941,-0.00033853722747814003,0.0006376980477937679,-0.0004114000251034388,0.14731014805371923
1781531066.7627368,0.007438313896550619,0.85555086246545,0.3792462729025281,-0.26669890219915493,0.027118369911595996,-0.03280395953220297,0.0074119061005005205,0.8554215764698292,0.3791717469351401,-0.2664978397572841,0.02714998364627985,-0.03284542086257529,-1.1459159201854143e-06,7.06412455974395e-05,7.840510917621869e-06,-0.00028294890557591275,-0.0015601982964902558,0.0009786832136161109,-0.00032939061961455204,0.0008440684414561907,0.0015572087536237325,0.0010707636520649597,0.0015449651164578114,-0.0005988100576986817,0.15154656106622227
1781531066.7728248,0.007440385326892123,0.8555480525163535,0.3792446138958155,-0.26668900932361506,0.02713159186104197,-0.03280073432421085,0.0074119061005005205,0.8554215764698292,0.3791717469351401,-0.2664978397572841,0.02714998364627985,-0.03284542086257529,6.807607219185845e-06,5.2636284091811953e-05,-4.374466024595503e-06,-0.00014501207960940563,-0.0012599057103325488,0.0009438328978752725,-1.5273865932671187e-05,0.0009484162431832797,0.0017831983254668574,0.0010592257622966262,0.000799458017280477,-0.000568476037322164,0.14871735150392054
1781531066.7827911,0.007348357611473768,0.8547590208235372,0.3767506723481212,-0.26666998722150015,0.02725003709565521,-0.03240939974928435,0.0074119061005005205,0.8554215764698292,0.3791717469351401,-0.2664978397572841,0.02714998364627985,-0.03284542086257529,1.3106222767579248e-05,3.7515429218568086e-05,-1.4124892646025728e-05,-3.769042219093682e-05,-0.0010004200789100583,0.0008918849722630313,-2.5091119119592687e-05,0.000741761675723034,0.0007729087989978603,0.00015033149191908047,0.0005933564344695331,-0.00034827096881034507,2.510900346648543
1781531066.7927544,0.00734995815150883,0.8547569313611441,0.37674945073409255,-0.26666289177388136,0.027260804651107806,-0.032409109559495,0.007410800486273406,0.8554541812842147,0.37922454167187536,-0.2664785421209748,0.02718805598067031,-0.032868627268167916,1.7996513077639746e-05,2.490145430322795e-05,-2.1773296631356532e-05,4.375441680820083e-05,-0.0007786124256408131,0.0008285484662089409,1.9831393720218758e-05,0.00019765971852471828,0.0001291458028999156,-0.0006409296863376285,-0.00029381129570499754,0.0001650324928392995,2.5721458736269587
1781531066.802786,0.007814913086589846,0.8546996530668867,0.3765726909142474,-0.2666639513753222,0.027263445678270548,-0.03240913178864677,0.007410800486273406,0.8554541812842147,0.37922454167187536,-0.2664785421209748,0.02718805598067031,-0.032868627268167916,3.30116787646293e-05,4.354741932316848e-05,1.084341766872198e-05,2.7405517695594973e-05,-0.0006657385442450983,0.0007454592143343593,-0.00023365238017548752,8.24323740910518e-05,-0.0001065132735040832,-0.0006718634607226343,-0.0002714912061993003,0.0004837557353291786,2.7865628048207998
1781531066.8127944,0.008277571527055647,0.8546437834801208,0.3763990200599131,-0.26658748174861,0.027268517601615194,-0.03244014882598924,0.007410800486273406,0.8554541812842147,0.37922454167187536,-0.2664785421209748,0.02718805598067031,-0.032868627268167916,2.849518785098102e-05,0.00010416621669734292,5.219536771822204e-05,0.0008684090245503255,-0.0004501237701566188,0.00035213510909887403,-6.88802875650736e-05,0.00011865033611806942,-0.0003788777541698253,-0.000986294211036437,0.00035306939382881186,-1.5668668622299552e-05,3.064573219501318
1781531066.8227906,0.00874016954567053,0.8545873364145942,0.37622414445915786,-0.26652397292737495,0.02727309892227181,-0.03246665776449838,0.007410800486273406,0.8554541812842147,0.37922454167187536,-0.2664785421209748,0.02718805598067031,-0.032868627268167916,2.4508407238756334e-05,0.00015150946803358086,8.473023471505881e-05,0.001474773324141465,-0.00027625220888801317,4.778968205797001e-05,0.000281781269423042,-4.163472000167882e-06,-0.0009772493866217588,-0.0008774965512507964,-0.0009023467326743112,0.00033827511415337775,3.3942636253173895
1781531066.83273,0.009202709662721143,0.8545303904056537,0.3760482124515383,-0.26647191358689487,0.02727718696031367,-0.032489063323086084,0.007410800486273406,0.8554541812842147,0.37922454167187536,-0.2664785421209748,0.02718805598067031,-0.032868627268167916,2.0997380393532302e-05,0.00018759558036033472,0.00010977473435395693,0.0018887326759201536,-0.00013841616058202043,-0.00018155574418793013,-0.0001380945807265768,-0.00016808842234946543,-0.0021600805024884727,-0.0003419176409208553,-0.0006834846930409795,0.0012679703080208504,3.7620998657554416
1781531066.8427916,0.009665195719943193,0.8544730089501831,0.37587135812403494,-0.26642985794183355,0.027280793264071068,-0.032507781068991756,0.0074133586375412786,0.8554548470916251,0.37917965361165584,-0.2665089197567755,0.02715337315060662,-0.03283682248666764,1.79127641747778e-05,0.00021418751603243774,0.00012848882893575674,0.002147198402466407,-3.135279922824894e-05,-0.0003484280063657613,0.00013461380807800095,-0.00015223118352006293,-0.0031086852912088304,0.0013515649741539346,0.0005610667916803386,0.0017476928558137366,4.120630463300921
1781531066.8527906,0.010127632401485622,0.8544152438592562,0.3756937020698213,-0.26639644888861963,0.027283939723944828,-0.03252322331904832,0.0074133586375412786,0.8554548470916251,0.37917965361165584,-0.2665089197567755,0.02715337315060662,-0.03283682248666764,1.5209544178412641e-05,0.00023282083475535862,0.00014188391771312062,0.002282083172414481,4.972335200704592e-05,-0.0004639231990223007,0.0015752034238066895,-0.0019162723242802811,-0.007613876047989816,-9.176312454297035e-05,0.0007797054364759268,0.002026696827349754,4.538712934126519
1781531066.8627944,0.010590967166897395,0.8543584142808929,0.37550271185500717,-0.2663951804373589,0.027296003081816567,-0.03253799292739859,0.0074133586375412786,0.8554548470916251,0.37917965361165584,-0.2665089197567755,0.02715337315060662,-0.03283682248666764,1.4413084785379678e-05,0.00024270575525448028,7.279310250638091e-05,0.0020511258361498247,0.00021378349018880144,-0.0005341035237013013,0.003753709719805453,-0.0017863693061249042,-0.007944982147390936,0.0020686557440704532,0.0009817249998969094,0.0014604582773701364,4.981893370604554
1781531066.8727922,0.010591863426476876,0.8543615617859811,0.37549459734994906,-0.266395982863516,0.027306089756831353,-0.03254989078805233,0.0074133586375412786,0.8554548470916251,0.37917965361165584,-0.2665089197567755,0.02715337315060662,-0.03283682248666764,1.3591080148752362e-05,0.000247565775690668,1.640648845319339e-05,0.0018219321635684715,0.0003308553480392033,-0.0005720688369427806,0.004386722778094815,-0.002521307945891944,-0.009364450749401397,0.0012491191482751425,0.0009217713123923212,0.001670809940948414,4.987765542281237
1781531066.8827903,0.011054832620388947,0.8543037201005953,0.3753059686530964,-0.26639831492316973,0.02731441927415612,-0.032559311265388954,0.0074133586375412786,0.8554548470916251,0.37917965361165584,-0.2665089197567755,0.02715337315060662,-0.03283682248666764,1.2758984109778874e-05,0.00024833035986866417,-2.906705833656378e-05,0.0016003336679498536,0.00040951615676917215,-0.0005848569584159929,0.00619059622472449,-0.003663946929356782,-0.012101976559024317,-0.0007477090621213505,0.002254001271875052,0.0011277396578773672,5.439748273165174
1781531066.8927805,0.011517652538433003,0.85424545199095,0.375118320949662,-0.26640172922029365,0.027321204219840522,-0.03256661765311268,0.007636665887392924,0.8553219577377524,0.37869698559870746,-0.26650869115663745,0.02717714457005016,-0.03274941749034907,1.1929330465629078e-05,0.0002457975497130094,-6.520369170550104e-05,0.001390491786570051,0.0004572438968908027,-0.0005784303468860759,0.009703651365303914,-0.004206853126407482,-0.014229811387894229,-0.0007891972914525336,-0.001061404270609729,0.0015528060679289512,5.387741890511961
1781531066.90277,0.011518106973165238,0.854247332932758,0.3751131754886996,-0.26640586092046925,0.027326646159082424,-0.032572140021703305,0.007636665887392924,0.8553219577377524,0.37869698559870746,-0.26650869115663745,0.02717714457005016,-0.03274941749034907,1.111215006454777e-05,0.00024064977318932756,-9.338701381613176e-05,0.0011952027198207974,0.00048048824073410474,-0.0005577824981377238,0.011130698505188844,-0.004393102482472235,-0.01479799145628585,0.0008069905315336095,-0.0002727098388994095,0.0014175090753621165,5.391112897948363
1781531066.9127915,0.012018321060786824,0.8541740337490533,0.37488622760275153,-0.2664806282462882,0.027355118244881682,-0.032618219329136985,0.007636665887392924,0.8553219577377524,0.37869698559870746,-0.26650869115663745,0.02717714457005016,-0.03274941749034907,0.00023637512787846217,0.0001140337432384611,-0.00036874408846472974,0.00026206134508602145,0.0008599715408823393,-0.0009001687481395926,0.012241022556823591,-0.004102748556504942,-0.014260602533132865,0.0012672565169751563,-0.0007573664836617341,0.00205686260310279,5.91933341231109
1781531066.9227939,0.012512892841508808,0.8541023711453203,0.3746659294116728,-0.26654372865211245,0.02737851868406982,-0.03265597231255714,0.007636665887392924,0.8553219577377524,0.37869698559870746,-0.26650869115663745,0.02717714457005016,-0.03274941749034907,0.0004142150858419725,1.0944870404224914e-05,-0.000585120993331935,-0.00044428334392386385,0.0011207622580664237,-0.001132070458822734,0.013689836139346745,-0.0031006916282621923,-0.011877120776642366,0.0020221937245701914,-0.00015527552104499542,0.0011660682539455906,6.4431665155819795
1781531066.9327893,0.013002519073399795,0.8540321475271376,0.37445146653584943,-0.2665963599364478,0.02739747925849123,-0.03268645284524477,0.007636665887392924,0.8553219577377524,0.37869698559870746,-0.26650869115663745,0.02717714457005016,-0.03274941749034907,0.0005517317038182495,-7.195079164996166e-05,-0.0007514084862813495,-0.0009613623451298019,0.0012854829691785346,-0.0012748412224728668,0.013546761881477055,-0.002656375786645335,-0.010212640722373822,0.0018362612963321813,0.0009744619128714541,0.0009464516896336102,6.962788443308988
1781531066.9427898,0.013487824832498397,0.8539631914328536,0.3742421093647227,-0.2666397062038015,0.027412594715068517,-0.032710649720526425,0.00827041754125607,0.8551410048571335,0.3780641675196276,-0.266458874636791,0.027207689852795758,-0.03271400020894133,0.0006551353518535526,-0.00013758551401926635,-0.0008753785127395417,-0.0013224770917680193,0.0013737134830349078,-0.0013469205311908263,0.014585994088068103,-0.002262796875923714,-0.009168452522835371,0.0027815576668657224,0.0007226366995611883,-0.00015566884399337524,6.573941880226652
1781531066.9527974,0.013969369027853696,0.853895353398471,0.37403720589067385,-0.26667490887375594,0.02742441579743904,-0.032729475888462686,0.00827041754125607,0.8551410048571335,0.3780641675196276,-0.266458874636791,0.027207689852795758,-0.03271400020894133,0.0007298437942545554,-0.00018853195884654874,-0.0009638063871059933,-0.0015568483935158074,0.0014022178674742685,-0.0013640596480137337,0.014408507154390394,-0.002560958517755863,-0.00962435499445119,0.0017000215917644308,0.0034486825877913596,-0.000530909025410084,7.088449447102474
1781531066.9627867,0.014454450976437305,0.8538357601004143,0.3738706179157534,-0.2667391607607674,0.027473217480864953,-0.03276547488645562,0.00827041754125607,0.8551410048571335,0.3780641675196276,-0.266458874636791,0.027207689852795758,-0.03271400020894133,0.0008049437710367399,-0.00019362054502286213,-0.0007949577589277536,-0.002077792870374677,0.0018663279619974733,-0.0014536945682760147,0.015408917395666395,-0.002685559916401926,-0.009935099219669778,0.0025224866927631797,0.0024636396739535714,-0.0006955298895689886,7.58497143584182
1781531066.972787,0.014935635463083453,0.8537759046648175,0.3737023610098851,-0.26679124883773037,0.027512960064448366,-0.03279401537273867,0.00827041754125607,0.8551410048571335,0.3780641675196276,-0.266458874636791,0.027207689852795758,-0.03271400020894133,0.0008550325612564789,-0.00019525215648751295,-0.0006493376914076525,-0.0024112459431629555,0.0021629812906650177,-0.0014810634215499483,0.015459989941512124,-0.0030555064244447505,-0.010627862231490513,0.002178160883983009,-0.0006302864026978524,0.001588123661420399,8.081706781920682
1781531066.9827373,0.015413445304225719,0.8537158263351403,0.37353259988875614,-0.26683279674465593,0.02754482767197164,-0.03281618558042047,0.00827041754125607,0.8551410048571335,0.3780641675196276,-0.266458874636791,0.027207689852795758,-0.03271400020894133,0.000884408366560917,-0.00019408792729082525,-0.0005242100428688862,-0.002595090070767124,0.002326045271271145,-0.0014610292554232149,0.016991008561485214,-0.003596102813158154,-0.011805328823358443,0.0004777653971219202,-0.0038852315641166313,0.0022639291019899838,8.57840804784128
1781531066.992757,0.015426171487647251,0.853716286290864,0.3735432117067941,-0.2668653096580306,0.027569922927168644,-0.03283297542876999,0.00827041754125607,0.8551410048571335,0.3780641675196276,-0.266458874636791,0.027207689852795758,-0.03271400020894133,0.0008967841223866401,-0.00019069402423870085,-0.0004171186524759556,-0.002661804619018587,0.002384552181486994,-0.001406025999065627,0.018956545906030922,-0.004582955904519484,-0.013797912464495094,-0.0016567253372062546,0.004593374519655882,-0.0011639740034419229,8.583337287789584
1781531067.0028143,0.015898583677006004,0.8536558830278983,0.3733708844558888,-0.26689016276474287,0.027589257243270104,-0.03284527404191599,0.009086930870200738,0.8549739030536946,0.37749661642790855,-0.2664057733666764,0.02724527699372392,-0.032689461518936605,0.0008953558815073489,-0.00018555320307426512,-0.0003258632425477769,-0.002638931520400338,0.0023631168334135202,-0.0013263271745289859,0.02207801349545865,-0.005289423662665881,-0.015214695196241091,-0.0033359797577917068,-0.00037843873829739613,6.241426266068587e-05,8.072016789737505
1781531067.0127888,0.01636874608347477,0.853609618625489,0.3731753109495319,-0.2670084736664048,0.027572179724826285,-0.03276915831130525,0.009086930870200738,0.8549739030536946,0.37749661642790855,-0.2664057733666764,0.02724527699372392,-0.032689461518936605,0.0009033190833870658,-0.00013521138309098308,-0.000381728418596615,-0.0036652037617783944,0.0017056372166377098,-0.00042951099277867863,0.023242419360549063,-0.00522691612371333,-0.015517552816232133,-0.002780845564429104,0.0023073273791221296,-0.0005580311560132727,8.576700171905367
1781531067.0227768,0.01683721588193737,0.8535610528480276,0.3729820444187921,-0.2671045983480738,0.027556413215543474,-0.03270434357748857,0.009086930870200738,0.8549739030536946,0.37749661642790855,-0.2664057733666764,0.02724527699372392,-0.032689461518936605,0.0008982657580746724,-9.308505604695269e-05,-0.00042173859542938435,-0.004333832804062253,0.0011663081364589954,0.0002541842551940233,0.02414124595465301,-0.0052165775536524095,-0.01519750059307624,-0.0020705433985509962,0.004707662958721926,-0.0013613250183521076,9.079891182844655
1781531067.0327566,0.017304263640274035,0.853510468346983,0.3727907790117393,-0.26718146826444805,0.027542059451538314,-0.03264977040442728,0.009086930870200738,0.8549739030536946,0.37749661642790855,-0.2664057733666764,0.02724527699372392,-0.032689461518936605,0.0008828271449563291,-5.808768950650903e-05,-0.00044851383499291384,-0.004716188553694578,0.0007302716557603302,0.0007594845194544234,0.023768276673590542,-0.004819382486794856,-0.014419815389843483,-0.0016441837884316663,0.0035113180473042237,-0.0003858060114072603,9.581811143116271
1781531067.0427861,0.01730792613747473,0.8535188077791198,0.3727829332515966,-0.26724180693240435,0.027529156229948448,-0.032604364703668065,0.009086930870200738,0.8549739030536946,0.37749661642790855,-0.2664057733666764,0.02724527699372392,-0.032689461518936605,0.0008592471245104636,-2.9256713233099438e-05,-0.0004643251527695888,-0.004873582437691875,0.0003835669472254786,0.0011172909554135468,0.023932958834238578,-0.004787662756549301,-0.01453513615254913,-0.0024620620351236892,0.0028254939037815757,0.0004227649563345371,9.587537459080792
1781531067.052825,0.017772788004683807,0.8534649377118425,0.3725948735488086,-0.2672881075200892,0.027517692383249637,-0.03256707078177311,0.010270663593017981,0.8547177938287416,0.3767403730965836,-0.2665264250227775,0.027357581150044386,-0.03273396665483168,0.0008294301836399599,-5.74126725739243e-06,-0.0004711345830390382,-0.004858111069330943,0.0001132877240346873,0.0013547933254206559,0.0247655453311305,-0.004563745151132626,-0.014024558463977169,-0.002760569443965254,0.007508653351599847,-0.002024673966789048,8.662371825220063
1781531067.0627892,0.018298465631665053,0.8534210980630899,0.37239425984173874,-0.26752106473117243,0.02753269884511944,-0.032553379862607784,0.010270663593017981,0.8547177938287416,0.3767403730965836,-0.2665264250227775,0.027357581150044386,-0.03273396665483168,0.0011769756041764734,6.73600097733503e-06,-0.0005353655394723857,-0.006875112985205593,0.00021842979266069312,0.0013942767912173695,0.025156879107604776,-0.004606568660491917,-0.01468202877351188,-0.0034265897604968763,0.005607464340612775,-0.00029868166274645464,9.220397274754669
1781531067.0727863,0.018814426046250145,0.8533741373689211,0.3721968217147019,-0.26771072186750144,0.027544789578188844,-0.032543048830079344,0.010270663593017981,0.8547177938287416,0.3767403730965836,-0.2665264250227775,0.027357581150044386,-0.03273396665483168,0.0014410622610881991,1.666706496079612e-05,-0.0005801448018776067,-0.008198193033952545,0.0002912396794158888,0.0013856963169845765,0.026279434081469755,-0.004777325541630157,-0.01437914586560662,-0.0028357485970672397,0.005300581083530763,-0.0007867202867720201,9.76960330305565
1781531067.0827332,0.019321902350151552,0.8533244713666371,0.37200214149229216,-0.26786274433680984,0.027554363671577597,-0.03253551727272186,0.010270663593017981,0.8547177938287416,0.3767403730965836,-0.2665264250227775,0.027357581150044386,-0.03273396665483168,0.001634804217132176,2.44282678662488e-05,-0.0006087413678241712,-0.00896512476924127,0.000337828766377284,0.0013413377676920388,0.026058673780392005,-0.004891704409405962,-0.014692004033589591,-0.004400584591228088,0.0030475383576882903,8.41771411575943e-05,10.311018827349109
1781531067.092748,0.019359802507656423,0.8533332559138038,0.3719915171671438,-0.2679824071870893,0.02756178934174569,-0.03253028887078799,0.010270663593017981,0.8547177938287416,0.3767403730965836,-0.2665264250227775,0.027357581150044386,-0.03273396665483168,0.001769620428595871,3.034922223225604e-05,-0.0006239845519919458,-0.009294360517725135,0.00036349443865625944,0.0012713859359303535,0.025821824184421836,-0.00470843587959432,-0.014161351887891162,-0.0043766256203115386,0.0020457624481496892,0.0009575906371785992,10.34799613867683
1781531067.1027935,0.01985348525419588,0.8532793105717824,0.3718012661875947,-0.2680745485938967,0.027567401517773593,-0.03252692886801545,0.011614315325387259,0.8544737881841302,0.37600271814647157,-0.26671762753214145,0.02740284432484108,-0.03272647597481816,0.0018554243760317182,3.471784997313277e-05,-0.0006283148531517364,-0.009286633502872397,0.00037277902675199233,0.0011841725492374947,0.027609556786848597,-0.004768849673362646,-0.014231082486149411,-0.005417299116860972,-0.007154298206367553,0.0032041246007380856,9.32538988165829
1781531067.1127782,0.02029841542794055,0.8532226137307454,0.3716393618320831,-0.2682896912378939,0.02755845130622525,-0.03259201758416588,0.011614315325387259,0.8544737881841302,0.37600271814647157,-0.26671762753214145,0.02740284432484108,-0.03272647597481816,0.0016197688173371146,-2.1971369217628778e-05,-0.0004380387569399933,-0.010601981787716793,0.0004251877689749802,0.00034408907779561414,0.02799887117358555,-0.0048594570927715,-0.014672167880265818,-0.005578375779375118,0.001005747087764007,0.0017618053982618894,9.798872916324738
1781531067.1227338,0.020744844997138065,0.853164401940469,0.37147514706564283,-0.26846091524029064,0.027550452284979432,-0.03264696255963352,0.011614315325387259,0.8544737881841302,0.37600271814647157,-0.26671762753214145,0.02740284432484108,-0.03272647597481816,0.0014100667459990633,-6.720155286340315e-05,-0.0002797398195163906,-0.011297321112960881,0.00045285237678759256,-0.00029477564290564685,0.029377916184816798,-0.005077228394557572,-0.015566032337977218,-0.006994517402169911,-0.0016605457634545544,0.0029514503139735433,10.275211156651125
1781531067.1327708,0.021192677607216142,0.8531049427897418,0.371308857691509,-0.26859454571806324,0.02754338682317803,-0.03269280325794301,0.011614315325387259,0.8544737881841302,0.37600271814647157,-0.26671762753214145,0.02740284432484108,-0.03272647597481816,0.0012238565756936735,-0.00010265961806782707,-0.0001491170949303444,-0.011509075766633741,0.0004612109965925023,-0.000765386502397215,0.029705560587038687,-0.005058877832951741,-0.01542065263585816,-0.00739596005776664,0.0001708538865783725,0.0016846222831749442,10.754119568163723
1781531067.1427913,0.021641819014179914,0.8530444786902852,0.3711407055899118,-0.2686963508914408,0.027537215683697713,-0.03273056772672106,0.011614315325387259,0.8544737881841302,0.37600271814647157,-0.26671762753214145,0.02740284432484108,-0.03272647597481816,0.0010588645447685062,-0.00012982359925512092,-4.2367213524114374e-05,-0.011352700790366797,0.00045486890914666944,-0.001097048545346182,0.030547233826116744,-0.005070998750536871,-0.014733004988485617,-0.0069511089886461356,0.0003112699300722638,0.0003217634658869298,11.235342538529506
1781531067.1527486,0.022092177615263817,0.8529832252849796,0.37097088179851023,-0.2687715238240451,0.027531884584747868,-0.03276124730646604,0.013019423087658688,0.8542306998015774,0.3752706529768777,-0.2670336273333368,0.027364582937030146,-0.03265668622815031,0.0009129964830435871,-0.00014998511724577398,4.3865560915476516e-05,-0.010924779377898942,0.0004376807452205801,-0.0013155224575880024,0.03002881383844388,-0.0048807259636148076,-0.014795484546996387,-0.008705109611123535,0.0011836894646749712,-0.000770394288102989,10.117267396587877
1781531067.1627896,0.0225603408971364,0.852934615575013,0.3707919352407745,-0.2689225602767751,0.027536938371724773,-0.03275304780125793,0.013019423087658688,0.8542306998015774,0.3752706529768777,-0.2670336273333368,0.027364582937030146,-0.03265668622815031,0.0008901407524461462,-0.00012165910878865945,7.52701594357696e-05,-0.011383464448249761,0.00041863830813257006,-0.0010709874109382654,0.030984176607597096,-0.004919634333200806,-0.014399712503072927,-0.008861107376691846,-0.0003693860309217997,-0.0004773598671338441,10.619221229885165
1781531067.172791,0.022595272929277117,0.8529602012576667,0.3707890105355642,-0.26906041338290826,0.027559759091030145,-0.0328079550888407,0.013019423087658688,0.8542306998015774,0.3752706529768777,-0.2670336273333368,0.027364582937030146,-0.03265668622815031,0.0010411683823976802,2.0206093475408203e-06,6.914732367457081e-05,-0.011629326159727149,0.0007717733850789674,-0.0014654879766775283,0.03034100520787428,-0.005450200791416745,-0.015681913242398714,-0.009812052858879136,0.004727970612049187,-0.0006375261426366313,10.648764515711942
1781531067.1827486,0.023086726154573724,0.852920263991462,0.3706050694181862,-0.2691656420733034,0.027578620149945277,-0.0328526509545181,0.013019423087658688,0.8542306998015774,0.3752706529768777,-0.2670336273333368,0.027364582937030146,-0.03265668622815031,0.0011492166484330629,0.0001012817634043674,6.335590870727903e-05,-0.011495216451474919,0.0010152558152112016,-0.0017209447937929657,0.030340999647674578,-0.005094741624966678,-0.015068309475921882,-0.008936314947791006,0.0023431859848092344,-0.00016253466455084362,11.172980936020705
1781531067.1927912,0.02357326296660975,0.852876479481339,0.3704216384769135,-0.2692435457290158,0.027593999514160972,-0.03288847177772376,0.013019423087658688,0.8542306998015774,0.3752706529768777,-0.2670336273333368,0.027364582937030146,-0.03265668622815031,0.0012213931537652933,0.000179682610186781,5.790393256350797e-05,-0.011080077796424354,0.0011699104875709846,-0.0018652319762763523,0.030630153929705112,-0.005045602679444023,-0.014876741145889171,-0.009094828370204389,0.001411849566330136,-0.00012502671118537077,11.693177091242033
1781531067.2027678,0.024055542378789978,0.8528294170882087,0.37023863508369215,-0.2692988430263623,0.02760635015387458,-0.03291666195785839,0.014618018584903858,0.8539683469256398,0.3744939754059033,-0.26749962959528834,0.02739082118991698,-0.03268354951384772,0.001263858223063621,0.00024034394400185592,5.279353086772857e-05,-0.010465737011926459,0.001253773239134671,-0.0019222767461594455,0.031721456353322894,-0.004624686539588376,-0.014069889024870243,-0.008429961182063623,0.002575383226235326,-0.0016675158814232279,10.41498621182926
1781531067.212789,0.02451186468310637,0.8527638079580663,0.37006517707865466,-0.2693110602371692,0.02758030705454728,-0.03284646467373678,0.014618018584903858,0.8539683469256398,0.3744939754059033,-0.26749962959528834,0.02739082118991698,-0.03268354951384772,0.0011625647622425215,0.00018263716843713675,0.00010014113650537752,-0.00947751391799899,0.0006389162502644262,-0.0010496486315982694,0.03253074383543612,-0.005245740136434904,-0.015067778446880972,-0.010092917327858263,-0.0017991927243929727,-0.0005117180912359398,10.906574135023357
1781531067.2227921,0.0249683865278655,0.8526982362136694,0.3698906732135601,-0.2693126052597242,0.027558087235747042,-0.03278633714978932,0.014618018584903858,0.8539683469256398,0.3744939754059033,-0.26749962959528834,0.02739082118991698,-0.03268354951384772,0.0010665182154005175,0.0001339975199280254,0.00013688163326678454,-0.008477646166305688,0.0001607087875406414,-0.00036710570633452456,0.03299745211943619,-0.005206042441970723,-0.014870029407037424,-0.01011168442574358,0.0008671805129744775,-0.0009517363628960463,11.398845943751569
1781531067.2327864,0.025425153803388802,0.8526327805638263,0.36971522654813344,-0.269306111461141,0.027539340285006153,-0.032735400405572435,0.014618018584903858,0.8539683469256398,0.3744939754059033,-0.26749962959528834,0.02739082118991698,-0.03268354951384772,0.0009759007575056702,9.325303132323433e-05,0.00016464148839748168,-0.0074964226546057455,-0.0002020151835677212,0.00015433465350287638,0.03337281451725105,-0.005337066252049401,-0.015164716087264156,-0.009452437388037782,0.0006033957599072486,0.0001896034363948297,11.891776561265443
1781531067.2427924,0.02588219667815834,0.8525675021040681,0.36953893279882427,-0.2692937720127948,0.02752370866448861,-0.03269274424524782,0.014618018584903858,0.8539683469256398,0.3744939754059033,-0.26749962959528834,0.02739082118991698,-0.03268354951384772,0.0008907898416619054,5.936283916570382e-05,0.00018484017998381762,-0.006556027462553037,-0.00046827745685986365,0.0005407967382833952,0.03430074168450346,-0.005040261389209254,-0.015265411107937176,-0.009165667415264504,-0.0009961500972099288,6.525892779042984e-05,12.385334939703775
1781531067.2527287,0.026339532954657813,0.8525024464493429,0.3693618806749047,-0.2692773902298879,0.02751083925995701,-0.032657460008871375,0.016253459467586495,0.8537128476665801,0.3737498992757175,-0.2679767955354445,0.027346635513336937,-0.03270577464258646,0.0008111778716626691,3.14045153210432e-05,0.0001987130345434744,-0.005671964770786149,-0.0006549721135334373,0.0008155483994648033,0.03473980724140492,-0.004637200298640219,-0.014595064938320626,-0.007633958144815114,0.004351942734905251,-0.0020646986188779535,11.065652115188291
1781531067.2627854,0.026328738244056116,0.8525004327701234,0.3693733492594001,-0.2691289130338542,0.027501326202098886,-0.03260620735125788,0.016253459467586495,0.8537128476665801,0.3737498992757175,-0.2679767955354445,0.027346635513336937,-0.03270577464258646,0.0007000943857812126,6.726869200632078e-05,0.0002425032683418273,-0.0034471098537848252,-0.0008317125251214462,0.001238051781362276,0.035308346948983785,-0.0047403424782474935,-0.015151781032466177,-0.007542815414995859,0.0021168319217781946,-0.0008672301694465206,11.05148778898376
1781531067.2727892,0.02680158515789661,0.8524402568196539,0.36920486361156507,-0.2690807002202482,0.027494698404164408,-0.03261399388727937,0.016253459467586495,0.8537128476665801,0.3737498992757175,-0.2679767955354445,0.027346635513336937,-0.03270577464258646,0.0007257931974099074,8.796268312842604e-05,0.00030510114096499,-0.0025420907114707533,-0.0007878620608393742,0.0010017374556188705,0.03646436588359119,-0.00439825644414533,-0.014440187638569156,-0.006570788061099039,0.000885352312325061,-0.0019137303922341924,11.555941858225061
1781531067.2827945,0.02727256597811695,0.8523798115073916,0.3690343613753726,-0.26903784420672666,0.02748957594955659,-0.032621622677972084,0.016253459467586495,0.8537128476665801,0.3737498992757175,-0.2679767955354445,0.027346635513336937,-0.03270577464258646,0.0007372269766770103,0.00010346068710950267,0.00035148709126419964,-0.0017944071512773089,-0.0007334416099026627,0.0007972526101578455,0.03227234678523163,-0.004688376692826392,-0.01469807659721824,-0.007577786860268432,-0.0033978123899253273,0.0013097815271468853,12.059601626161113
1781531067.2927945,0.02774193552974049,0.8523191653783483,0.3688620932930862,-0.2690001749382147,0.02748572166785679,-0.03262892435481461,0.016253459467586495,0.8537128476665801,0.3737498992757175,-0.2679767955354445,0.027346635513336937,-0.03270577464258646,0.000737064293351813,0.00011459111666634701,0.0003842707884820499,-0.0011850758089210903,-0.0006725907752112096,0.0006222143871383388,0.027104024075731672,-0.003753441493611344,-0.012300241155115785,-0.0051224017167783775,0.0033747027806955935,-0.0007928367893002417,12.562566611766181
1781531067.30279,0.028209918615272726,0.8522583716892101,0.36868828440189355,-0.2689674230268731,0.02748292311831979,-0.03263578099195408,0.017952770509456206,0.8534863817503517,0.3730163364861757,-0.26834134448777797,0.02739694997680031,-0.03276409720550599,0.0007275943425564251,0.0001220743408900072,0.000405719559381327,-0.0006960860495393458,-0.0006085873099930745,0.0004740312159917706,0.024204805385021285,-0.0033381506462124974,-0.011392891346621022,-0.003787160039391045,0.006685538032773814,-0.0006695202476449482,11.200407618438694
1781531067.312792,0.02867671319020888,0.8521974713451544,0.3685131360472634,-0.2689392520304854,0.02748099221215483,-0.03264211643207225,0.017952770509456206,0.8534863817503517,0.3730163364861757,-0.26834134448777797,0.02739694997680031,-0.03276409720550599,0.0007107727612048829,0.00012653486654117492,0.0004177971780407094,-0.00031064906327762297,-0.0005439734736315109,0.00035002611866653637,0.022649044812829547,-0.002995784463483788,-0.010619650620213248,-0.002136000652328846,0.0037333298675360296,0.0010174907110523,11.702266910548355
1781531067.32279,0.02866483555378924,0.8521988743002933,0.3685278597204333,-0.2687326808702496,0.02749721508984493,-0.032635311121780614,0.017952770509456206,0.8534863817503517,0.3730163364861757,-0.26834134448777797,0.02739694997680031,-0.03276409720550599,0.0005853085731809661,0.00020595555043787642,0.00046616283147032337,0.001976307818736197,-0.000332663170357447,0.0004304469113986778,0.024192435208304896,-0.0030987560903832797,-0.010148532007278247,-0.001684561279509376,0.0005860497555291286,-0.00031758771522089296,11.685565310441227
1781531067.3327506,0.029116526659423127,0.8521393513789487,0.3683585241522239,-0.2685607634303543,0.027511048747026257,-0.032630047538566326,0.017952770509456206,0.8534863817503517,0.3730163364861757,-0.26834134448777797,0.02739694997680031,-0.03276409720550599,0.000477172837507952,0.0002671026772784673,0.0004990827231445091,0.003635750578931623,-0.00016523272055842412,0.00047891656549520277,0.02495879941790771,-0.0027990109424970763,-0.009469352836582927,-0.0008820077350435418,-0.002256307529118274,0.0003797677884876208,12.171243072739939
1781531067.3427901,0.02956945049654139,0.8520798950288782,0.36818704463478247,-0.2684195167425956,0.027522713986069647,-0.03262608361913699,0.017952770509456206,0.8534863817503517,0.3730163364861757,-0.26834134448777797,0.02739694997680031,-0.03276409720550599,0.0003843181077254028,0.0003128054869296993,0.0005191860435080932,0.004779594690459708,-3.526221044809316e-05,0.0005021206745738927,0.02302486583258028,-0.0023602257912416586,-0.008875504238724097,0.0001330564040061084,0.0042623891437261465,-0.0013333376511530633,12.658890891620803
1781531067.3527858,0.030023478532280067,0.8520204958198276,0.3680137114421069,-0.26830511695045667,0.027532435491010476,-0.032623202338092655,0.019179900015957208,0.8533371069793908,0.37250336668205114,-0.2684292231336288,0.027393512347348548,-0.03274323048344441,0.0003049071229231889,0.00034553091237902555,0.0005287458350351239,0.005505808001686368,6.308377071543732e-05,0.0005057598370803214,0.022268796818027035,-0.0020706566738974766,-0.007822931918592816,0.0012429593742080984,-0.002515739061967499,0.0004829997005273438,11.809896873330603
1781531067.3627894,0.030451172833958418,0.8519485153854328,0.3678646502963765,-0.2679935985099692,0.027526510648396396,-0.03259770701763326,0.019179900015957208,0.8533371069793908,0.37250336668205114,-0.2684292231336288,0.027393512347348548,-0.03274323048344441,7.141522565632261e-05,0.00036610274497925595,0.0006708162302375601,0.008297989104479188,-7.852025632401085e-05,0.0007016982706333445,0.021815831148809667,-0.0023539732515211477,-0.009005021627244963,0.0006441431048047919,0.0011505803864114272,0.0006392691078420166,12.267333339375357
1781531067.3727896,0.030883772813118354,0.8518787619512362,0.36771035595190665,-0.26773922125683997,0.027521423204931006,-0.032576905709852846,0.019179900015957208,0.8533371069793908,0.37250336668205114,-0.2684292231336288,0.027393512347348548,-0.03274323048344441,-0.0001169307042184297,0.0003779783663800058,0.0007763666065079645,0.010162936878865114,-0.00018247128915524854,0.0008293044849367444,0.02523492756778375,-0.0030622907664301837,-0.010577358479133138,0.0005377224364900146,0.0024508028025035035,0.0007913230263019828,12.73107852982425
1781531067.38275,0.03085849023938042,0.8518716508439199,0.3677331780437676,-0.2675346209227452,0.027517104025789108,-0.032560190647028045,0.019179900015957208,0.8533371069793908,0.37250336668205114,-0.2684292231336288,0.027393512347348548,-0.03274323048344441,-0.0002666481293547426,0.00038272242672000167,0.0008512622616108081,0.011282091495174496,-0.000255364472068204,0.0009022178537252258,0.027670780491519626,-0.003154083006300436,-0.011067177751688913,0.0015485066089485318,0.0034949664258925846,-0.00028965231153218,12.700068146920902
1781531067.3927925,0.03129919131480802,0.8518054473101783,0.3675703830775037,-0.26737291718663125,0.02751347987104813,-0.03254699463747872,0.019179900015957208,0.8533371069793908,0.37250336668205114,-0.2684292231336288,0.027393512347348548,-0.03274323048344441,-0.00038345855617067976,0.00038168134924357745,0.0009006001255659658,0.01181181432472711,-0.0003029915409520187,0.0009321552169699441,0.02962140978260464,-0.0032895064745508125,-0.011417267768740141,0.002668072426358569,-0.0035995126794526786,0.0013383021899158886,13.174123506762292
1781531067.4027877,0.03174320598288742,0.8517406424707393,0.36740417735424574,-0.26724778066629645,0.027510476510538506,-0.03253679641604017,0.020458574358181714,0.8532011615589248,0.37199876110470825,-0.2683618351637678,0.02736484390231464,-0.032706649806692634,-0.0004723720214920253,0.0003760093099531192,0.0009287957201180002,0.011885395993277205,-0.0003303837089411554,0.0009290721455255063,0.02923838295272106,-0.002813653007534665,-0.010947595778153154,0.0038488962410827446,0.000785479130330487,-0.0006468746876635644,12.271357983217522
1781531067.4127877,0.03180572356470144,0.8517222293130884,0.3674016900351928,-0.26716916554529735,0.027547615910263223,-0.03262332964509798,0.020458574358181714,0.8532011615589248,0.37199876110470825,-0.2683618351637678,0.02736484390231464,-0.032706649806692634,-6.186372992257285e-05,0.00027834657311884314,0.0008512742267451759,0.011471852905827053,0.0003463937761565615,2.3844804539346572e-05,0.029033834211797997,-0.0031284309403545305,-0.01175173695708146,0.0029005484936257373,0.0036829392127624536,-0.003084146194095239,12.331994896243344
1781531067.4227877,0.03232151180079424,0.8516463142244397,0.3672172011216556,-0.2671135777588179,0.027578545177240565,-0.03269604981712387,0.020458574358181714,0.8532011615589248,0.37199876110470825,-0.2683618351637678,0.02736484390231464,-0.032706649806692634,0.00026846518170193194,0.0001964186162821003,0.0007782555443125707,0.010847984462564015,0.0008439595800555037,-0.0006550936559674302,0.028602365278959305,-0.00282102049460519,-0.010938744087828349,0.0037207345601581576,-0.0016452519821825715,-0.0002694955045885415,12.884492650951525
1781531067.4327848,0.03282943895134517,0.8515731023918945,0.36703250462395215,-0.2670767646869562,0.027603973924755998,-0.03275643018006358,0.020458574358181714,0.8532011615589248,0.37199876110470825,-0.2683618351637678,0.02736484390231464,-0.032706649806692634,0.0005302426370060276,0.00012816022878831885,0.0007097768184609088,0.010083603033700496,0.0011936381620161465,-0.0011458897088741868,0.027718229965805107,-0.0024483373962294643,-0.010136252514240003,0.005709393889817515,-0.00031520372561139135,8.803960903296587e-05,13.429540977501372
1781531067.4427855,0.03333046822728481,0.8515021965977779,0.3668476918861647,-0.26705502617067756,0.027624584722531598,-0.0328059122116169,0.020458574358181714,0.8532011615589248,0.37199876110470825,-0.2683618351637678,0.02736484390231464,-0.032706649806692634,0.0007336718374515034,7.174030764639817e-05,0.0006458103428538285,0.009234862961588089,0.0014229455107404524,-0.0014822770465504013,0.026891892976401044,-0.0024027524489582033,-0.010058898959270809,0.0060963865769300424,0.003397677804005812,-0.0008693835691591743,13.96802232998236
1781531067.4527605,0.033825463400542335,0.8514332456945929,0.3666628368648507,-0.26704517726307775,0.027641021120833997,-0.03284587416590397,0.021849311162367602,0.8530599141642597,0.3714540393005501,-0.26816057320467257,0.02731354588853918,-0.032675874350996365,0.0008876829708755745,2.5538887146440848e-05,0.000586276700795979,0.008346147974274479,0.0015557914815610336,-0.0016937591637652826,0.026517468586385425,-0.0025440375323055,-0.01003179462006866,0.006368888914410776,0.004773281607404962,-0.0012102378985522464,13.001149700007227
1781531067.4627883,0.03431519678872005,0.8513659413740863,0.3664779984803131,-0.2670445062148771,0.027653879750638932,-0.03287760923256827,0.021849311162367602,0.8530599141642597,0.3714540393005501,-0.26816057320467257,0.02731354588853918,-0.032675874350996365,0.0010000711294075398,-1.1873976470068357e-05,0.0005310559701944673,0.007451807559511962,0.001612729957241866,-0.0018058620703969275,0.027865292321363446,-0.002580523316972299,-0.00975756095154112,0.0068159908823657,0.0009578370573539957,-0.00079672936529671,13.528814822733494
1781531067.4727979,0.0347231745668893,0.8513184720262373,0.36631198535154935,-0.26704078726333524,0.02762755756473756,-0.03277592140668853,0.021849311162367602,0.8530599141642597,0.3714540393005501,-0.26816057320467257,0.02731354588853918,-0.032675874350996365,0.00060702385337225,5.630291147601895e-05,0.0005928551945152767,0.006648437088581168,0.0008667044172089645,-0.0006141495994601818,0.028456272680339807,-0.002644111360075981,-0.010438800032891797,0.006463310102600927,0.0027650371290500768,-0.0006456118212497389,13.971746436748603
1781531067.482785,0.03513855058128094,0.8512694940420065,0.3661433389954444,-0.2670437458302816,0.027604805020747136,-0.032689638658436174,0.021849311162367602,0.8530599141642597,0.3714540393005501,-0.26816057320467257,0.02731354588853918,-0.032675874350996365,0.0002838044439307992,0.0001103200716836478,0.0006349538753637796,0.005864510853275602,0.00028403655525491495,0.0002955870571510241,0.02939749107734819,-0.0033569043722575247,-0.011556401357281167,0.005274733506111713,0.0009984710603431427,6.45906874540515e-05,14.422656699721433
1781531067.492797,0.03556047229062187,0.8512191147002025,0.3659724155919012,-0.26705162627627554,0.027585349827955463,-0.03261726020893731,0.021849311162367602,0.8530599141642597,0.3714540393005501,-0.26816057320467257,0.02731354588853918,-0.032675874350996365,2.0736489192279444e-05,0.0001522857303488016,0.0006607040557909889,0.005116612261483503,-0.000160290709273371,0.000969142820839582,0.029897926015415757,-0.0037321189382091445,-0.012252588008727305,0.0051148532773813635,0.001519589729004897,7.925567887856953e-05,14.880614255972302
1781531067.5027862,0.035988168556779096,0.8511674429412441,0.36579953027330825,-0.26706297849830984,0.02756889763642656,-0.03255728099413206,0.023289058549329722,0.8529080168418609,0.3709059434339459,-0.2678690626720899,0.027387808100189037,-0.032694072206266314,-0.00019071015452894595,0.00018404501962241158,0.0006730038180643019,0.004416180388201258,-0.0004888068367549913,0.0014472961936615185,0.02986111229170055,-0.003445237406829805,-0.011657916928463335,0.0048550672921040166,0.0005667862639580781,0.0009624232314892137,13.797552241319563
1781531067.5127554,0.03595874709866599,0.8511751964574752,0.36580667232968583,-0.26707662101251606,0.02755514565478201,-0.03250823393184531,0.023289058549329722,0.8529080168418609,0.3709059434339459,-0.2678690626720899,0.027387808100189037,-0.032694072206266314,-0.00035803735199600576,0.00020720848712143112,0.000674350095276902,0.0037704867493792084,-0.0007215611435932825,0.0017659505734007818,0.03139938182838194,-0.00397105904642422,-0.013104225472001562,0.00386036351147261,3.4777261181210197e-06,0.0005050402506453169,13.766852952525747
1781531067.522789,0.036439071776164886,0.8511222609041907,0.3656331422566582,-0.2671440847281459,0.027543363460110992,-0.03249081375464434,0.023289058549329722,0.8529080168418609,0.3709059434339459,-0.2678690626720899,0.027387808100189037,-0.032694072206266314,-0.00021331646378798137,0.00021489118434373875,0.0006879933618829475,0.0026171878958913394,-0.0008173207538219665,0.0017225796342983538,0.03278594673801956,-0.003591833708715746,-0.012065701427487316,0.004908089402448599,-0.0033102574162945956,0.001368938801730257,14.279853094134769
1781531067.5328012,0.03691700256294573,0.8510681202362083,0.36545804986864183,-0.26720327819596806,0.027533762551349206,-0.032477885606070886,0.023289058549329722,0.8529080168418609,0.3709059434339459,-0.2678690626720899,0.027387808100189037,-0.032694072206266314,-9.443548393691256e-05,0.00021833575791297918,0.0006902282355640514,0.001681419870495834,-0.0008666908682163888,0.0016429360329512836,0.033797386814111444,-0.003654419024242883,-0.012032723978584108,0.004934323956278669,0.0017763378294772105,-0.001572568460577067,14.791403647275196
1781531067.542792,0.037392811663888595,0.8510129043305928,0.3652816248022869,-0.2672546546942704,0.02752605836876376,-0.032468677230418796,0.023289058549329722,0.8529080168418609,0.3709059434339459,-0.2678690626720899,0.027387808100189037,-0.032694072206266314,2.195568499189444e-06,0.00021833443335186797,0.0006832764395730715,0.0009342550258962466,-0.000879953271648444,0.001538293497539184,0.032628060836903845,-0.004003865935957086,-0.012560149356014905,0.003505857081923654,0.004238711697986078,-0.0015439779503076915,15.301642507169635
1781531067.5527894,0.037866743766523714,0.8509567372135053,0.3651040672487818,-0.2672987678414055,0.027519985890166687,-0.03246250814794606,0.024915124381543863,0.8527162032851247,0.370286683581954,-0.2676662206483753,0.027351876687906174,-0.03267589874920196,7.974056301080146e-05,0.000215566851068957,0.0006690379181222514,0.00034885622637099447,-0.0008657996822028297,0.0014177836203128564,0.032652604545253934,-0.004013370266346148,-0.012473545115382732,0.0029006223892939953,0.0015148575934717545,-0.0003370395401036421,14.060571738283924
1781531067.5627902,0.03841558912661924,0.8509046126996388,0.3649247639557238,-0.2672719264870519,0.027549936995116653,-0.03257399708940753,0.024915124381543863,0.8527162032851247,0.370286683581954,-0.2676662206483753,0.027351876687906174,-0.03267589874920196,0.0006105986192207107,0.0002899899682505303,0.0006449584945194728,0.0006370516055572081,-0.00013444618650149869,0.00017589462767837911,0.032195369339608336,-0.004146329884848494,-0.012598516801452863,0.002145459875271674,0.0014155361449804658,1.5415889995643495e-05,14.638804283840827
1781531067.5727444,0.03844681182372571,0.850903384028216,0.364924197456987,-0.26722032155755293,0.02754348396482298,-0.03259391610149476,0.024915124381543863,0.8527162032851247,0.370286683581954,-0.2676662206483753,0.027351876687906174,-0.03267589874920196,0.0007728998324323655,0.00028626529331557914,0.0005934506244716641,0.0011368710545290165,-0.00013008375139281,-7.156963273903365e-05,0.030750765072091304,-0.0042342696148827425,-0.013383890945819864,0.0012579719030372499,0.005809961984151206,-0.00044508033139757,14.667962916901047
1781531067.5827403,0.03893537561225647,0.8508416177693836,0.36474164834147177,-0.26717796016618184,0.027538190051652922,-0.03261063824883985,0.024915124381543863,0.8527162032851247,0.370286683581954,-0.2676662206483753,0.027351876687906174,-0.03267589874920196,0.000893397463361313,0.0002796479523445586,0.0005445818672708085,0.0014802494316486787,-0.0001232552999670506,-0.00025502741454391174,0.03194486555714309,-0.00430823601811522,-0.013044015236715306,0.0008907828886689323,0.0005344693406122361,0.0010218920407216417,15.193055362444849
1781531067.5927885,0.03941971012782283,0.8507799828279619,0.36455888054112845,-0.2671436842087336,0.02753390937954836,-0.03262450730043122,0.024915124381543863,0.8527162032851247,0.370286683581954,-0.2676662206483753,0.027351876687906174,-0.03267589874920196,0.0009788094734217328,0.00027079230516983645,0.0004984509357834584,0.0016970126490533969,-0.00011476582882748814,-0.00038550550799356254,0.0319963112476341,-0.004082453526368643,-0.01237214896189509,0.002132158152591438,-0.0006293570379546881,0.0017428659396356609,15.714314652710282
1781531067.6027904,0.039900368741395395,0.8507184708696839,0.36437594930124356,-0.26711640463264985,0.02753050494866871,-0.03263585894354207,0.0265204940102296,0.8525078211915281,0.36964820638091106,-0.26758093300800523,0.027428287479330127,-0.03267805135773237,0.0010349734321177637,0.00026025201590908664,0.00045510238301706173,0.0018129740453969238,-0.00010526401909456523,-0.00047271612796442723,0.0337575636205213,-0.003961129085497255,-0.012437616033149032,0.0027334617739220943,-0.0027409727642811344,0.0006780138289174647,14.492050134817953
1781531067.6127856,0.039915648617889044,0.8507177460448664,0.36437459964384045,-0.26709511393430807,0.02752785015499959,-0.032645013618472135,0.0265204940102296,0.8525078211915281,0.36964820638091106,-0.26758093300800523,0.027428287479330127,-0.03267805135773237,0.0010669461860315706,0.00024849289737734735,0.000414536719366327,0.0018502338945253004,-9.526365932666793e-05,-0.0005251206686297176,0.032758987191999836,-0.004017688739653764,-0.012766227524770354,0.002031538722159661,0.0021917982289073523,0.00046088873143137495,14.506738572507352
1781531067.62273,0.04033158117958034,0.8506596094102986,0.3641995918584852,-0.26727152422387285,0.02753917435230746,-0.0325949904419416,0.0265204940102296,0.8525078211915281,0.36964820638091106,-0.26758093300800523,0.027428287479330127,-0.03267805135773237,0.0007001415282932881,0.00017476920126922537,0.0004505582677888915,-0.00029265898705024785,-0.00011053297554481177,9.137625740549221e-05,0.03405630047408021,-0.004272971975680556,-0.013860219546902254,0.0018804323781191495,0.000830680259366668,0.0007512605740724535,14.96159803636196
1781531067.632795,0.040746889571001074,0.8506161733594516,0.3640275042505698,-0.26728278642044007,0.02749951532312722,-0.0325108291516779,0.0265204940102296,0.8525078211915281,0.36964820638091106,-0.26758093300800523,0.027428287479330127,-0.03267805135773237,0.0003752801259485345,0.0002508076339960035,0.00047556334389993655,-0.00040867374556182633,-0.0007586802363415794,0.0008528862469692568,0.034787784225987044,-0.004509223493167936,-0.014174232031616671,0.001427984879396576,0.0011850535091818127,-0.00035024652496488484,15.413012509245586
1781531067.6427848,0.04116876998896027,0.8505701004525142,0.36385379246442295,-0.26729191175727635,0.02746662412676759,-0.03244098151031488,0.0265204940102296,0.8525078211915281,0.36964820638091106,-0.26758093300800523,0.027428287479330127,-0.03267805135773237,0.0001097349336178375,0.00030867125896232543,0.0004896108772383115,-0.00048441306135159687,-0.001223548642905439,0.0014001133678227381,0.03520409482239365,-0.004778251661742003,-0.01396175894866189,0.0016694427035979153,0.0040593859561802665,-0.0022605165765289758,15.871420334899252
1781531067.652786,0.04159644631339842,0.8505217121172564,0.3636786701007463,-0.267299185659005,0.02743970400062401,-0.032383770580559995,0.02828278470523199,0.8522884217670219,0.3689618973173874,-0.26747961908356055,0.027429985786171063,-0.03267588986293532,-0.00010482807059195904,0.0003512114453253203,0.0004946839929105693,-0.0005279021859057425,-0.0015383675057752434,0.0017718066715668075,0.035232764938452704,-0.004316153320493034,-0.0136942547749933,0.0015134006013196935,-0.00028052845048469143,-0.0002976375859937688,14.432163324533045
1781531067.6627958,0.04202921827163676,0.8504712998760762,0.36350232792498444,-0.2673048727968369,0.02741799455316496,-0.03233759397348143,0.02828278470523199,0.8522884217670219,0.3689618973173874,-0.26747961908356055,0.027429985786171063,-0.03267588986293532,-0.0002757452117983167,0.0003809113592182213,0.000492488405494445,-0.000546036937820978,-0.0017321417357171755,0.00200180430618336,0.03555697735945092,-0.004048335220432494,-0.013169321749848034,0.001958973512142015,-0.0011262960339826114,-0.00017837415452979241,14.902122859263947
1781531067.672789,0.04254102749135392,0.8504036030987279,0.3633195485270714,-0.26738060683165027,0.027461728871723157,-0.032398717421258175,0.02828278470523199,0.8522884217670219,0.3689618973173874,-0.26747961908356055,0.027429985786171063,-0.03267588986293532,3.932304836005507e-05,0.00029907050817235985,0.0004710736445389442,-0.0012951646501032405,-0.0009066610751621712,0.0012660624404139125,0.03538187705495547,-0.004234057226465259,-0.013814806899819605,0.0019302624316652824,0.0014284062610764377,0.00020361538800944346,15.449470173178373
1781531067.6827896,0.043045735440044135,0.8503365345119208,0.36313668527883264,-0.26744315509516053,0.02749900589384624,-0.032451471329306605,0.02828278470523199,0.8522884217670219,0.3689618973173874,-0.26747961908356055,0.027429985786171063,-0.03267588986293532,0.00029175312587086707,0.0002295813431690351,0.00044791346798636573,-0.001821007034023017,-0.0002633315083992399,0.0006801469871207496,0.035087914000274695,-0.004464793597289789,-0.013788712520537693,0.0011473866435708336,0.0014707391177634364,-0.00025187501891365995,15.99023681967342
1781531067.6927886,0.04308198858033725,0.850330728798833,0.36313546190924073,-0.26749411129330686,0.027530424786306407,-0.032496509784454564,0.02828278470523199,0.8522884217670219,0.3689618973173874,-0.26747961908356055,0.027429985786171063,-0.03267588986293532,0.0004907004066387108,0.00017088827838659457,0.0004236455816055441,-0.0021651559096171947,0.000225906951518153,0.00022252784416079642,0.035581176377400416,-0.004430940915573763,-0.013899870233914603,0.000338492621461462,-0.0019255781306634307,0.0003368659756137468,16.024866509894302
1781531067.7027829,0.04357495825751697,0.850264824756586,0.3629525591200296,-0.26753498688447436,0.027556594757651487,-0.03253453414784922,0.030047404052299498,0.8520736601114872,0.368282227255414,-0.2674213609817544,0.02740696985268376,-0.03268339379096799,0.0006441922700081456,0.00012160573373925775,0.00039879595427520006,-0.0023637479754912236,0.0005862970433165671,-0.0001264381723665525,0.03394422522430296,-0.00427524628317675,-0.013307394107371803,0.00024823164883629233,3.8878305295140543e-05,0.0009958100044729567,14.65168831737725
1781531067.7127955,0.04400832486763967,0.8501973077315418,0.3627868281274205,-0.26742193357644317,0.027541648355902337,-0.03253432206923797,0.030047404052299498,0.8520736601114872,0.368282227255414,-0.2674213609817544,0.02740696985268376,-0.03268339379096799,0.0004237198495889741,0.00010916656340508472,0.00046130435857458094,-0.0008714889060700954,0.00036481059943567105,-0.0001535270387491517,0.03520806383457684,-0.004932346015863251,-0.014342648779505694,-0.000660792450763838,-0.0020840964065173516,0.0012352701708082912,15.120430544196706
1781531067.7227561,0.04444555706430337,0.8501308025933757,0.36261856274881427,-0.26732603954696443,0.027528791086944615,-0.03253392026794129,0.030047404052299498,0.8520736601114872,0.368282227255414,-0.2674213609817544,0.02740696985268376,-0.03268339379096799,0.0002413615488824988,9.779748021876041e-05,0.0005056392327343052,0.00027046539178878035,0.00018887340591255746,-0.00016962003788526138,0.036598489705705825,-0.00435740422963591,-0.013584528988985581,0.0008846579812082291,0.0014905955412111665,-0.0001405540457825579,15.593543572135108
1781531067.7327867,0.04488621373906038,0.850065208857931,0.3624480827923895,-0.2672456272655408,0.02751785102285642,-0.032533387122502644,0.030047404052299498,0.8520736601114872,0.368282227255414,-0.2674213609817544,0.02740696985268376,-0.03268339379096799,9.191090504371516e-05,8.743149209332702e-05,0.0005348231169397933,0.001118689760529612,5.18803642110041e-05,-0.00017703402736871758,0.036357903053180395,-0.004870227315269575,-0.014412570474899362,-8.428312089740471e-05,0.0007515987970023421,0.001567756064216269,16.070513089919043
1781531067.742783,0.04532989613316413,0.8500004267355645,0.36227567573907316,-0.26717901603631894,0.02750864688123178,-0.03253276999821715,0.030047404052299498,0.8520736601114872,0.368282227255414,-0.2674213609817544,0.02740696985268376,-0.03268339379096799,-2.9228663944804408e-05,7.800210934695245e-05,0.0005514744037308981,0.00172361401189017,-5.218345030300418e-05,-0.00017774243547568662,0.03823386502021525,-0.004526144509085146,-0.013762882032953094,0.0011021354748574396,-0.0017955462370949596,0.00029854453621355905,16.550876772883854
1781531067.7527895,0.04531403960840348,0.8499969881324084,0.3622832829434759,-0.2671245687976876,0.02750099532810446,-0.03253210671322032,0.03186596651000945,0.8518425123489328,0.36758343753174366,-0.26740925322912673,0.027291418458972094,-0.03260050323810569,-0.00012610590078448924,6.944408810706888e-05,0.0005578538690756886,0.002129683289415948,-0.00012872613488146552,-0.0001734073731400527,0.035960285582337236,-0.0046657166884963245,-0.013972463337973496,0.00010034018024653365,0.0021594445936932057,0.0005016832342461787,14.5721744552096
1781531067.7627513,0.04579622850798493,0.8499476153599648,0.36211258533439744,-0.26721565077703974,0.02746318810697268,-0.032507048734176744,0.03186596651000945,0.8518425123489328,0.36758343753174366,-0.26740925322912673,0.027291418458972094,-0.03260050323810569,2.4489214271061142e-05,9.903582966982701e-05,0.0005914540615821923,0.0008955127136975462,-0.0005853696272400304,3.178338944011803e-07,0.036796787630370864,-0.004682386020856805,-0.01439448598240703,0.0010496600886755528,-0.001076215890309018,0.0009406594065463684,15.085524773644705
1781531067.7727392,0.04627564560268298,0.84989651840343,0.3619400039506657,-0.26729308530857954,0.02743190951464003,-0.03248611207118418,0.03186596651000945,0.8518425123489328,0.36758343753174366,-0.26740925322912673,0.027291418458972094,-0.03260050323810569,0.00014507262632533415,0.00012153640081228314,0.0006109330705405423,-5.372167970664932e-05,-0.0009114933614448958,0.00013047977752698867,0.038328872996735014,-0.0048630023279197495,-0.01478974643279277,9.588022769902089e-05,-0.00011705334857312692,8.305917214843596e-05,15.597246121473004
1781531067.78278,0.046752625191387176,0.8498438906756579,0.3617657948896013,-0.2673581745412926,0.0274063784058185,-0.03246883708817633,0.03186596651000945,0.8518425123489328,0.36758343753174366,-0.26740925322912673,0.027291418458972094,-0.03260050323810569,0.00024003553468181034,0.0001380592656387252,0.0006188291536429615,-0.0007634800178602304,-0.0011308963183083451,0.0002244372953921947,0.037670926935585713,-0.004606490770711015,-0.014482575266176951,0.0016402752162605835,0.0051314639699462095,-0.002156818683517474,16.10751567437996
1781531067.7927892,0.047227464056841355,0.84978991418008,0.36159018442471236,-0.26741223208663345,0.02738585224757273,-0.03245477903081272,0.03186596651000945,0.8518425123489328,0.36758343753174366,-0.26740925322912673,0.027291418458972094,-0.03260050323810569,0.0003132277140447498,0.0001495740268469446,0.000617326723450453,-0.0012743791217520884,-0.001264331469347804,0.00028869539540355826,0.03795863829695227,-0.0048622413803595796,-0.014544801914380862,0.001464445625353655,0.0018535688620834293,-0.0016426441094823277,16.61649328014311
1781531067.8027809,0.0477004256552687,0.8497347581096864,0.36141337206268576,-0.26745654418288933,0.027369637754173226,-0.03244351648793817,0.033737986671273756,0.8516050815154312,0.366856736484723,-0.2673759387142406,0.0273803987040786,-0.03265241509390625,0.0003680155174316071,0.00015692251320937765,0.0006082984564273826,-0.001622295099596503,-0.0013297014580954812,0.00032894121310464506,0.03731778925053726,-0.00507695418600148,-0.01513004344570241,-0.00015753759239547265,-0.00035828395475531483,-0.00046656208396549527,15.10225242323011
1781531067.812786,0.04770950818855459,0.8497392243574657,0.3614171337377032,-0.2674923413458882,0.027357097505710914,-0.03243465709375107,0.033737986671273756,0.8516050815154312,0.366856736484723,-0.2673759387142406,0.0273803987040786,-0.03265241509390625,0.00040733456479750377,0.000160833313196019,0.0005933430469568485,-0.001838569981550487,-0.0013422832365674723,0.00035009335749093475,0.037448300298427474,-0.004915669265928024,-0.014565320066608994,0.0011828860052374855,-6.337027380834306e-05,-0.0003005300916729071,15.108742981702948
1781531067.8227878,0.04823982246752279,0.8496639024796612,0.3612251770349642,-0.26738923403022963,0.027399056600162286,-0.03247380580764511,0.033737986671273756,0.8516050815154312,0.366856736484723,-0.2673759387142406,0.0273803987040786,-0.03265241509390625,0.0008022361422826553,0.00010232198547196933,0.0004905318202656968,-0.0005007512710169981,-0.000640599673046959,2.088206760709132e-05,0.037083733252287344,-0.0048595671131360626,-0.014779435041662193,0.0010543387594030861,0.0006126721724033982,0.0008449753523749129,15.6775597382517
1781531067.832749,0.048242818162024866,0.8496608428035307,0.36123804632193507,-0.2673084980986077,0.027447994009583088,-0.03254492172484366,0.033737986671273756,0.8516050815154312,0.366856736484723,-0.2673759387142406,0.0273803987040786,-0.03265241509390625,0.0007484642888435755,0.00012345730883953527,0.0005475050211564964,0.0004563088294082384,0.00014999520501791333,-0.0005887753778733355,0.03739395101355273,-0.004794925709810233,-0.014538944126376688,0.0009731639370757443,0.0009133250632222631,0.0002897858374080631,15.676092621866829
1781531067.842785,0.04870711523296348,0.8495976372615012,0.3610671201912216,-0.26724099855682365,0.027489169299115268,-0.03260417563135358,0.033737986671273756,0.8516050815154312,0.366856736484723,-0.2673759387142406,0.0273803987040786,-0.03265241509390625,0.0006958138860347061,0.00013885984955060388,0.0005863041327056306,0.0011609096837661551,0.0007382564230211681,-0.0010294554507761006,0.03722224711054298,-0.004870002910853855,-0.01423977595772037,0.0007635021560385443,0.003877074020668639,-0.0009296380411818284,16.17480445492336
1781531067.852791,0.0491706321797297,0.8495348932551912,0.36089432142441946,-0.26718526367095696,0.02752340065755754,-0.03265292037156538,0.035601406287441906,0.8513603821546404,0.366129902403776,-0.26733700899854307,0.027369139592440472,-0.0326323416099792,0.000644730887746842,0.00014946510042588922,0.0006100219491213939,0.0016570648919833806,0.0011588133102135808,-0.0013314636900581503,0.03657631471306804,-0.00471282136790572,-0.013694461668173109,0.001307648555226876,0.00032813084992547813,0.000803734399535121,14.65836311561922
1781531067.8627865,0.04963349889710236,0.8494725647505919,0.3607199120784545,-0.26713986881305507,0.02755149141282165,-0.03269245712990353,0.035601406287441906,0.8513603821546404,0.366129902403776,-0.26733700899854307,0.027369139592440472,-0.0326323416099792,0.0005955534331839919,0.00015608483651935722,0.0006213323778827841,0.0019834579904599984,0.0014422030414320058,-0.0015213028863302112,0.03854555389330825,-0.004759485986503823,-0.013643864377957823,0.0016616761365158585,-0.001671101620312508,0.0002529017771615079,15.156895225513326
1781531067.8727903,0.050064271333016525,0.8494146219336904,0.3605474397822553,-0.2670662102492031,0.02750463763541533,-0.032625000797673956,0.035601406287441906,0.8513603821546404,0.366129902403776,-0.26733700899854307,0.027369139592440472,-0.0326323416099792,0.00037692393494453795,0.00016864417966161238,0.0006207576681488097,0.0025510656311788756,0.0005974222967817033,-0.0007801743022897306,0.03700254775662348,-0.004813171738540763,-0.014278501820710086,0.0003545432625057263,0.004631896166324403,-0.0002505105779102008,15.624478778014051
1781531067.8827248,0.05003714527125605,0.8494170693312614,0.3605549492669989,-0.2670065790322468,0.027464887648636527,-0.03256743029244466,0.035601406287441906,0.8513603821546404,0.366129902403776,-0.26733700899854307,0.027369139592440472,-0.0326323416099792,0.00019663803443979296,0.00017658959015671324,0.0006124306766498936,0.00290652597686467,-5.188759476893931e-05,-0.00020350695242096176,0.038541328925559094,-0.004640203608098017,-0.013902589944222632,0.0010816613826766758,-0.0011415007927163664,0.0007533169761021946,15.596381862970077
1781531067.8927836,0.05001381955869246,0.8494192253548887,0.36056096818473454,-0.2669590898866148,0.027431548953746,-0.03251884230179623,0.035601406287441906,0.8513603821546404,0.366129902403776,-0.26733700899854307,0.027369139592440472,-0.0326323416099792,4.94177501830929e-05,0.0001807303829766804,0.0005979858729167347,0.0030933014275430367,-0.0005369666158186357,0.0002341478722890159,0.038217340711587826,-0.004986995680482379,-0.014817036244436975,0.0006630037939752919,0.002109749931699004,-0.001407098132570574,15.572372149372509
1781531067.9027874,0.05045607763795368,0.8493605421731176,0.36038405900361004,-0.26692199794918064,0.027403927063113676,-0.0324783142314654,0.03753479113584196,0.8511128491473359,0.36541001987867044,-0.2673192001422061,0.027319012393873576,-0.032638923933221944,-6.939291459415318e-05,0.00018176446282210866,0.000578812884099897,0.003148574302618872,-0.0008857167235876333,0.0005556637662354341,0.03712210847675803,-0.00456897406396142,-0.01416839568051117,0.001607505149993183,0.0038717532501056657,-0.002080506835634074,13.974638003153656
1781531067.9127903,0.05095812508566988,0.849297126612248,0.3602068086894289,-0.26694844977397236,0.027457951166008243,-0.03257221447120852,0.03753479113584196,0.8511128491473359,0.36541001987867044,-0.2673192001422061,0.027319012393873576,-0.032638923933221944,0.00016553205299253026,0.00017099278419244803,0.0005878932876114232,0.002543843502876097,5.005395243199535e-05,-0.0003378745808130968,0.0373020534945001,-0.004546008475849038,-0.014148619799719693,0.001872822871210033,0.00032754867222065456,-0.00016811265860867724,14.51055303332293
1781531067.9227855,0.051454327937223696,0.8492341176730787,0.36002857805117794,-0.2669730294437818,0.027503425430919437,-0.0326508835020769,0.03753479113584196,0.8511128491473359,0.36541001987867044,-0.2673192001422061,0.027319012393873576,-0.032638923933221944,0.0003520260506360987,0.00016017891758454513,0.0005877335868814045,0.002021106281449465,0.0007498157866687311,-0.0009981330409304897,0.03818827760155558,-0.0042960375312038335,-0.013790127102175023,0.0036791551479643803,-0.0005861186881505931,7.673894776937674e-05,15.041378023973435
1781531067.932792,0.05194539406814964,0.8491714705532912,0.3598495319239377,-0.26699553274739196,0.0275412492754461,-0.03271598665787892,0.03753479113584196,0.8511128491473359,0.36541001987867044,-0.2673192001422061,0.027319012393873576,-0.032638923933221944,0.0004972778975491466,0.00014946820627036297,0.0005801582021102096,0.001574113065133034,0.001253592137664026,-0.001465527454626363,0.03734623376999999,-0.00454173139183872,-0.014408736080892128,0.0024463783099595033,0.0010429699100719205,-0.0002692033299364383,15.567705483236033
1781531067.9427364,0.05196978327380464,0.8491698611712867,0.35985153149326654,-0.2670158636813701,0.027572305958247334,-0.03276914308603361,0.03753479113584196,0.8511128491473359,0.36541001987867044,-0.2673192001422061,0.027319012393873576,-0.032638923933221944,0.0006075811647195304,0.00013897602084418897,0.0005667256931001865,0.001196107876471058,0.001596735225138269,-0.0017756198240515414,0.03628421934587188,-0.004578953974618163,-0.013599058416963745,0.001957185089472707,0.002870279915480772,-0.001392415150893266,15.589772077512427
1781531067.9527857,0.05245243235114794,0.8491078328072471,0.35967126102026525,-0.26703400992657866,0.02759744245092466,-0.032811893009101534,0.039421570949738305,0.8508878901496085,0.3647132947899099,-0.26719392865705544,0.02731855547116213,-0.0326604560611433,0.0006884309959607433,0.00012879220877682788,0.0005487614455284575,0.0008801402522026817,0.0018101298018943677,-0.001959361762898308,0.03731228478047094,-0.004548032560021142,-0.01339440065729957,0.0025426185743075615,-0.0032054732729706096,-7.8635950978068e-06,14.085242544559858
1781531067.9627855,0.05293166696120195,0.8490460393048667,0.35949052816094895,-0.2670500221791705,0.02761745535464022,-0.03284567535253341,0.039421570949738305,0.8508878901496085,0.3647132947899099,-0.26719392865705544,0.02731855547116213,-0.0326604560611433,0.0007446119501347507,0.000118984989802177,0.0005273868651623182,0.0006193042727102524,0.001920468008656923,-0.0020434031400747487,0.036119568932325145,-0.0048356354259144144,-0.014181253639309681,0.0017380043297007268,0.0019279464897557646,0.0004988593498065931,14.601109548038808
1781531067.9727802,0.05335072378598191,0.8489892114250718,0.3593297342624126,-0.26696430101493607,0.027565289828908268,-0.03280599496138162,0.039421570949738305,0.8508878901496085,0.3647132947899099,-0.26719392865705544,0.02731855547116213,-0.0326604560611433,0.00044028298884802566,0.00015190154794172001,0.0006045843719757697,0.0014758373124834057,0.0010476275724590847,-0.001552888279298106,0.036593006062565055,-0.0047595178099870275,-0.013851027080176303,0.0011977614888816622,0.004107454120735501,-0.0008834678108600317,15.053537909331096
1781531067.982801,0.05377569464144153,0.8489319864557703,0.35916561409311376,-0.2668935139901477,0.027520861156948184,-0.032770993533442844,0.039421570949738305,0.8508878901496085,0.3647132947899099,-0.26719392865705544,0.02731855547116213,-0.0326604560611433,0.00019039703667918532,0.00017640133024034605,0.0006588957600161618,0.002077213931044571,0.0003649691133366743,-0.0011428471610086673,0.03810454363653555,-0.004683862742149837,-0.013607532732158065,0.001346829424877535,-0.0023330514849410813,-0.0002984205831780916,15.51267827713481
1781531067.9927447,0.054205899655040315,0.8488743968425476,0.3589985855279789,-0.26683585409036503,0.027483445797741535,-0.032740455408052344,0.039421570949738305,0.8508878901496085,0.3647132947899099,-0.26719392865705544,0.02731855547116213,-0.0326604560611433,-1.2617220687724366e-05,0.00019383391374503946,0.0006941466059079874,0.00247094838883854,-0.00015650814690202448,-0.0008043282846928713,0.03652889434975759,-0.004778441897305632,-0.014057341741621121,7.190985009371189e-05,0.00022223043316124436,-0.00016843221038535057,15.97774804258709
1781531068.0027468,0.05464072261488888,0.8488164706848151,0.35882902502672237,-0.2667896080630573,0.027452309639844463,-0.0327140969383876,0.04123711894020088,0.8506554549565275,0.3640391063778704,-0.2671221455812908,0.027339145414664534,-0.03267196204895706,-0.00017543174307995486,0.00020537225126113478,0.0007136494962806463,0.0026983254409178106,-0.0005429449935626339,-0.000528666320816147,0.03644923847721132,-0.004957500314112629,-0.013679114509973936,7.044644335825854e-05,0.001142754198657,-0.0015154459146942336,14.497703345885363
1781531068.0127866,0.05507960698046706,0.8487582330698118,0.3586572703422252,-0.26675317981475627,0.027426730731036075,-0.03269159129382143,0.04123711894020088,0.8506554549565275,0.3640391063778704,-0.2671221455812908,0.027339145414664534,-0.03267196204895706,-0.00030391197218112534,0.00021203264389128127,0.0007202632293320241,0.0027948321585378275,-0.000817623892542987,-0.00030764768098653244,0.03640255169575814,-0.004794242421797189,-0.013888138495068293,0.002275535976034178,0.004559419099142274,-0.001310230957639237,14.972577772278038
1781531068.022782,0.05509625699951571,0.8487610332196531,0.3586646211243022,-0.26673648162250685,0.02743341181359149,-0.03270997519823958,0.04123711894020088,0.8506554549565275,0.3640391063778704,-0.2671221455812908,0.027339145414664534,-0.03267196204895706,-0.00018080371438630074,0.0002277118796942265,0.0007218585885043892,0.002677467808253754,-0.0006050491198526876,-0.0004483654463579366,0.03836666786097158,-0.0052171226423237925,-0.015164618603575231,0.0022003791507165743,0.002050929497345485,-0.0002831660783077129,14.984980253744517
1781531068.032785,0.05557286952766281,0.8487028234178258,0.3584887921512265,-0.26672488854965015,0.027439676594839923,-0.03272518720864934,0.04123711894020088,0.8506554549565275,0.3640391063778704,-0.2671221455812908,0.027339145414664534,-0.03267196204895706,-7.968474353330007e-05,0.00023741340852110338,0.0007139926187468207,0.00251624041599681,-0.000429213819553,-0.0005415293763906761,0.03880615347770789,-0.005321196747557575,-0.015518830003918275,0.001287283333964712,-0.0003804590443638388,0.0002922353600059968,15.496209305708732
1781531068.042786,0.05604749055242608,0.8486442829044624,0.3583116788887756,-0.2667174378785739,0.02744545792655928,-0.03273760622637219,0.04123711894020088,0.8506554549565275,0.3640391063778704,-0.2671221455812908,0.027339145414664534,-0.03267196204895706,2.500538086266184e-06,0.00024219326645321805,0.0006986310179610098,0.0023265613369783775,-0.0002857188475675974,-0.0005965122122379861,0.03972067462376852,-0.004807207135172012,-0.014581629617935557,0.0027000813143867692,-0.0005047217771640591,-0.0010991987368558429,16.006103397081162
1781531068.0527825,0.05652035206151484,0.848585446101508,0.35813348120105837,-0.2667132948923817,0.02745071874821514,-0.03274759260493684,0.043192876791102175,0.8504015944868333,0.3632925103817878,-0.26702957293737795,0.027361741284983143,-0.03271146842353001,6.844499134482795e-05,0.0002429615734722576,0.0006774467729043488,0.0021207565345434873,-0.00017038293267975587,-0.0006213818688156999,0.03912129459602103,-0.004649960419979788,-0.014274853374606065,0.0028959259401114944,-2.3158329433780288e-06,-0.0016821998510893356,14.406095033998572
1781531068.0627916,0.05699166328430943,0.8485263434662348,0.3579543729174301,-0.26671174362922145,0.0274554455526006,-0.03275548293447775,0.043192876791102175,0.8504015944868333,0.3632925103817878,-0.26702957293737795,0.027361741284983143,-0.03271146842353001,0.0001205161604399765,0.00024049977988828416,0.0006518566912451399,0.0019085028080283253,-7.93024758527449e-05,-0.0006230077287634739,0.03819584248780872,-0.005024774090066094,-0.014938889536567135,0.0019459685921387174,-0.0006464205014079557,-0.00014701780508255882,14.913711364504602
1781531068.0727885,0.05746414563781997,0.8484772561329136,0.3577857897379074,-0.26673254729981694,0.027448825417839995,-0.032696300831019195,0.043192876791102175,0.8504015944868333,0.3632925103817878,-0.26702957293737795,0.027361741284983143,-0.03271146842353001,0.00018516701983960394,0.0002730134431616945,0.0006937366558620599,0.001455399756367085,-0.00031068287317783755,4.897255984329227e-05,0.0391138314846954,-0.005370705584819346,-0.015669415065229578,0.0013663870303919391,0.001355695835960766,-0.0010626414818760202,15.417398121777955
1781531068.0827847,0.05793510566246839,0.8484264074056926,0.35761493738389477,-0.26675138475279553,0.02744352256213589,-0.03264664205578843,0.043192876791102175,0.8504015944868333,0.3632925103817878,-0.26702957293737795,0.027361741284983143,-0.03271146842353001,0.00023472073989751162,0.0002956551815926146,0.0007185664192552986,0.0010760674925514337,-0.0004755403721496981,0.0005511258716895966,0.03790809863747436,-0.0051934405587215765,-0.015418690004308469,0.001562549835330409,0.0009630931434679844,0.0007592094320193527,15.920725839221415
1781531068.092813,0.057942521567506323,0.8484346008572943,0.35762379928500687,-0.2667682332962229,0.027439351644968246,-0.03260547811679844,0.043192876791102175,0.8504015944868333,0.3632925103817878,-0.26702957293737795,0.027361741284983143,-0.03271146842353001,0.0002715269858638062,0.0003100851099807884,0.0007293941205477876,0.0007623923501045978,-0.0005860428603344913,0.0009122878372171347,0.03908088541481074,-0.005318235972788502,-0.014995778614236911,0.0010471597353910245,-0.0002439705646037195,-0.0007444374721948503,15.92342207151215
1781531068.1027884,0.058410987200262734,0.848380804724049,0.35744930526780816,-0.26678313038399004,0.027436142843570543,-0.03257180586673017,0.04512448558285598,0.850145305009304,0.362542500804424,-0.26696093760832496,0.02734767836956742,-0.032732469448102625,0.00029763352935878435,0.00031773997588893107,0.000728844144336673,0.0005064978659983094,-0.0006527949324571778,0.001157923446313264,0.038372111018260366,-0.004555245636591433,-0.01380396425042032,0.0021447406501468127,0.0027809688799110524,-0.0011311780240471614,14.338243520746222
1781531068.112788,0.05887844224721346,0.8483258086705611,0.3572733716158377,-0.26679615750768204,0.027433742610397438,-0.032544668607748836,0.04512448558285598,0.850145305009304,0.362542500804424,-0.26696093760832496,0.02734767836956742,-0.032732469448102625,0.0003148198425561444,0.00031985900860794316,0.0007191674428448398,0.00030090089436078877,-0.0006849396432830879,0.0013102751076933359,0.03879764586580773,-0.004643421977892695,-0.013985771273050594,0.003363820589755316,0.003991008473562835,-0.0016921735091856914,14.84067428581783
1781531068.1280153,0.05935063563761122,0.8482604830579645,0.3570900009355146,-0.26679823222011056,0.027403788614578595,-0.03250195368608913,0.04512448558285598,0.850145305009304,0.362542500804424,-0.26696093760832496,0.02734767836956742,-0.032732469448102625,0.00037091854043145423,0.00025312046936980806,0.0006519335599951498,0.0002327927861849191,-0.0010485135767168894,0.0015306720488773692,0.03901205719607122,-0.004763391256730672,-0.01413011594586266,0.0025933413435436374,0.0007531966977616905,0.00082132733605835,15.351405603042384
1781531068.1327312,0.0598212986773358,0.8481956110888696,0.3569064788277647,-0.2668002358063306,0.027379153049318594,-0.03246763683252017,0.04512448558285598,0.850145305009304,0.362542500804424,-0.26696093760832496,0.02734767836956742,-0.032732469448102625,0.0004112531544493953,0.0001963372684743013,0.0005896993437461159,0.00017538829915489306,-0.0012922259346927526,0.0016539099197914087,0.03965696427632243,-0.004934238965119149,-0.014456188127235429,0.000869705563494882,-0.0016734370351100258,-1.7634106641399583e-05,15.86071767729439
1781531068.1427832,0.060290629507051816,0.8481311502056706,0.3567228534220729,-0.2668021309684706,0.027359176722667078,-0.03244055171805971,0.04512448558285598,0.850145305009304,0.362542500804424,-0.26696093760832496,0.02734767836956742,-0.032732469448102625,0.00043842170465868,0.00014826544673571818,0.0005322672963262221,0.00012757529528020678,-0.0014394591549750546,0.0017009762923381674,0.038828471104366685,-0.004870975785421036,-0.01430943062247626,0.0006623195917256066,-0.0008935526979270187,0.0006274685487513191,16.368782384689702
1781531068.1527867,0.06075880204852815,0.8480670638925278,0.3565391664462083,-0.2668038928047061,0.027343238191775532,-0.032419626499951434,0.04709201953732739,0.8499047862056849,0.3618181483338069,-0.2668771835735274,0.027359023113253222,-0.032738295454812674,0.0004546766392009583,0.00010779600509779543,0.00047941802347170837,8.825786560409313e-05,-0.0015103737653370858,0.0016896815004797663,0.03946413844060315,-0.005030603531328496,-0.015078997827487119,-0.0004127150730442668,-0.0030970310738516766,0.0009580668081517336,14.765697317713508
1781531068.1627612,0.06076372389422865,0.8480638366936836,0.3565370731272118,-0.2668055063668935,0.0273307613085223,-0.03240388946947173,0.04709201953732739,0.8499047862056849,0.3618181483338069,-0.2668771835735274,0.027359023113253222,-0.032738295454812674,0.000461964449563608,7.394233901665084e-05,0.000430917332950915,5.6382278272626164e-05,-0.001522164386229453,0.0016349677549282449,0.038076956846958394,-0.0047682393050387266,-0.014705149756915429,4.596170409158888e-05,-0.00024411076617282816,0.0012488046831189356,14.771403131252095
1781531068.1727917,0.061236296683083224,0.8480104080638572,0.35636760497937675,-0.2668091988588692,0.027395186988030895,-0.03243214950324898,0.04709201953732739,0.8499047862056849,0.3618181483338069,-0.2668771835735274,0.027359023113253222,-0.032738295454812674,0.0004773082172434445,0.00012430630329993337,0.0005044581530209982,1.80552721523321e-05,-0.0005962390721856632,0.0013444263803478013,0.03938080226390145,-0.00458238464201465,-0.014202293364096508,0.0008682251291612357,0.0037266066453166768,-0.0015569008054285433,15.27604881435994
1781531068.1827996,0.061707082485693225,0.8479558314928234,0.35619612566555103,-0.26681235855415364,0.027449577225094224,-0.03245725455353342,0.04709201953732739,0.8499047862056849,0.3618181483338069,-0.2668771835735274,0.027359023113253222,-0.032738295454812674,0.00048357780223825847,0.0001631620546006088,0.0005571027519759361,-1.1152060835332561e-05,0.00011384621844553913,0.0010899329935907312,0.03939507861789827,-0.0050488028614911655,-0.01490998908613839,-0.0006532144243735695,-0.003738725970042732,0.0020747123394709217,15.7799121778248
1781531068.19279,0.062176311521001816,0.8479002679116503,0.3560229195708816,-0.26681503245689137,0.027494959442041722,-0.03247930845039369,0.04709201953732739,0.8499047862056849,0.3618181483338069,-0.2668771835735274,0.027359023113253222,-0.032738295454812674,0.00048248343498479636,0.0001922869796634895,0.0005923053651084215,-3.272785436613669e-05,0.000642772887519591,0.0008694153131795364,0.03941669526281156,-0.004960915934799729,-0.014506892330020262,0.0005261641630404918,-0.0006911020881780063,2.257119497184547e-05,16.283078168899767
1781531068.2027855,0.06264419246874034,0.8478438572520947,0.355848232667521,-0.26681726908024317,0.02753235002593324,-0.03249847251492992,0.04907377486348402,0.849658729980003,0.36108097829842856,-0.2668576778571249,0.02729600376060315,-0.032689023555791036,0.0004754913513143926,0.00021323121629789163,0.0006130599674442597,-4.799576018993821e-05,0.0010214853495868733,0.0006803906425941427,0.03738448062857846,-0.004671920780060967,-0.013629225118228002,0.002812184825039353,0.003172394710587994,0.0013351366988881997,14.657135594560694
1781531068.2128036,0.06308933533278456,0.847790269904397,0.3556837110271915,-0.266886280828109,0.027519840959091102,-0.0324874846491225,0.04907377486348402,0.849658729980003,0.36108097829842856,-0.2668576778571249,0.02729600376060315,-0.032689023555791036,0.00033927371693219706,0.00021917281866783446,0.0006852540910432691,-0.0007993965179257479,0.0007463181560298611,0.0006857628119268991,0.03807548233756772,-0.004633427209858802,-0.014054811216791524,0.002264958690578207,-0.005593039094058411,0.003998813718737005,15.13464807387078
1781531068.2227838,0.0635197235877601,0.8477341994132449,0.3555184099427118,-0.26689183748691087,0.027507901236889287,-0.03241916864369003,0.04907377486348402,0.849658729980003,0.36108097829842856,-0.2668576778571249,0.02729600376060315,-0.032689023555791036,0.00012134481713597952,0.0002067673252130215,0.0007426547854357218,-0.0007931792959293457,0.00034245633170078174,0.0012956514458141472,0.04115036726248861,-0.005446042632048478,-0.015493483280340111,0.001919261809367305,-0.0037364145870555643,0.0035531827430349758,15.599083920500647
1781531068.2327328,0.06395458231424926,0.847677266841597,0.3553504136323656,-0.2668958131582793,0.027497241572880693,-0.03236277387369897,0.04907377486348402,0.849658729980003,0.36108097829842856,-0.2668576778571249,0.02729600376060315,-0.032689023555791036,-5.5140214817908705e-05,0.00019418857616814304,0.0007793243316283432,-0.0007668122065121928,3.0480561360736154e-05,0.001717153607470808,0.04228289710937493,-0.005204184120505416,-0.015361851545774215,0.0022477607921016912,-0.0008767857069592096,0.000811523859043002,16.068727328184437
1781531068.2427554,0.0643933823281441,0.8476195834683541,0.3551800749255543,-0.2668984952643301,0.027487832738395168,-0.032316854957394794,0.04907377486348402,0.849658729980003,0.36108097829842856,-0.2668576778571249,0.02729600376060315,-0.032689023555791036,-0.00019611897777967283,0.00018163012770962793,0.0007988868282421429,-0.000726068556329414,-0.00020410801655827,0.0019859668117573268,0.041366254813456876,-0.005558478340779917,-0.015874162014794673,0.00023626855036860896,0.004423384079409964,-0.001623302211536725,16.54294870883777
1781531068.2527852,0.06483564720835913,0.8475612528336024,0.3550077075332538,-0.26690013459778533,0.027479618616626844,-0.03228004216716383,0.04907377486348402,0.849658729980003,0.36108097829842856,-0.2668576778571249,0.02729600376060315,-0.032689023555791036,-0.0003068079171767128,0.00016924710431031223,0.0008044683680402877,-0.0006756677863209346,-0.0003742913215460118,0.0021330174338700008,0.041444715521228595,-0.005931865791210332,-0.016805371118033686,-0.0016180760551451597,-0.0024243840616350173,0.0019277327668981597,17.02118233211014
1781531068.2627802,0.06481872096387001,0.8475628310006994,0.3550152706355479,-0.26690094763891326,0.027472524474841054,-0.03225105995320099,0.051137454368073376,0.849390198925664,0.36030153034202717,-0.26680159393184355,0.0272701910239026,-0.03262769175218025,-0.00039177845816957765,0.00015716181291847096,0.0007987556472839334,-0.0006194104843774439,-0.0004915593001958646,0.002184810475314398,0.04130326786399242,-0.005841043318912855,-0.016546171503215346,-0.001377789142897231,0.005068338872847911,-0.0008798982177428711,14.780421877700132
1781531068.2727265,0.06530550458162164,0.8474982399382139,0.35483024392096035,-0.26687414792490094,0.027479531472431207,-0.03226325166902569,0.051137454368073376,0.849390198925664,0.36030153034202717,-0.26680159393184355,0.0272701910239026,-0.03262769175218025,-0.00021151479508385105,0.00013328030020283056,0.000726433201479053,-0.0002556021594651943,-0.00032890277056517,0.0018381307977191905,0.04120931885069936,-0.005565075089105608,-0.0163666020268043,-0.0007019994191845341,0.002810050460959,0.001578031068860978,15.305166799651948
1781531068.282759,0.06578891589321027,0.8474340823657138,0.354645296904742,-0.2668514191186775,0.02748527114182231,-0.03227521412508169,0.051137454368073376,0.849390198925664,0.36030153034202717,-0.26680159393184355,0.0272701910239026,-0.03262769175218025,-6.412385876734686e-05,0.00011242006622117111,0.0006591700374025062,2.3984297284462244e-05,-0.00019802895901198345,0.0015280605345849845,0.043889052389072224,-0.005637695908821922,-0.01655644904584266,-2.2462735541673443e-05,0.001626159220676809,-0.0003564849264376899,15.826708233733916
1781531068.292739,0.06626934914017525,0.8473703328839827,0.35446045518610647,-0.2668323626679107,0.027489904181709157,-0.0322866773973222,0.051137454368073376,0.849390198925664,0.36030153034202717,-0.26680159393184355,0.0272701910239026,-0.03262769175218025,5.501014222982951e-05,9.424955403881855e-05,0.0005968206214542294,0.0002328129483039804,-9.45506878971154e-05,0.0012539080052109163,0.042814584161234424,-0.005702938742363245,-0.01654957231497114,-0.0006629750070998105,0.0013988133794593967,0.0004968463848025061,16.34540477312861
1781531068.3027828,0.06674715912429749,0.8473069634361653,0.3542757379273137,-0.2668165794226116,0.02749358126837209,-0.032297452896199064,0.051137454368073376,0.849390198925664,0.36030153034202717,-0.26680159393184355,0.0272701910239026,-0.03262769175218025,0.00014995068542293964,7.846851714380867e-05,0.0005392058609892592,0.00038290883639964334,-1.443103986008573e-05,0.0010141717720577534,0.04072628380493637,-0.005625314043825263,-0.016352840040369028,-0.0008275642538044881,-0.00023936720279363978,0.0025785634930679275,16.861581388067105
1781531068.312784,0.06722266439082897,0.8472439445122099,0.35409115888519843,-0.2668036807130651,0.02749644145201091,-0.032307418136962474,0.05328917916834408,0.8490978082879892,0.3594655594953839,-0.266847125121637,0.027319246649651463,-0.03259965885281253,0.0002242663771427198,6.480564861913578e-05,0.0004861219923480519,0.0004848896266522992,4.599399713570728e-05,0.0008067847773076354,0.04064403802834654,-0.005017574712485123,-0.01482451055854754,0.0017090062742856492,0.0030560167081757033,0.00011226357019248435,15.048687758841746
1781531068.3227832,0.06723393021766733,0.8472417189589394,0.3540884252205394,-0.26679329636254107,0.027498611271042694,-0.03231650351906716,0.05328917916834408,0.8490978082879892,0.3594655594953839,-0.266847125121637,0.027319246649651463,-0.03259965885281253,0.000281083336553353,5.301631121172559e-05,0.00043734802853526264,0.0005480278411306149,9.000876148690083e-05,0.000629312747519361,0.0416665426757568,-0.005499311377669559,-0.01564908209321634,-0.0003812268519525833,-0.00026644219353975105,0.000985149049736984,15.060369266213945
1781531068.3327887,0.06723872138691088,0.8472418733486387,0.35410047848820825,-0.2667443663362752,0.02749259836184148,-0.03236736888079003,0.05328917916834408,0.8490978082879892,0.3594655594953839,-0.266847125121637,0.027319246649651463,-0.03259965885281253,0.0002924339595447441,8.50818772097253e-05,0.00048039444132601407,0.0010376038181299963,0.000163410307259009,7.851284414047669e-06,0.04323851103310848,-0.004851304774658342,-0.015402879851046542,0.0015729058492391934,-0.0010131474351459985,0.0014272020618340123,15.060488598323643
1781531068.3427823,0.06724266096675499,0.8472420948526947,0.3541105345059193,-0.26670416351838283,0.02748739637164843,-0.03241011877281748,0.05328917916834408,0.8490978082879892,0.3594655594953839,-0.266847125121637,0.027319246649651463,-0.03259965885281253,0.0002978404997503855,0.00010974517893893316,0.0005088638604763717,0.0013760248289221078,0.00021393218002544812,-0.0004580036051462928,0.043086811169664944,-0.0052683942244671446,-0.015730475720418947,0.0011127599388093057,0.00029567117543400164,0.0008361794583883438,15.060531839556905
1781531068.3527853,0.0672458666241599,0.8472423850442351,0.35411885623703643,-0.26667160020987324,0.02748294399764073,-0.032445617810169886,0.05328917916834408,0.8490978082879892,0.3594655594953839,-0.266847125121637,0.027319246649651463,-0.03259965885281253,0.0002984067835253294,0.00012815363257006435,0.0005252705240404151,0.0015919269494763034,0.00024592877787267607,-0.0007945160530740714,0.04050979398325037,-0.005226467304701904,-0.01586167707728021,0.0003788739155651479,0.00015317877094304515,0.002429299211474444,15.060509814930342
1781531068.362783,0.06724844233319131,0.847242738127685,0.3541256778948154,-0.2666456523118905,0.027479174872264922,-0.03247471229971363,0.05534152055986313,0.8488376405437112,0.35870396426504325,-0.26682256013251465,0.027276781545097162,-0.032533791114069,0.00029508026399606316,0.0001413076082762218,0.0005317856421884371,0.0017101199203865664,0.00026316963810376064,-0.0010249053369967595,0.04045375255603337,-0.005049881934612029,-0.015266699271701484,0.0012515884706220306,0.0007202586634621794,0.0001227279204833375,12.856096060648307
1781531068.3727553,0.06723017220399517,0.847251112772135,0.35414494771400334,-0.26668222990320267,0.027456491211644174,-0.032484847339465245,0.05534152055986313,0.8488376405437112,0.35870396426504325,-0.26682256013251465,0.027276781545097162,-0.032533791114069,0.00016422429797367458,0.00017906920717330438,0.00061543199171766,0.0011272312035600213,2.453550083172045e-05,-0.0010849648029675602,0.04017031112132656,-0.005148556680740252,-0.01606202955713539,0.0003783816142746225,-0.0011475986142461133,0.0014769241152590698,12.831279756834927
1781531068.3827822,0.06721442390562513,0.8472582858662357,0.35416109681829394,-0.2667140030872488,0.02743765295780065,-0.03249240377027421,0.05534152055986313,0.8488376405437112,0.35870396426504325,-0.26682256013251465,0.027276781545097162,-0.032533791114069,5.709575300234641e-05,0.00020711421628716786,0.000674782887198494,0.0006596380472284294,-0.00015493918940117998,-0.001100265926139857,0.039574083467344506,-0.004737603065604924,-0.01516755042067535,0.0027020884279697938,0.005043308740533214,-0.0007667503098321113,12.810067903559474
1781531068.392727,0.0672009028004345,0.8472643921073126,0.3541745343395417,-0.2667413068572748,0.02742221172586423,-0.0324978214482947,0.05534152055986313,0.8488376405437112,0.35870396426504325,-0.26682256013251465,0.027276781545097162,-0.032533791114069,-2.9627627931185313e-05,0.00022700364924755644,0.0007138780083325587,0.0002912309976639759,-0.00028517434377082926,-0.0010816125471396617,0.03863204312500219,-0.0045118918660525175,-0.014511814409823728,0.0028582067717394938,0.004988799503755188,-0.0009247180643230221,12.792020685592998
1781531068.402782,0.06718934313160531,0.8472695548862653,0.3541856240685361,-0.2667645145288807,0.027409738536817052,-0.03250148845670242,0.05534152055986313,0.8488376405437112,0.35870396426504325,-0.26682256013251465,0.027276781545097162,-0.032533791114069,-9.887141771002816e-05,0.0002400939853180312,0.0007362169627571036,7.224854854398597e-06,-0.0003749506004375561,-0.0010380289845648761,0.03637700702028293,-0.0044753709421669055,-0.013646499547943185,0.0020539030180666586,0.0031787959853755124,0.0003572365221495536,12.776744125634798
1781531068.412781,0.0671795058879377,0.84727388678149,0.3541946885589902,-0.26678401791817025,0.027399830700931105,-0.03250374346726004,0.05740452249154637,0.8485851707758376,0.3579251316543824,-0.2667445644887747,0.02731076042664382,-0.03251763460044163,-0.00015320567186861078,0.00024756032109452946,0.0007448214591735839,-0.00020576866693611178,-0.00043195458756948896,-0.0009769592163430263,0.035854633115129576,-0.004201166253423599,-0.013145085817750547,0.0012618872868857855,0.0013557015931940227,-0.001036042253328322,10.544475890318944
1781531068.422781,0.06719234237644904,0.8472897872664455,0.3542020757840448,-0.2669136765406956,0.027474520693906657,-0.032524463260370354,0.05740452249154637,0.8485851707758376,0.3579251316543824,-0.2667445644887747,0.02731076042664382,-0.03251763460044163,-8.442741869045737e-05,0.00030453800690461683,0.0007842235190402443,-0.0015929336038174456,0.000460784712736948,-0.0008733973131004442,0.034926991060178623,-0.004280044154550246,-0.012696307558437921,0.0005484636495013101,-5.8777219221920764e-05,-0.0012272966042830536,10.551804658415373
1781531068.4327867,0.06720331959460363,0.8473031698457646,0.354208115051494,-0.26702124571273095,0.0275371419354411,-0.03254101181705375,0.05740452249154637,0.8485851707758376,0.3579251316543824,-0.2667445644887747,0.02731076042664382,-0.03251763460044163,-2.8144302443126065e-05,0.0003464193575985954,0.0008059175265914456,-0.0025886894119778337,0.0011170659029101338,-0.0007718916945131414,0.033564322206658954,-0.004281909689646135,-0.012508041620811755,0.0005206230993594562,-0.0017207603527628701,0.0005647855700392622,10.558227288600067
1781531068.4427428,0.06721265243425924,0.8473143450302313,0.3542130177050819,-0.2671093191340724,0.027589006994805043,-0.03255398051975157,0.05740452249154637,0.8485851707758376,0.3579251316543824,-0.2667445644887747,0.02731076042664382,-0.03251763460044163,1.7394889108264263e-05,0.00037565109652169636,0.0008131211000575631,-0.003263918303284975,0.0015782141364934824,-0.0006747060011965736,0.03138501344354486,-0.0043036584214765795,-0.01235151118929778,-0.0007497740140367192,-0.00021859769095416916,0.0005027260055856213,10.563815646887626
1781531068.452785,0.0672205384916655,0.8473235953772241,0.3542169605326847,-0.26718037393091043,0.027631393595294096,-0.03256391079480045,0.05740452249154637,0.8485851707758376,0.3579251316543824,-0.2667445644887747,0.02731076042664382,-0.03251763460044163,5.373211856516515e-05,0.000394357670912437,0.0008086008654819383,-0.003680503808815579,0.0018805339482821852,-0.0005834178697332072,0.029703475808702303,-0.003915576393750078,-0.01134406161720836,0.00014805003103443175,-0.003044003579969535,0.0009333879769840178,10.568645876779776
1781531068.4627793,0.06722715814026908,0.8473311763964466,0.3542200917617037,-0.26723673205931386,0.027665518410730172,-0.03257129177371704,0.05906421402670503,0.8483720719740722,0.3573025717591837,-0.2667349150498562,0.027299494627340826,-0.032539309504169514,8.222183030931726e-05,0.0004043778944994076,0.0007947263485271164,-0.003891893081459033,0.002055574419694425,-0.0004990477991518823,0.026311178619250232,-0.004018065333132149,-0.010706689700178936,-0.0015462541346872877,0.006409958792048056,-0.0017336767583428368,8.78742300902571
1781531068.472782,0.06723267492359943,0.8473373177607416,0.35422253603903675,-0.2672805356353785,0.027692519099198565,-0.03257655996662928,0.05906421402670503,0.8483720719740722,0.3573025717591837,-0.2667349150498562,0.027299494627340826,-0.032539309504169514,0.00010405077194449389,0.00040729798246068197,0.0007735182690348628,-0.003943749150125072,0.002130458008127047,-0.00042217094501804107,0.0283783279936337,-0.003958396674342093,-0.010660271489266397,-0.0015962764605324071,0.0001663015507398089,-0.0007925357668391997,8.790966371422375
1781531068.4827328,0.06720311398365703,0.8473542934337763,0.3542313851893997,-0.2674699999924163,0.02784116536716197,-0.03265074251596198,0.05906421402670503,0.8483720719740722,0.3573025717591837,-0.2667349150498562,0.027299494627340826,-0.032539309504169514,-0.00014108761056868494,0.00046518081927465386,0.0008544086179643102,-0.005559832740291947,0.003676049154048798,-0.0007281067414105558,0.028580042299861396,-0.0038614211987518608,-0.010424243162117857,-0.001525976387936736,0.0006746425929338159,-0.0004510091700671807,8.758410393032603
1781531068.492787,0.06717754571364881,0.8473683964338087,0.3542389503980715,-0.2676242185132602,0.02796309913452255,-0.0327116190959648,0.05906421402670503,0.8483720719740722,0.3573025717591837,-0.2667349150498562,0.027299494627340826,-0.032539309504169514,-0.0003360903994162757,0.0005057532933488413,0.0009085189936512254,-0.006618521612858287,0.004733486677472195,-0.000937393858338276,0.028225628044699184,-0.0034625176042636296,-0.009464270426752259,-0.0010089638143763492,-0.0003987501753555956,-0.000563997468372894,8.730366057431493
1781531068.50279,0.06715548858194136,0.8473800095391159,0.35424541657297126,-0.2677478049018967,0.028061683114620983,-0.03276085424250201,0.05906421402670503,0.8483720719740722,0.3573025717591837,-0.2667349150498562,0.027299494627340826,-0.032539309504169514,-0.0004883747963496997,0.0005319153785129384,0.0009404454923922412,-0.007230594310744234,0.005396221792987487,-0.001068539127364597,0.025104834957985357,-0.0031260945378007742,-0.009066929814197176,-0.0022622669082703406,0.0029533946777882056,-6.802147035890945e-05,8.706268410498936
1781531068.5127869,0.06713651975057416,0.8473894754562863,0.35425093338389474,-0.2678450551015456,0.028140075338318526,-0.03280001518398436,0.06045278623331074,0.8481835783170275,0.35678386814318586,-0.2668194410472669,0.027337897603969097,-0.03253964201359953,-0.0006044364172022123,0.0005461776901596774,0.0009541588291464553,-0.007491278553761667,0.005745078541610263,-0.0011375474225805652,0.023354515599158104,-0.0032449746864393254,-0.008532262155721693,-0.002471664895249612,0.0034157449402382133,-0.0004300463449143566,7.191568088953412
1781531068.5227873,0.06712567535605622,0.8474047736036044,0.35426136885994847,-0.2679378166321079,0.028196516150796658,-0.03276002511040765,0.06045278623331074,0.8481835783170275,0.35678386814318586,-0.2668194410472669,0.027337897603969097,-0.03253964201359953,-0.0006492361802141088,0.0005667644840608554,0.0009895936251333973,-0.007698642676065175,0.005596118437233481,-0.000429439743563573,0.022803258747720784,-0.0034049278616140218,-0.00908086031831229,-0.004148875876137752,0.002512541801868897,0.00025612078351019556,7.176140234139665
1781531068.5327845,0.06712480232826869,0.8473994469303017,0.3542851826064424,-0.2677511714038366,0.028049529729600398,-0.032752585981326895,0.06045278623331074,0.8481835783170275,0.35678386814318586,-0.2668194410472669,0.027337897603969097,-0.03253964201359953,-0.0005696249640093926,0.000546739586406515,0.0010061159069858887,-0.0048222022095916195,0.0034171024373333596,-0.0007289523691924195,0.022810072489903094,-0.003388425250553659,-0.009190695768677001,-0.004792611435816198,0.008781134408208529,-0.002138526155496393,7.167572128312178
1781531068.5427904,0.06712433344811022,0.8473945970081308,0.35430509563394763,-0.2675897189169393,0.02792305075643986,-0.032744874764907644,0.06045278623331074,0.8481835783170275,0.35678386814318586,-0.2668194410472669,0.027337897603969097,-0.03253964201359953,-0.0004984974903281756,0.0005237363904854294,0.001006631041153943,-0.0025349762450149692,0.0016909174511443735,-0.0009334161631791164,0.023172551958263964,-0.0036750276978969733,-0.009255920774891457,-0.006142036442550749,0.0017098620765268158,0.00010400965309044659,7.160750442351854
1781531068.552783,0.06712423136787997,0.847390229511161,0.35432156582469176,-0.2674515620984019,0.02781539902052721,-0.032737167628384786,0.06045278623331074,0.8481835783170275,0.35678386814318586,-0.2668194410472669,0.027337897603969097,-0.03253964201359953,-0.00043508179468979886,0.0004986337705245918,0.0009942895396398393,-0.0007518388279229781,0.00035127047999774044,-0.0010610657154974746,0.02058023284548989,-0.003053904675792391,-0.00817646830708979,-0.005961365446803002,0.0031158884973270314,0.0004613756737444292,7.1554535299307584
1781531068.5627842,0.06712445273620866,0.847386332995327,0.35433501878144147,-0.267334641769066,0.027724800384951953,-0.03272967180411329,0.06159470753581925,0.8480090771216755,0.3563267341064272,-0.2670783385446178,0.027469240255006078,-0.03252991585588358,-0.00037866044867639347,0.00047216386499225886,0.0009717834555239311,0.0006047909453620163,-0.0006620893524869325,-0.0011276663646950075,0.01866436926398696,-0.0030311458030187846,-0.00797344896535335,-0.0061117912804905345,0.009252383090561651,-0.0020368827849653083,5.910399492751258
1781531068.572785,0.06712495135495017,0.8473828841152893,0.35434584640650413,-0.2672368336918414,0.027649458855454112,-0.03272253723969039,0.06159470753581925,0.8480090771216755,0.3563267341064272,-0.2670783385446178,0.027469240255006078,-0.03252991585588358,-0.0003285688945036523,0.0004449317398912158,0.0009414026923267355,0.0016047169643038403,-0.0014032367371328387,-0.0011467017408484394,0.018409065860236495,-0.0027581142056470735,-0.007360292548817701,-0.005073610471605696,0.004369694413579545,-0.00028903489133326254,5.907590918469998
1781531068.5827448,0.06711790514631936,0.8473807411247775,0.3543596749475526,-0.2671352572218345,0.027552830392380878,-0.032653496978180124,0.06159470753581925,0.8480090771216755,0.3563267341064272,-0.2670783385446178,0.027469240255006078,-0.03252991585588358,-0.0003199231259620806,0.00040424570603452925,0.0009235797527879472,0.0025181443871160935,-0.0024659809598350907,-0.0005733310158764959,0.018893750654287698,-0.002495008259174736,-0.007253667640310892,-0.0035543285202860185,0.0017784747449870412,-9.616834363699453e-05,5.896595602900405
1781531068.592784,0.0670741917245129,0.8473601550077332,0.3543893579321071,-0.26682205612710486,0.027324730351820925,-0.032480228077188936,0.06159470753581925,0.8480090771216755,0.3563267341064272,-0.2670783385446178,0.027469240255006078,-0.03252991585588358,-0.0005015210085704224,0.00026750687562885006,0.0009400493808338084,0.00561176447857433,-0.005096187217691137,0.0006561828289167277,0.01777913038864114,-0.0018427848398086771,-0.005903968464736096,-0.0011020482818437367,0.002438544358231543,-0.00012271930458380116,5.8480144771477995
1781531068.6027856,0.06703738731349225,0.8473425174551364,0.35441366922981704,-0.266563856867883,0.027137195432497263,-0.032336365875356016,0.06159470753581925,0.8480090771216755,0.3563267341064272,-0.2670783385446178,0.027469240255006078,-0.03252991585588358,-0.0006409481328719368,0.0001543470299419159,0.0009413593759079088,0.007776116989867382,-0.0069273969382172606,0.0015594506367147469,0.016703307264347766,-0.0016186159018267544,-0.005509016072462244,-8.801635437796773e-05,-0.0006887671757667351,0.0011444961355664088,5.807485012762982
1781531068.6127796,0.06700662895678697,0.8473274769353965,0.3544333147578402,-0.2663539291773908,0.02698519715308212,-0.03221846143230274,0.06250519353960687,0.847894372033269,0.35599015023705327,-0.26723408309073443,0.02762801167189255,-0.03256550172660057,-0.0007447550213490527,6.154961029428762e-05,0.0009304830256627364,0.009184952210996904,-0.008109824924518614,0.0021935493539100986,0.01674339817067844,-0.0013375344753470617,-0.004954475921458119,0.0017714027447996283,-0.0018364249523157724,-2.2209392383627252e-05,4.796668382989585
1781531068.6227877,0.06695897791128516,0.8473042355230923,0.3544634256294543,-0.26591334673401373,0.026899739272255863,-0.032234047005116825,0.06250519353960687,0.847894372033269,0.35599015023705327,-0.26723408309073443,0.02762801167189255,-0.03256550172660057,-0.000976611295525494,4.336279937248734e-05,0.0009952632186195933,0.012996986548693475,-0.008077968488973799,0.0015444558937598185,0.0157738417060812,-0.0013551680464808978,-0.005184348656297186,0.0026459989154503376,9.8923947274048e-05,-0.0006779956160049673,4.745033651882509
1781531068.632756,0.06692895918114368,0.8472954461021448,0.35449460125317184,-0.2655258853789309,0.026783407701713946,-0.03216205262779881,0.06250519353960687,0.847894372033269,0.35599015023705327,-0.26723408309073443,0.02762801167189255,-0.03256550172660057,-0.0010660132061569446,6.863740954714624e-05,0.0010548848591143646,0.015787521679409208,-0.008626145791952516,0.0018003721103269804,0.0163235119790978,-0.001293692836222328,-0.005375975035812478,0.0027016315997131822,-0.00201032575954134,-0.0006116073830862087,4.707980616506756
1781531068.6427662,0.06690427390689899,0.8472885170316355,0.3545199371132453,-0.2652145946072248,0.0266927550655105,-0.032105214472834986,0.06250519353960687,0.847894372033269,0.35599015023705327,-0.26723408309073443,0.02762801167189255,-0.03256550172660057,-0.001124275190074767,8.805748236399385e-05,0.0010893810491485823,0.017446232167247416,-0.008800759048087385,0.001942782610718998,0.01645014785797519,-0.0013829118915123107,-0.005065545013213709,0.004483185126229619,-0.002893400246357647,-0.0006697028947018693,4.677659135755444
1781531068.6527886,0.0668841821850319,0.8472831920629897,0.3545402618629778,-0.2649688944216675,0.026623831083479876,-0.032061276006745326,0.06250519353960687,0.847894372033269,0.35599015023705327,-0.26723408309073443,0.02762801167189255,-0.03256550172660057,-0.0011568006383622833,0.00010253161772855103,0.0011032701003544382,0.018211500195933976,-0.008690692852175573,0.0019962634395441,0.016001237920989585,-0.0011064554996590677,-0.004875315717893843,0.0064921179416965015,-0.0031720051085378314,-0.0014574422203971291,4.653091317620048
1781531068.6627874,0.06686802581310805,0.8472792308945307,0.3545563152906756,-0.2647790629297767,0.026573079150267853,-0.032028197012943044,0.0633000271802086,0.8478297397675909,0.3557412500434487,-0.2670252215764839,0.02751003030785415,-0.03258025861845548,-0.0011682533563521936,0.00011285188530083115,0.0011004403053776768,0.018286393747922246,-0.008370338116060912,0.001981659215194632,0.014191533066547076,-0.0009646787942805614,-0.004055885365499798,0.007655463149874498,-0.00631601657945711,0.0008464191706276333,3.7997032294667075
1781531068.6727595,0.06685522221992062,0.8472764124400115,0.3545687534718273,-0.2646362871155863,0.026537335465565803,-0.03200415430999187,0.0633000271802086,0.8478297397675909,0.3557412500434487,-0.2670252215764839,0.02751003030785415,-0.03258025861845548,-0.0011626443346435735,0.00011970677106134893,0.0010842249259202595,0.01784196243926504,-0.007901189774667293,0.001916449057705032,0.012697651262329284,-0.0008974965961942821,-0.003927361008937526,0.0084130103465295,-0.005892723678612066,0.0012445378574217469,3.784221335004459
1781531068.6827915,0.06685678261664309,0.8472823234083211,0.3545741146381603,-0.26470445179206703,0.026594033646815562,-0.03204831292115322,0.0633000271802086,0.8478297397675909,0.3557412500434487,-0.2670252215764839,0.02751003030785415,-0.03258025861845548,-0.0010974914475723942,0.00014789859902411965,0.001076732287365205,0.015162499658050102,-0.006315442581038512,0.0014039821202214173,0.013318759338153593,-0.0009359349600134463,-0.003979822562844038,0.009158757152795172,-0.005270259701513662,0.0003645036511630272,3.7831704903797494
1781531068.6927528,0.06685895231354975,0.84728777072339,0.35457769718006876,-0.2647757805884813,0.026646982045737566,-0.03208822387411084,0.0633000271802086,0.8478297397675909,0.3557412500434487,-0.2670252215764839,0.02751003030785415,-0.03258025861845548,-0.0010312821280232265,0.0001686562162112648,0.0010570741069295072,0.012739826337021594,-0.0049544401171714965,0.0009815505200448198,0.012131214231081136,-0.0005552824800700432,-0.0030709376743669283,0.011801414107339939,-0.0046137520016033,0.0008531647311244461,3.7833231180377638
1781531068.7027864,0.06686155298486585,0.8472927439089858,0.3545798568960044,-0.26484752763207603,0.026695671608405025,-0.03212385991155785,0.0633000271802086,0.8478297397675909,0.3557412500434487,-0.2670252215764839,0.02751003030785415,-0.03258025861845548,-0.0009650636721489255,0.00018318282849114084,0.0010278988451927823,0.010575872774496982,-0.0037990818459340226,0.0006381491420376226,0.010988603561209008,-0.00023524812011539584,-0.0025371680397072633,0.01352047726792642,-0.005493733856613856,0.0015994177057203328,3.784397528316627
1781531068.712787,0.06686444081793365,0.8472972429476248,0.354580890220602,-0.264917624039585,0.026739837560593838,-0.032155317483929066,0.06396921483027701,0.8477928272901916,0.3555572373584419,-0.2664680442056398,0.027198239468561036,-0.03250345176709145,-0.0008996769369502408,0.00019252329039091617,0.0009914532062873548,0.00866500317456027,-0.002829428282278628,0.0003633672753967952,0.010225944948924856,-0.00020580656946561152,-0.002314483113951214,0.01366575030310425,-0.005896171817829422,0.0018931320922411573,3.095349914592513
1781531068.7227519,0.06685323536183059,0.8472991784666924,0.35458277487393247,-0.26490691127746235,0.026829404699971304,-0.03215091543455864,0.06396921483027701,0.8477928272901916,0.3555572373584419,-0.2664680442056398,0.027198239468561036,-0.03250345176709145,-0.0009389289376044776,0.00019482079863853625,0.0009742306111393707,0.00783433573855765,-0.0015893592421662877,0.000626034824208515,0.009850664167093908,-0.0001915129278898668,-0.0022263404754348077,0.01301124948515464,-0.004531126413558303,0.0016871231116821171,3.083965097254015
1781531068.7327871,0.06682211986996452,0.8473057615482049,0.35459638872267163,-0.2649435681781026,0.02685666112693519,-0.03215807801432666,0.06396921483027701,0.8477928272901916,0.3555572373584419,-0.2664680442056398,0.027198239468561036,-0.03250345176709145,-0.001086999794940502,0.0002168857792672393,0.0010127445508165596,0.006580848694808768,-0.0011083626550726145,0.0005601546380638275,0.010226208998239722,-0.0006021913255847023,-0.002694349607682081,0.010733785248453863,-0.005329679700056279,0.001575688830933841,3.0495131256239887
1781531068.7427402,0.06679605555753557,0.8473114989277362,0.3546074180570693,-0.264980462747191,0.026880435746353015,-0.03216486773252339,0.06396921483027701,0.8477928272901916,0.3555572373584419,-0.2664680442056398,0.027198239468561036,-0.03250345176709145,-0.0011920937127693505,0.0002318507902838854,0.0010308300058175263,0.005461518346978197,-0.000717628315317897,0.0004954532368893951,0.010561902367523095,-0.0009457158975151097,-0.003039243784228949,0.008999614091293063,-0.004001449697977121,0.0005609372926142289,3.0207386836751766
1781531068.752791,0.06677436778250946,0.8473164644125152,0.35461624973580175,-0.2650165254999084,0.026900950767948517,-0.03217119211901828,0.06396921483027701,0.8477928272901916,0.3555572373584419,-0.2664680442056398,0.027198239468561036,-0.03250345176709145,-0.0012613552507370147,0.0002409265144277485,0.0010322868606958328,0.004473345998449017,-0.0004052201321979592,0.00043340778123680324,0.009357138712276615,-0.0007483215501527938,-0.0027131149392329895,0.008386559629046947,-0.0014102839831588918,0.0004706641276879307,2.996875436618705
1781531068.7627904,0.0667564612995792,0.8473207294416446,0.3546232191018659,-0.26505097786822684,0.02691846192136249,-0.032176994622539076,0.06442735849259346,0.8477618634199446,0.3554290648145574,-0.26599979039071664,0.027059647520760954,-0.032449097040327265,-0.0013009739021497106,0.00024515947854272617,0.001020376262001316,0.0036104947218602453,-0.00016005073396883614,0.0003750519386608015,0.008673763550296263,-0.0009352073290066498,-0.002361833968566842,0.007180093803657406,0.0005309113229208699,-0.0004937493216434511,2.5037384817474306
1781531068.7727842,0.06674181188150825,0.8473243625333209,0.3546286162835312,-0.26508328057314146,0.026933243048722577,-0.03218224715967043,0.06442735849259346,0.8477618634199446,0.3554290648145574,-0.26599979039071664,0.027059647520760954,-0.032449097040327265,-0.0013162940315324064,0.00024545116896914195,0.000997885549840349,0.0028651607608171665,2.8027827260972474e-05,0.00032105889302628816,0.007926669109154136,-0.0006102639231950113,-0.001803588648413478,0.006753437333790052,0.0008694586150068565,0.0002972382504611051,2.48773378119077
1781531068.7827318,0.06675346148755851,0.8473273745989833,0.35463438696011756,-0.2650557736856683,0.026908825637715683,-0.03212139769594176,0.06442735849259346,0.8477618634199446,0.3554290648145574,-0.26599979039071664,0.027059647520760954,-0.032449097040327265,-0.0011456657814506552,0.00023283648933275486,0.0009590530719935589,0.002834955800600558,-0.00040613284169233407,0.0008570437884078573,0.008003176912083923,-0.0009524920201998118,-0.002519662953961078,0.004530274749668848,0.00025616384800169773,0.0003931234189008018,2.4962068365948373
1781531068.7927816,0.06676413500028712,0.8473298551597179,0.3546387360168112,-0.2650352652133676,0.02688844268447599,-0.032071075907221774,0.06442735849259346,0.8477618634199446,0.3554290648145574,-0.26599979039071664,0.027059647520760954,-0.032449097040327265,-0.0009941732545010943,0.0002197594884583167,0.0009157272251173664,0.0027347232048070265,-0.000720311950901628,0.0012351841215511123,0.007830640457339551,-0.0012141327270499477,-0.00250053017974099,0.0031214105298938183,-0.0002962073185139722,0.0006480739201788555,2.5043512517935804
1781531068.8027892,0.06677389518176674,0.8473318633146807,0.3546418845098996,-0.2650205615193576,0.026871640816811482,-0.03203001948844034,0.06442735849259346,0.8477618634199446,0.3554290648145574,-0.26599979039071664,0.027059647520760954,-0.032449097040327265,-0.0008599619364731667,0.00020647704738505898,0.0008693432046917374,0.0025847650614733006,-0.0009359944604894522,0.001484704979349567,0.007044265696415101,-0.0009883858811977969,-0.0019361660802837408,0.0030883670105201835,-0.0009240201638039886,0.001460320993720133,2.512128053305498
1781531068.812787,0.06678280198639633,0.8473334557681592,0.35464402711264104,-0.2650106094218841,0.026857982226094368,-0.03199702905176255,0.06485371527398015,0.8477073838771931,0.3553108067792208,-0.2657537897183254,0.027042555541414215,-0.03240695309088458,-0.0007413241026838485,0.00019319798645089033,0.0008210918972806849,0.0024016541239314324,-0.0010719740788418261,0.0016310246866224917,0.006800145558584514,-0.0010397849844024948,-0.001998230582897002,0.002640809506803527,-0.0016688716667661815,0.0013519524432601645,2.0750404570780137
1781531068.8227851,0.0667909127609289,0.8473346860641227,0.35464533441062057,-0.26500448979602276,0.026847052769759294,-0.03197098517449616,0.06485371527398015,0.8477073838771931,0.3553108067792208,-0.2657537897183254,0.027042555541414215,-0.03240695309088458,-0.0006366915057475935,0.0001800898981866741,0.0007719529750674882,0.0021987152491436592,-0.0011445137068269433,0.001696013448100357,0.006473988810593686,-0.0009684303837254435,-0.0017055563648600263,0.003289744933765813,-0.002742058361241292,0.0020531431649372725,2.0819441002770525
1781531068.8327863,0.06677187483144098,0.8473242808200763,0.3546489340134661,-0.26485370987820084,0.02680607598190088,-0.03192639642067861,0.06485371527398015,0.8477073838771931,0.3553108067792208,-0.2657537897183254,0.027042555541414215,-0.03240695309088458,-0.0007023707441258559,0.00012806156041515038,0.0007173493614107485,0.0035919171246788627,-0.0015780672136682025,0.0018633475719790722,0.0065772974404210375,-0.000827936323298107,-0.0015116038795157255,0.004128213948452254,-0.0015103385595070515,0.0013390720809624817,2.0649890068226453
1781531068.8427804,0.06675603768503302,0.847315379358686,0.35465145277033777,-0.2647302444341858,0.026772556972153527,-0.03189092978312286,0.06485371527398015,0.8477073838771931,0.3553108067792208,-0.2657537897183254,0.027042555541414215,-0.03240695309088458,-0.0007461965228786828,8.467193768260396e-05,0.0006644255015535177,0.0045374734409747595,-0.0018597256260358477,0.0019377180533053785,0.006168352947442667,-0.0007740031997777053,-0.0017639172452380276,0.0038392034615076067,-0.0018349921219684854,0.0018318559476111931,2.051157187334541
1781531068.852739,0.06674297560950095,0.8473078120792942,0.3546530619892982,-0.2646306239138452,0.026745544945274924,-0.03186326764200277,0.06485371527398015,0.8477073838771931,0.3553108067792208,-0.2657537897183254,0.027042555541414215,-0.03240695309088458,-0.0007719236138387335,4.876703403192784e-05,0.0006135207019910947,0.005121742175958087,-0.0020198625623340347,0.0019403989092861725,0.005673555872145019,-0.0006826314993029335,-0.0013379152260552087,0.00391208320907676,-0.0010413167949854373,0.0017505457309281332,2.039997658263034
1781531068.8627586,0.06673230906333766,0.847301421107506,0.3546539154571861,-0.2645515961289415,0.026724148946176696,-0.03184220943065999,0.06485371527398015,0.8477073838771931,0.3553108067792208,-0.2657537897183254,0.027042555541414215,-0.03240695309088458,-0.0007827955757782366,1.932561350024566e-05,0.0005648817653242169,0.005419317735085584,-0.002084562789808337,0.0018892922295845405,0.005547636696183416,-0.0007800291269406759,-0.0014702779456387857,0.0032643295881416715,-0.0015470077896734562,0.0018361816005283578,2.031114621273045
1781531068.8727512,0.06672370097591725,0.8472960609355835,0.35465414990077176,-0.2644901607464257,0.026707547341076943,-0.03182667508956348,0.0651719778020251,0.8476660085431893,0.3552269045487377,-0.2655748742840655,0.026971082186522777,-0.032323100573507124,-0.000781604480166241,-4.554043619795829e-06,0.000518678107271202,0.005493938655350295,-0.0020759834551530225,0.0017992836412703394,0.005593659957764824,-0.0007722257917541006,-0.0014589290673479834,0.0033195213519764547,-0.0015434716314899016,0.0016493050470170185,1.6949200357343404
1781531068.8827498,0.06671136781729761,0.8472929424121299,0.3546556732927524,-0.2644980093099852,0.026708962371519096,-0.03187824356734929,0.0651719778020251,0.8476660085431893,0.3552269045487377,-0.2655748742840655,0.026971082186522777,-0.032323100573507124,-0.0008145423800850499,-6.197934427722298e-06,0.0004963234682758994,0.004823444756784022,-0.0016873584393498928,0.0010636859594894198,0.006190469247790126,-0.0006212896037143979,-0.0017708609792290346,0.0044068177607839995,-0.001955610426498247,0.0015132606556058953,1.6838067303223454
1781531068.8927517,0.06673028480049008,0.8472871949048941,0.3546476459655569,-0.2644629223859464,0.02672951758399167,-0.03191718336931479,0.0651719778020251,0.8476660085431893,0.3552269045487377,-0.2655748742840655,0.026971082186522777,-0.032323100573507124,-0.0006488717744694554,-1.680262521375209e-05,0.00041815418945687863,0.004691136295098222,-0.001175314105976506,0.0005960328588906251,0.006166224071891041,-0.0004978623769881078,-0.001374680189257863,0.004677032373733184,-0.0031458614784059535,0.0020473466981497175,1.7050985250746984
1781531068.9027817,0.06674690266754102,0.8472824884123467,0.35464043398454476,-0.2644377406671209,0.026747706609239197,-0.03195074637437774,0.0651719778020251,0.8476660085431893,0.3552269045487377,-0.2655748742840655,0.026971082186522777,-0.032323100573507124,-0.0005076539958950417,-2.5102879944976836e-05,0.0003501035529089026,0.004463591954001197,-0.00075949303069196,0.0002293127949272736,0.005675843950725997,-0.0005325098049879561,-0.0015406170301076698,0.004926109036732173,-0.002035491423932159,0.0015370323118814424,1.7237818149193473
1781531068.912779,0.06676145579497667,0.8472786828069973,0.3546339785549977,-0.26442066978428364,0.026763624725288704,-0.03197936204910411,0.0651719778020251,0.8476660085431893,0.3552269045487377,-0.2655748742840655,0.026971082186522777,-0.032323100573507124,-0.0003878556630148867,-3.144802262452637e-05,0.00029103816137751414,0.00417091933728868,-0.00042714894805755984,-5.174133064463017e-05,0.004939250516725639,-0.0005837046346008284,-0.0016887985897765245,0.004201481858167293,-0.002108827576109143,0.001524783148466093,1.7401214756581211
1781531068.922725,0.06677416022876795,0.8472756500118406,0.3546282214360327,-0.26441014327174367,0.026777405519763153,-0.03200348759373782,0.06545690591301517,0.8476340113182652,0.3551533728214702,-0.2653635715808463,0.026876652618900376,-0.032239577157858926,-0.0002867702525967737,-3.614325443845926e-05,0.00023993430179807126,0.003837459732074338,-0.0001664470189612513,-0.00026091407609548956,0.004797344489334981,-0.0005898142183049591,-0.0008774575903048685,0.0054251371629637935,-0.002938795052978593,0.0018692237529366075,1.462657080774105
1781531068.9327998,0.06677457800679285,0.8472837579350028,0.35462975346837855,-0.2643277161882668,0.026780148931354608,-0.0319714315071806,0.06545690591301517,0.8476340113182652,0.3551533728214702,-0.2653635715808463,0.026876652618900376,-0.032239577157858926,-0.0002636936403311097,2.9890140050208898e-05,0.00022888293239050524,0.004309037747869253,-0.000210410263860192,0.00011307452142498241,0.004493487199877479,-0.0006017438740154595,-0.0012441295208040284,0.005317447573335878,-0.0022895978744095742,0.0018651081564380965,1.4605185401559724
1781531068.94278,0.06677510014887014,0.8472908995162362,0.35463086827089463,-0.2642623482682964,0.026782615892729345,-0.03194462063223277,0.06545690591301517,0.8476340113182652,0.3551533728214702,-0.2653635715808463,0.026876652618900376,-0.032239577157858926,-0.00024182708938397105,8.252123789028706e-05,0.0002171110105775005,0.004544425328773007,-0.00023758509204658556,0.0003901966708085943,0.0044853431370362,-0.0005921536176824473,-0.001520239972244118,0.005112661762721042,-0.001360236119309046,0.0011931274066112668,1.458894361324722
1781531068.9527805,0.06677569971639638,0.8472971701320476,0.3546316347884544,-0.2642115515144193,0.02678480859171306,-0.03192247370933292,0.06545690591301517,0.8476340113182652,0.3551533728214702,-0.2653635715808463,0.026876652618900376,-0.032239577157858926,-0.00022120901457936158,0.000123726442349449,0.00020490981084070518,0.0045964001599807305,-0.0002514385436463722,0.0005871544031960098,0.004338299057845832,-0.0005851877642164178,-0.0012449895508076202,0.005585574410103577,0.0007448315154693643,-2.867342018953493e-05,1.457700125425094
1781531068.9627297,0.06677635380142638,0.8473026559593163,0.35463211352408264,-0.26417306289962383,0.02678673606971871,-0.031904427556752823,0.06545690591301517,0.8476340113182652,0.3551533728214702,-0.2653635715808463,0.026876652618900376,-0.032239577157858926,-0.00020185443484625957,0.0001552371345800059,0.00019251859990105865,0.0045095272951902795,-0.00025493262963348617,0.0007186563239717128,0.003604424182071015,-0.0004677699265784517,-0.001387771300378498,0.0046848395070440635,-0.00038653322792719686,0.0009760639800879866,1.4568631916724086
1781531068.9727883,0.06677704309830598,0.8473074352238117,0.3546323572108996,-0.26414484990487164,0.026788412274398654,-0.03188994795186263,0.06568399994438112,0.8476029478979437,0.35508541712051844,-0.2651054293938631,0.02681839031632749,-0.03217795320571125,-0.00018375939721215659,0.00017856606020128508,0.00018013186229338523,0.004320998470266644,-0.00025056997345141926,0.000797514812135562,0.0038369135449847318,-0.0005249030389464397,-0.0011079876407059455,0.004275470712203822,0.000427365279263906,7.508319620497875e-05,1.2195631835286285
1781531068.982759,0.06676482697966368,0.8473028600552677,0.35463535520039097,-0.26417161093175734,0.026801094968044392,-0.0319321610103563,0.06568399994438112,0.8476029478979437,0.35508541712051844,-0.2651054293938631,0.02681839031632749,-0.03217795320571125,-0.0002570599828353759,0.00014663123458616585,0.00019493469138399724,0.0035693666974947616,3.059996182011045e-05,0.00030189885282070586,0.0035592236803929827,-0.0005058135477738052,-0.0010724156564194166,0.004261923377201723,0.0002315883342785447,0.0006633723374249641,1.2086337433103753
1781531068.9927847,0.06675447327861252,0.8472990122001578,0.3546378037354484,-0.2641974041580926,0.026811662389793378,-0.03196792711964648,0.06568399994438112,0.8476029478979437,0.35508541712051844,-0.2651054293938631,0.02681839031632749,-0.03217795320571125,-0.00031264651404298643,0.00011913684732538564,0.00020434798468841047,0.002908491589191278,0.00024042767497071325,-7.771701360884787e-05,0.003659987244737066,-0.0006569223363853765,-0.0013133585040645812,0.0041782932891091034,0.000753484737592995,0.0006671147875994753,1.1994364552500991
1781531069.0027828,0.06674574177127598,0.8472957931671352,0.35463978678054586,-0.2642217661381689,0.026820355832618548,-0.03199788366475635,0.06568399994438112,0.8476029478979437,0.35508541712051844,-0.2651054293938631,0.02681839031632749,-0.03217795320571125,-0.00035330834015248695,9.555550656441458e-05,0.00020931542737507918,0.002333707229783933,0.0003910589732018217,-0.0003600258599959798,0.003773396303950524,-0.0005689255954017411,-0.0011994658739901635,0.00477490268793334,0.0011679432987819513,0.0006368987101112112,1.1917324093688682
1781531069.012786,0.06672129923452402,0.8471630063263521,0.3541589047855939,-0.26424438881993373,0.026827407369473644,-0.032022667248060216,0.06568399994438112,0.8476029478979437,0.35508541712051844,-0.2651054293938631,0.02681839031632749,-0.03217795320571125,-0.00038147378707660356,7.541425400913959e-05,0.0002106509180031572,0.0018391610920635694,0.0004932143019654889,-0.0005616975720287577,0.003994016824880192,-0.0004194602266097423,-0.0012366169864901216,0.00448435940487757,-0.00023134398345414574,0.0008368760551107174,1.4587540952856661
1781531069.0227783,0.06669806833566963,0.8470306628212755,0.3536776961173576,-0.2642650890134392,0.02683303580834906,-0.03204289646079152,0.06587127804793763,0.8475756873121674,0.3550256293479914,-0.26488155169994193,0.026850818090890183,-0.032141599280384944,-0.0003992505914763259,5.828982202832863e-05,0.00020905385300512455,0.0014182717547132047,0.0005562527747035814,-0.0006974297689698848,0.0036815609128832407,-0.0004742041727893288,-0.001323140556498194,0.0039855344635572635,-0.0004902066223709187,0.0007115432707791737,1.6725901679152702
1781531069.0327296,0.06667588748904059,0.8468986962560267,0.3531962124291783,-0.2642837820961659,0.026837444027201895,-0.0320591594665299,0.06587127804793763,0.8475756873121674,0.3550256293479914,-0.26488155169994193,0.026850818090890183,-0.032141599280384944,-0.00040846242240473923,4.380419655156145e-05,0.000205122847517356,0.0010640918078232533,0.0005882573887170865,-0.0007800399583758425,0.0032409611468700024,-0.0006805211833369248,-0.0014074596053485358,0.0037096670926115138,-0.0002893796851267412,0.0007310746572810714,2.110089928331537
1781531069.0427341,0.06668142858949909,0.846886515474174,0.35319984421175077,-0.2642943936062943,0.026807442932442305,-0.032128346142107564,0.06587127804793763,0.8475756873121674,0.3550256293479914,-0.26488155169994193,0.026850818090890183,-0.032141599280384944,-0.00034290975227459675,-1.3211277474048362e-05,0.00020430448886642275,0.0008523860089426825,0.00040507715633414474,-0.0015092647964788741,0.003010080650305052,-0.0006870477776215551,-0.0018039539405173867,0.003780353907230992,-0.0006069264699707418,0.0011739050081514307,2.1130056994700066
1781531069.052785,0.06666924616345546,0.8467461220681457,0.3527203453124205,-0.26430406135528484,0.026782211736059436,-0.0321851024925897,0.06587127804793763,0.8475756873121674,0.3550256293479914,-0.26488155169994193,0.026850818090890183,-0.032141599280384944,-0.0002859408138777232,-5.8814368999085156e-05,0.00020105878719380897,0.0006704320500747433,0.00025673483089234906,-0.0020143352769009166,0.0029355763746723666,-0.000819726382781301,-0.0023130213759453605,0.0033230420683485707,0.0006647279451765432,0.0004391631438560674,2.5766773356650323
1781531069.0627842,0.06667364592232151,0.8467375397229489,0.352722732858823,-0.26431275774973517,0.02676124526519086,-0.03223099170974214,0.06587127804793763,0.8475756873121674,0.3550256293479914,-0.26488155169994193,0.026850818090890183,-0.032141599280384944,-0.00023658451915863172,-9.467806877305981e-05,0.000195905606047286,0.0005157501743104254,0.00013855678514306349,-0.0023376294111113133,0.002987433084417149,-0.0008716436576766764,-0.0022641766745454695,0.004751443452474046,-0.00010876073851955495,0.0006101394490247943,2.5786852904106756
1781531069.0727398,0.06666044236623783,0.8466002746614593,0.3522421590726325,-0.26432048860930024,0.0267440482473158,-0.03226748249326147,0.06603191801957636,0.8475451675346427,0.35494160760654114,-0.2646742837588775,0.026859745864995732,-0.032099684672126885,-0.0001939648447726146,-0.00012226881683642847,0.00018928644762763978,0.00038573600729264465,4.6215328459596046e-05,-0.0025158753034112175,0.002615557264319544,-0.0013487952831986363,-0.00348941353758242,0.004049521502022196,0.00031737036235480196,6.42417756851868e-05,2.9282909321583053
1781531069.0827324,0.0666238236449422,0.8464791265964396,0.35176427257621895,-0.26429505809805787,0.02667396001601774,-0.032217439129235,0.06603191801957636,0.8475451675346427,0.35494160760654114,-0.2646742837588775,0.026859745864995732,-0.032099684672126885,-0.00028493862189985354,-6.99747081045902e-05,0.00017710562273472096,0.0006070278296586135,-0.0008399764908666693,-0.0019139392274924128,0.0023034713537303576,-0.0017799079617922188,-0.005277058590414359,0.0034668477529241175,0.0016110088847579877,-0.0005821687961374174,3.4032709921746034
1781531069.0927835,0.066590301046186,0.8463568350474275,0.3512854737994592,-0.26427418791105683,0.02661621279071369,-0.032173854245475406,0.06603191801957636,0.8475451675346427,0.35494160760654114,-0.2646742837588775,0.026859745864995732,-0.032099684672126885,-0.00035435946610186115,-2.7107750978667873e-05,0.00016508307546764437,0.0007562265285483186,-0.0014809745601448913,-0.0014105378932323086,0.002151200202755744,-0.002723179724158596,-0.007335079098293216,0.0028996968461443323,0.00029968013785064234,-5.672134028129706e-06,3.8847445372719664
1781531069.1027377,0.06657649081761187,0.8463636259729942,0.3512883575315843,-0.2642573055817925,0.026569293071260436,-0.03213630118496624,0.06603191801957636,0.8475451675346427,0.35494160760654114,-0.2646742837588775,0.026859745864995732,-0.032099684672126885,-0.00040559856180993046,7.64817406081179e-06,0.00015333992711040508,0.0008473222520228726,-0.0019207121456711574,-0.000994745096075998,0.002254953106455045,-0.003460580049592127,-0.009589271549533023,0.001796463309779777,-0.00050630261794128,0.00010654073595023845,3.877993824703052
1781531069.1127834,0.0665649811794875,0.846369475601582,0.3512905680377487,-0.2642438730657969,0.026531770449479852,-0.03210429524279254,0.06603191801957636,0.8475451675346427,0.35494160760654114,-0.2646742837588775,0.026859745864995732,-0.032099684672126885,-0.0004415925865922547,3.545238744186677e-05,0.00014196987031011595,0.0008923882990636568,-0.002197615816615189,-0.0006559760338926096,0.002213555578814434,-0.004009549101693184,-0.0119825366939749,0.0018352669868633724,0.0005883291984059752,-0.0012416582392550995,3.8725311860340574
1781531069.1227577,0.06653849667732523,0.8462443780030577,0.3508097299702064,-0.26423339284463726,0.0265023159268174,-0.03207732147408644,0.06614930120538254,0.8474144388747518,0.3545725539862017,-0.2645459060946497,0.026879275622848198,-0.03211078728596549,-0.000464892196886151,5.732364572449144e-05,0.0001310433915596566,0.0009017311293898902,-0.002344934366959061,-0.00038419146163941954,0.00218362917889235,-0.0044823482359503146,-0.013611727880196333,0.002151024566968859,-0.0011503260420817692,-0.0007720203723473892,3.9597171785622742
1781531069.1327863,0.06652170641270407,0.8461049807941685,0.35030668468666537,-0.26418041640033774,0.02646923543575208,-0.03204999860589483,0.06614930120538254,0.8474144388747518,0.3545725539862017,-0.2645459060946497,0.026879275622848198,-0.03211078728596549,-0.00042340981386089,-2.9686221915990805e-06,-2.6311791117302093e-05,0.0013739106927176665,-0.0025151818839504636,-0.00014873026192389362,0.002065001851343083,-0.00458229906533,-0.014753859812151165,0.001463675174593763,-0.0012438407015045178,-0.0009907636955753462,4.477835077799474
1781531069.1427813,0.06651324122863443,0.8459646506627133,0.34979255636085244,-0.26417179467374374,0.02642832838419107,-0.032046728630371765,0.06614930120538254,0.8474144388747518,0.3545725539862017,-0.2645459060946497,0.026879275622848198,-0.03211078728596549,-0.00033108326507269993,-6.796287517624353e-05,-0.000244582443006419,0.0013172771378007122,-0.002680970427244561,-0.000214652858241035,0.002292418597830572,-0.005216358679134854,-0.016389914784297244,-0.00038456990564334685,-0.0026272650082731037,-0.0012161204369656163,5.008264719304954
1781531069.152784,0.066503917359457,0.845825841006449,0.34928285154362304,-0.2641657637132213,0.02639635019082176,-0.032044431196651596,0.06614930120538254,0.8474144388747518,0.3545725539862017,-0.2645459060946497,0.026879275622848198,-0.03211078728596549,-0.00025277082930187834,-0.00011927735790342095,-0.0004167051544278255,0.001238785542691955,-0.0027318050630451233,-0.0002581694026444533,0.0017968653065045593,-0.005270915675349106,-0.016210871908572275,-0.00040338854089907214,-0.002117616093349696,-0.0010681637966739202,5.534469056280759
1781531069.1627765,0.06649380258092424,0.8456883599736691,0.3487770443504984,-0.2641618389524858,0.026371937428668613,-0.03204292526044973,0.06614930120538254,0.8474144388747518,0.3545725539862017,-0.2645459060946497,0.026879275622848198,-0.03211078728596549,-0.00018670084529483818,-0.00015895988173608982,-0.0005496005686765283,0.0011460651210345207,-0.00269511706016789,-0.0002837070338041909,0.0014105467044754926,-0.005208580433800477,-0.016460354347973022,-0.0006950263117856566,-0.003109233060322275,-0.00012574331954156396,6.056893717743666
1781531069.17278,0.06648296025614012,0.8455520369005264,0.34827466553579495,-0.2641595996897966,0.02635386143712881,-0.032042053540340745,0.06625193113377958,0.8471653403916575,0.3537996538523226,-0.264527407744647,0.026777320896370638,-0.032155312485688106,-0.0001312959466674071,-0.0001888017633878718,-0.0006493214420732396,0.0010452216323038627,-0.0025938554942186417,-0.0002950749012009835,0.0011663485323920315,-0.004817318778404471,-0.016709858437292866,0.0011913654792148616,-0.003157349603597605,0.00014612886451565067,5.760348818226326
1781531069.1827805,0.06647925563157231,0.8455560841178638,0.3482527584345406,-0.26419990154057715,0.02634577806957661,-0.032000321835346596,0.06625193113377958,0.8471653403916575,0.3537996538523226,-0.264527407744647,0.026777320896370638,-0.032155312485688106,-0.00014260605562577196,-0.00017742361700932304,-0.0007487533913938312,0.00047922234603637866,-0.0025149695766713233,0.00015373117417424772,0.0007634035888889199,-0.004833733582746781,-0.01815179648252213,0.001943379815257475,-0.002674305436072501,0.0007719697426175185,5.78008918251715
1781531069.1927304,0.06645937762583956,0.8454294420237075,0.3477517584158415,-0.2642342572882738,0.026341173269282647,-0.031965960709651284,0.06625193113377958,0.8471653403916575,0.3537996538523226,-0.264527407744647,0.026777320896370638,-0.032155312485688106,-0.00014987854392677687,-0.00016604140919328051,-0.0008190872250789426,4.202493365478672e-05,-0.002387020332604783,0.0004858034917712166,0.0009135464393188237,-0.004840337557430767,-0.019011231134628402,0.0038873485153786786,-0.003128032166931927,0.00111215645116213,6.2955076365237
1781531069.2027829,0.06644010883191141,0.8453022495952353,0.34725372806559957,-0.2642632173765881,0.0263393005655832,-0.03193806290364154,0.06625193113377958,0.8471653403916575,0.3537996538523226,-0.264527407744647,0.026777320896370638,-0.032155312485688106,-0.00015381758895302358,-0.00015480016509452404,-0.0008651706716558362,-0.00028669939074239993,-0.002225812205508597,0.0007213201385000105,0.0008615591740365503,-0.005288151279503077,-0.020067480438211757,0.002981471621121065,-0.0020352963580315903,0.00030135415637512497,6.80849928890889
1781531069.2127817,0.06642135203818346,0.8451745704605159,0.3467582872314011,-0.26428734195280856,0.026339525938497976,-0.03191577165101099,0.06625193113377958,0.8471653403916575,0.3537996538523226,-0.264527407744647,0.026777320896370638,-0.032155312485688106,-0.00015503072351283229,-0.0001438145208600772,-0.0008912026344645703,-0.0005251512323497581,-0.0020440972439474273,0.0008780431887640102,0.0008709855303013665,-0.00533214988935871,-0.020203625134984447,0.0033375201499828457,-0.0022660661807702375,0.0003967762798893278,7.3193382386533745
1781531069.2227821,0.06640302300727781,0.8450464657618608,0.34626509726719296,-0.26430718309383716,0.026341316968228057,-0.031898291487660185,0.06630216805530975,0.8469091632536008,0.3528463375609917,-0.264399649080468,0.026653880005686803,-0.032133921357442724,-0.00015404019868740432,-0.0001331732646014806,-0.0009008079530355356,-0.000689438489851322,-0.0018519913999765802,0.0009714382024424019,0.0008270498635819828,-0.006327523082022089,-0.022478418403817122,0.001489774422523508,-0.0029434452567453475,0.0004421984795216639,6.840507106332911
1781531069.2327511,0.06639474377118978,0.8449033236133168,0.3457634496060513,-0.26416168207340096,0.026360463990780625,-0.031939662501367816,0.06630216805530975,0.8469091632536008,0.3528463375609917,-0.264399649080468,0.026653880005686803,-0.032133921357442724,-9.460389619269302e-05,-0.00015694179752018112,-0.0009680225797264382,0.0009860371316263964,-0.0013294784594470583,0.000484142127844358,0.0007197472936395242,-0.007246663939579012,-0.025114409158252735,0.0010812179124238856,-0.0024592369249815237,0.0005448855231008978,7.3620149896577205
1781531069.2428048,0.06638530092404085,0.8447623661779139,0.3452649467190606,-0.2640402282921872,0.02637763494211387,-0.03197520607896162,0.06630216805530975,0.8469091632536008,0.3528463375609917,-0.264399649080468,0.026653880005686803,-0.032133921357442724,-4.5691300843196194e-05,-0.00017403392569307515,-0.0010097148485033712,0.0022144221914893337,-0.0009015906252509593,0.00010576514105863262,0.0007946203812169476,-0.008079024579963996,-0.02744136853612969,-0.0005844144356396375,-0.003323932992565063,0.0006385342795825794,7.8799197874190305
1781531069.2527852,0.06637482254469156,0.8446233260554226,0.34476917712276156,-0.2639401167191146,0.026392854597364845,-0.03200541052499532,0.06630216805530975,0.8469091632536008,0.3528463375609917,-0.264399649080468,0.026653880005686803,-0.032133921357442724,-5.8466273021288526e-06,-0.0001855498407621279,-0.0010303901701799625,0.0030741935747072855,-0.0005563134182613716,-0.00018064268004693994,0.0011306472164062332,-0.008339241045090854,-0.028327841054285548,0.0007884714594970915,-0.002861707066951144,0.00024390571556086636,8.39469184165284
1781531069.262783,0.0663634261087657,0.8444859546975886,0.344275775832061,-0.2638587363824255,0.026406195047327108,-0.032030787875581404,0.06630216805530975,0.8469091632536008,0.3528463375609917,-0.264399649080468,0.026653880005686803,-0.032133921357442724,2.6213689591292023e-05,-0.00019244340332189247,-0.0010339316736580608,0.003634241222262029,-0.00028238382194805696,-0.0003902994311002607,0.0007890096367960685,-0.008659418544901482,-0.02908495820895645,-0.0007773438243576039,-0.002621110993040347,0.0007415260238072321,8.90675140578516
1781531069.272733,0.06636814071154566,0.8444799208079798,0.34426695506858196,-0.26379361825671244,0.026417761861516453,-0.03205185391095178,0.0663418854070626,0.8465187684617157,0.35149489148333135,-0.2643931934898251,0.02654882644264367,-0.03212299559685215,5.1618697190358986e-05,-0.00019553891694868211,-0.001023673733441554,0.003954386218441939,-6.941008887603598e-05,-0.0005367088855480339,0.000577988193754275,-0.008518142733191028,-0.0294529618678858,-0.0008210308188060611,-0.000595483620425936,0.0001164499245917931,7.510036878192942
1781531069.2827744,0.0663540248907793,0.8443416952385314,0.34375562353558664,-0.2638031554403982,0.026381099779470896,-0.0320616917746432,0.0663418854070626,0.8465187684617157,0.35149489148333135,-0.2643931934898251,0.02654882644264367,-0.03212299559685215,7.372124010774304e-05,-0.0002350309161531967,-0.0011566749141141818,0.0034215470676743935,-0.00042027870422137994,-0.0006861206362562069,-4.751368914813975e-05,-0.008394393659400338,-0.030081773359543904,0.001515565760291657,-0.00021846788448963048,0.0008517671766509565,8.039655686231812
1781531069.2927308,0.06635642783111491,0.8443348241976434,0.3437314587278246,-0.2638143048776857,0.026350801536557666,-0.03206945790972006,0.0663418854070626,0.8465187684617157,0.35149489148333135,-0.2643931934898251,0.02654882644264367,-0.03212299559685215,9.053044519738128e-05,-0.0002637559525023074,-0.0012487884455947647,0.002928652367490471,-0.0006716717666256818,-0.0007792834646422394,-0.00014152759779665895,-0.00805896608787332,-0.030450886438192187,0.0032925768689204956,-0.0007909706552697841,0.0008658713393874556,8.064782215283092
1781531069.3027797,0.0663415988727092,0.8441992880280056,0.3432287816130168,-0.2638263572258821,0.0263261008820741,-0.03207545928129145,0.0663418854070626,0.8465187684617157,0.35149489148333135,-0.2643931934898251,0.02654882644264367,-0.03212299559685215,0.00010287731109573234,-0.0002834735847599961,-0.0013069112980619098,0.0024791783930845548,-0.0008416490347892331,-0.0008277521011334596,-5.007688600710687e-05,-0.007507783720742407,-0.029718720508614252,0.005917826993973124,-0.0018983259328854147,0.001484699100675985,8.585369063271411
1781531069.3127553,0.06632648199138128,0.8440648045542929,0.3427295879327365,-0.26383875625858416,0.026306270467880033,-0.03207997419372381,0.0663418854070626,0.8465187684617157,0.35149489148333135,-0.2643931934898251,0.02654882644264367,-0.03212299559685215,0.00011148548356638963,-0.0002957104724179094,-0.001337010870424781,0.0020745412978302223,-0.0009459708520249033,-0.000841407179661842,-7.829320687153424e-05,-0.007094855397104886,-0.028236450914900242,0.0056546715319475355,-0.0026431237187851124,0.0014495913472600712,9.102347085132447
1781531069.3227866,0.06631111071833883,0.8439312137775714,0.3422334025014762,-0.26385107570493815,0.02629063200191739,-0.032083251853613076,0.06634717157117936,0.8461099881524085,0.3499712813471173,-0.2642672539235552,0.026481897034811075,-0.032078390317230226,0.0001169832590421741,-0.0003017869653587985,-0.001344232713730872,0.0017145748812246386,-0.0009982432323260182,-0.0008286046146585027,-0.0002499058888796146,-0.007112795772332924,-0.028170697450892544,0.005044667155807612,-2.8573611213564786e-05,0.00012789434586248232,8.038851111407277
1781531069.3328001,0.06629551455182961,0.843798377003227,0.34173980691453665,-0.2638629983381424,0.02627856251396965,-0.03208551284089531,0.06634717157117936,0.8461099881524085,0.3499712813471173,-0.2642672539235552,0.026481897034811075,-0.032078390317230226,0.00011991442891929589,-0.00030284106347656855,-0.0013329974222724074,0.0013979318801761718,-0.0010100855513030336,-0.0007963292388178985,-0.00027912268156867094,-0.007900132486052825,-0.029688890172466773,0.003835120154066098,0.00019564361604089094,-0.00020378570737386136,8.550051806094336
1781531069.3427682,0.06626693069810899,0.8436665703149889,0.34124481973880477,-0.2637286983049176,0.026249038671326552,-0.03203199837689895,0.06634717157117936,0.8461099881524085,0.3499712813471173,-0.2642672539235552,0.026481897034811075,-0.032078390317230226,4.5887964529660734e-05,-0.000288305481551125,-0.001346568521000202,0.0026963273063048488,-0.0013626631803636208,-0.00022962460171957997,2.747801847448578e-05,-0.008160407758382964,-0.030672087683802886,0.005201408470673473,-6.58111201674085e-06,-0.0008530494369199476,9.062442359942684
1781531069.3527703,0.06625691347589609,0.843665211669553,0.3412347243745615,-0.2636182196539424,0.02622546550948024,-0.03198711441213188,0.06634717157117936,0.8461099881524085,0.3499712813471173,-0.2642672539235552,0.026481897034811075,-0.032078390317230226,-1.411994076089884e-05,-0.00027298358343739483,-0.0013404006442828424,0.0035953683325606624,-0.001589530994031815,0.00020127034579599137,-0.00021739815537098005,-0.008268127630046649,-0.031283854573572994,0.003074049700371892,0.0021115812672854927,-0.002234686942478444,9.072624003539495
1781531069.3627753,0.06623159196548233,0.8435345101224355,0.3407440770210428,-0.2635286134009415,0.026206997349003336,-0.03194992464283687,0.06634717157117936,0.8461099881524085,0.3499712813471173,-0.2642672539235552,0.026481897034811075,-0.032078390317230226,-6.211376207970089e-05,-0.00025722459580483864,-0.0013184650012808593,0.004170576644156996,-0.0017160004307924387,0.0005186136978323048,-9.167245471322036e-05,-0.009366236529417128,-0.031937826333461254,0.00015179957839814428,-0.000311817315941232,-0.0011015668656932122,9.580592121745614
1781531069.3727643,0.06620760644807458,0.8434042323277516,0.3402551335214681,-0.26345709870308276,0.02619286056381953,-0.03191951716942981,0.0663399768657768,0.8457004050495291,0.3484549217442062,-0.2641080809168286,0.026482015602206754,-0.03210876784083905,-9.985486888647607e-05,-0.00024131440681589788,-0.0012841493657002562,0.004487402466370602,-0.0017637842410635324,0.0007421907143203494,0.0002307797782196937,-0.008845974739179415,-0.0302728786516865,-8.33510785856625e-07,-0.0036078189968172963,0.00036809627436889847,8.516246708114615
1781531069.382732,0.06620156436159831,0.8434040046490773,0.34025023109080976,-0.263401096808478,0.026182356725943823,-0.031895023285131274,0.0663399768657768,0.8457004050495291,0.3484549217442062,-0.2641080809168286,0.026482015602206754,-0.03210876784083905,-0.00012888715359829774,-0.00022548443568668207,-0.0012403302183952665,0.004601958217776509,-0.0017513045704193812,0.0008893923156328401,0.00016507393705555976,-0.009750971121152457,-0.03274801891863737,-0.0011395246910743996,-0.0038650390375537056,0.0008352080391478666,8.521124429231142
1781531069.3927658,0.06621183197878493,0.8432796600458236,0.33977213207199514,-0.2634530328907036,0.026230226742903096,-0.031869851030654,0.0663399768657768,0.8457004050495291,0.3484549217442062,-0.2641080809168286,0.026482015602206754,-0.03210876784083905,4.4813938392064865e-05,-0.0001965523998633518,-0.0011102799594181517,0.0035252019722303305,-0.0011272956687157758,0.0011936075803027594,4.423013442399136e-06,-0.009760788623870222,-0.034186382378861555,0.00010186566924322025,-0.002100235443965274,-0.00025800931946406015,9.014835770932452
1781531069.402778,0.06621584918155887,0.8431455677652862,0.33929250761847435,-0.2635442129011498,0.026321849013057008,-0.031949633514755355,0.0663399768657768,0.8457004050495291,0.3484549217442062,-0.2641080809168286,0.026482015602206754,-0.03210876784083905,0.00015474027165546868,-0.00019816306371006785,-0.0009792958822091187,0.0021673441068184394,0.0001878740223044083,0.0004831731318778818,-6.248990590013522e-05,-0.008451721001359257,-0.03302241826626448,0.005490827906635995,-0.002733356512364047,0.0007864649113888729,9.512751118491352
1781531069.4127789,0.06621666016523081,0.8430122003753591,0.3388131335800781,-0.2636229091520896,0.02639862370033108,-0.032017129101329714,0.0663399768657768,0.8457004050495291,0.3484549217442062,-0.2641080809168286,0.026482015602206754,-0.03210876784083905,0.00024102546439195863,-0.00019694513417788884,-0.0008617367084453474,0.001090624023542538,0.0011681401384565058,-6.236870773866795e-05,-0.0005208678526590811,-0.007546877711074962,-0.032192311885792115,0.007040936858549557,-0.000742183473323323,0.0007215169020884139,10.010281233850769
1781531069.4227228,0.06621466525108678,0.8428794664772273,0.3383339442979205,-0.2636900965493157,0.026462173121545973,-0.032073569609716426,0.06633427400964242,0.8452457504248303,0.3468016377028772,-0.26399042590789945,0.026395951219184033,-0.032098547633353555,0.0003072388632155458,-0.00019347191822563736,-0.0007564442808399432,0.0002540229913352475,0.0018706426333707062,-0.0004694262210023022,-0.0007925589102451267,-0.00811288992924999,-0.03273450266945283,0.005586643825258759,-0.002389009194144894,0.0023538033336886516,8.792919741255092
1781531069.4327683,0.06621022534571144,0.8427472828150913,0.33785487703513556,-0.26374682079683653,0.026514074651634356,-0.03212018086906632,0.06633427400964242,0.8452457504248303,0.3468016377028772,-0.26399042590789945,0.026395951219184033,-0.032098547633353555,0.0003565001737691035,-0.00018823222805685396,-0.0006623334296875527,-0.00037976546876752253,0.0023457974795047035,-0.0007615776650759468,-0.0007037626416127856,-0.008747529756254356,-0.03272233379416962,0.003508740862627007,-0.0008198922227834567,0.00107932151982131,9.289900694506212
1781531069.442782,0.06619125281615498,0.8426284962632277,0.3373687332510484,-0.26379975220677165,0.026476134369254112,-0.032035160647860925,0.06633427400964242,0.8452457504248303,0.3468016377028772,-0.26399042590789945,0.026395951219184033,-0.032098547633353555,0.00033038908387559885,-0.00014828492190222946,-0.000655087981392103,-0.000940497279697068,0.0014476767386237862,0.00010931677515605787,-0.0008465990255022164,-0.009434498816423048,-0.034127251405166856,0.0033529426988222976,-0.0002313525189127199,0.0012616646267444346,9.7903095357371
1781531069.4527438,0.0661893451831323,0.8426379654965269,0.3373660571915664,-0.2638434055653213,0.02644291645306751,-0.03196340031121701,0.06633427400964242,0.8452457504248303,0.3468016377028772,-0.26399042590789945,0.026395951219184033,-0.032098547633353555,0.000305241436766714,-0.00011433737648200825,-0.0006409709001418556,-0.0013348957246658022,0.0007351156347290189,0.0007588499364192539,-0.0005699214489858314,-0.009267045229517806,-0.03371029508806258,0.003158610563282075,0.0008825833621689924,1.136859097470305e-05,9.790389480631886
1781531069.4627452,0.06617063916655892,0.8425160515894772,0.3368816220403617,-0.26387891179714795,0.026414145471201023,-0.03190353957425761,0.06633427400964242,0.8452457504248303,0.3468016377028772,-0.26399042590789945,0.026395951219184033,-0.032098547633353555,0.0002811858618823249,-8.563642777055894e-05,-0.0006215163341951928,-0.0015938691824474449,0.00018109352528259933,0.0012247466613329802,-0.0005799785491784687,-0.008862476977868032,-0.03317886722654147,0.002312829688537609,0.0027924473964559006,-0.0012751818264918411,10.29003123601439
1781531069.4727795,0.0661520815491317,0.8423928305744192,0.3363978217210764,-0.26390734135588884,0.02638949346538344,-0.031854233482125724,0.06629804516057164,0.8447944076385279,0.3451166456060892,-0.2638448975748501,0.026405157652579003,-0.03205930234458294,0.00025831178181944355,-6.15109762011693e-05,-0.0005980234879364705,-0.001744283524823607,-0.00023897506447013658,0.0015402991356856287,-0.00038492929629312437,-0.009644024507637886,-0.033849297796343304,-0.0008566556185914234,0.0017144359426691134,-0.0005496274885493827,9.044709376679098
1781531069.4827783,0.06613366762529367,0.8422684672716666,0.3359145381047866,-0.26392969008158945,0.026368602082153192,-0.03181418537499543,0.06629804516057164,0.8447944076385279,0.3451166456060892,-0.2638448975748501,0.026405157652579003,-0.03205930234458294,0.00023667601189913555,-4.13643048644528e-05,-0.0005715864968769844,-0.0018092402373147236,-0.0005471780039655691,0.0017345671051665205,-0.0005001450101037042,-0.00963541930122574,-0.03339602291079964,-0.0015183535416722913,0.001945982824806773,-2.5144364473828768e-05,9.543907856668165
1781531069.4927845,0.06613692944471235,0.8421346730882247,0.33544029847572204,-0.26387946807892876,0.02636869409253828,-0.031866584015498745,0.06629804516057164,0.8447944076385279,0.3451166456060892,-0.2638448975748501,0.026405157652579003,-0.03205930234458294,0.0003492038821180218,-3.407250364544582e-05,-0.00048398948510797526,-0.0010484278516062289,-0.000337079651969997,0.0009934240511953942,-0.000394035482682314,-0.010876911023330259,-0.03606394233338462,-0.0033053407187093125,-0.0006760384206007589,0.0011966548977075731,10.036525292118672
1781531069.5027785,0.06613712801459629,0.8420014806980418,0.33496513385466925,-0.263836289517272,0.026368834065710445,-0.031911617462683936,0.06629804516057164,0.8447944076385279,0.3451166456060892,-0.2638448975748501,0.026405157652579003,-0.03205930234458294,0.00043511346748058836,-2.7787108176104037e-05,-0.00040753631761572675,-0.00044967876520792894,-0.00017043321543218807,0.0004109178422107879,-7.359637029187933e-05,-0.009960260721209679,-0.034904722970786846,-0.0009105879611132567,-0.001762961650567008,0.0016888932387649235,10.52993476057561
1781531069.5127861,0.06615153507213499,0.8419987375842938,0.3349716672769578,-0.26379957028087075,0.026369005839645743,-0.031949899726239156,0.06629804516057164,0.8447944076385279,0.3451166456060892,-0.2638448975748501,0.026405157652579003,-0.03205930234458294,0.0004985660467182866,-2.2389270565649514e-05,-0.0003409978683849068,1.1252432186303896e-05,-4.090541242204323e-05,-3.678234299742545e-05,1.968516970913938e-05,-0.009794631741464098,-0.03397335163447814,-0.0005560095996019207,-0.001970152012014499,0.0013914893775580602,10.524154196737136
1781531069.5227838,0.06614672873670624,0.8418665670307026,0.33449491372289825,-0.2637686959020444,0.0263691964779893,-0.03198207566305415,0.06628080230997269,0.8442822407490145,0.34335682081616653,-0.26393781886883155,0.026419324291810042,-0.032033364438895706,0.0005431867357465733,-1.7772336658862306e-05,-0.0002832617985018323,0.0003563044460622499,5.726511365361437e-05,-0.00037122214760350753,-0.0001789943885023269,-0.009541104293619115,-0.03448745151126948,-0.0003768407860245489,-0.0025048279465586733,0.0019880751151394025,9.186231684761157
1781531069.5327566,0.06613989616815426,0.8417348324540687,0.334017479220424,-0.2637430459912301,0.026369395817966046,-0.03200879559072388,0.06628080230997269,0.8442822407490145,0.34335682081616653,-0.26393781886883155,0.026419324291810042,-0.032033364438895706,0.0005721242994673749,-1.384079252066007e-05,-0.0002333236170661652,0.0006050871262802967,0.00012925348979147663,-0.0006116452430734909,-0.0005584558072434127,-0.008792230795046539,-0.03457282486515895,0.0027904390091326265,-0.0014949210791228378,0.0022128411678074738,9.681551786977499
1781531069.5427265,0.06613130938785199,0.8416034784787743,0.33353943331621294,-0.2637220127036583,0.026369596050931587,-0.03203069611696928,0.06628080230997269,0.8442822407490145,0.34335682081616653,-0.26393781886883155,0.026419324291810042,-0.032033364438895706,0.0005881052029293162,-1.0509277543816241e-05,-0.0001902781385868179,0.0007749286168350965,0.00017965394273352633,-0.0007750437580957112,-0.0009677944689584712,-0.009244038522277691,-0.0364067766009751,0.003654155938502563,0.001947203628150614,0.0010157568871198154,10.17738732477406
1781531069.552782,0.06612610439635772,0.8414793301230259,0.333065814291657,-0.2637050322290492,0.026334234492687347,-0.03195808341390974,0.06628080230997269,0.8442822407490145,0.34335682081616653,-0.26393781886883155,0.026419324291810042,-0.032033364438895706,0.0006329067531107187,1.0330713171113013e-06,-0.0001352012963825645,0.0008550543104870554,-0.0004191502835845176,-2.6013653399693912e-05,-0.0007112757548492615,-0.010097737945953054,-0.037774379826914235,0.0008285400901903833,0.001287750252532387,0.00013878899824327066,10.667007767375743
1781531069.5627809,0.06611896705351042,0.8413543271873085,0.33259093041258114,-0.26369153902256565,0.026304869767082018,-0.03189708749950611,0.06628080230997269,0.8442822407490145,0.34335682081616653,-0.26393781886883155,0.026419324291810042,-0.032033364438895706,0.0006608526635905758,1.028586903696626e-05,-8.927394843189599e-05,0.0008916858429835965,-0.0008563382855647204,0.0005359230528476341,-0.00046240487698044744,-0.010371625530965099,-0.03798333494959502,-0.0014904277994904854,-0.001784218524523129,0.0006359585706743835,11.158103094032956
1781531069.5727782,0.06612698451049073,0.8413584068650465,0.3325974795663451,-0.2636810276617191,0.02628080223547391,-0.03184646516664549,0.06625144876000366,0.8438041938753393,0.3415466000976229,-0.26388085986006254,0.02639682789583353,-0.03197798811242436,0.0006749132159885561,1.7583434227374144e-05,-5.127351495873988e-05,0.0008947256613657744,-0.0011604663089026068,0.0009422948330585774,-0.00046714041330987363,-0.01050360884034386,-0.03824042331711243,-0.0006735959392687538,0.0001502123978292271,-0.00022425936504630344,9.278153034546344
1781531069.5827825,0.06611671433061413,0.8412319563519772,0.33212049323804277,-0.2636730379145945,0.026261362638120067,-0.03180500099786768,0.06625144876000366,0.8438041938753393,0.3415466000976229,-0.26388085986006254,0.02639682789583353,-0.03197798811242436,0.0006776488142299734,2.3218923675412788e-05,-2.0118099686931208e-05,0.0008725129077904096,-0.0013565726431866315,0.001220983251306769,-0.0003592218830473597,-0.01036478863740069,-0.037989871537195866,-0.0005547523034661794,-0.0012255465779324004,-0.00039464260224536264,9.77169636098453
1781531069.5927908,0.06610122510154726,0.8411076909751133,0.33158894574166603,-0.2636586322433954,0.02624776242074267,-0.031800393138198754,0.06625144876000366,0.8438041938753393,0.3415466000976229,-0.26388085986006254,0.02639682789583353,-0.03197798811242436,0.0006446832797044156,5.786126715833931e-05,-0.00033946458761313,0.0009332693439488366,-0.0013648618189382397,0.001097541089016815,-0.000353675281726339,-0.010515692303643092,-0.03959248507008595,0.0014336690772828228,0.0006023489406692817,-0.0003540473572226976,10.317391885122621
1781531069.6027567,0.06608523724180979,0.84098255436381,0.33106446602194006,-0.2636474064791533,0.02623727094873929,-0.03179781778323151,0.06625144876000366,0.8438041938753393,0.3415466000976229,-0.26388085986006254,0.02639682789583353,-0.03197798811242436,0.0006100506418836276,8.493804944081583e-05,-0.0005915260134592504,0.0009532452900444281,-0.0013337133112659332,0.0009750070923882025,-0.0002388289690019724,-0.01050066749941388,-0.038498432247940424,0.0008272573433780788,0.00012678234710686493,-0.0004558591303765017,10.85653768852644
1781531069.612783,0.06606883597124125,0.8408566614653303,0.3305461925968266,-0.26363887054677226,0.02622939598020313,-0.03179683575445015,0.06625144876000366,0.8438041938753393,0.3415466000976229,-0.26388085986006254,0.02639682789583353,-0.03197798811242436,0.0005745185289811026,0.00010559831198338876,-0.0007863789237019477,0.0009421191691070164,-0.0012738679339803875,0.0008565077135092431,0.0003707453951025742,-0.009796739538987024,-0.03557913459868183,0.0008877995264898096,-0.0027497127053655026,0.00021255223938338233,11.38991922369286
1781531069.6227846,0.06605209492295673,0.840730113982183,0.3300333560201875,-0.26363258363786257,0.026223697057603967,-0.03179707439468035,0.06624083752125809,0.8432842054021957,0.3396215627915438,-0.2638655266033485,0.02635792782947477,-0.03198358864694838,0.0005387145695803212,0.00012084577824211578,-0.0009328373893032147,0.0009079940016871416,-0.0011941589688568858,0.0007442750406727053,-0.0003234029756607348,-0.009074107902227095,-0.03476819568449679,0.0025798151135711096,-0.0004159952102119116,0.0009649449251322763,9.924349643199749
1781531069.6327896,0.06605186907231927,0.8407328259909936,0.33000782975149995,-0.2636281539188634,0.02621978458538976,-0.03179822108468641,0.06624083752125809,0.8432842054021957,0.3396215627915438,-0.2638655266033485,0.02635792782947477,-0.03198358864694838,0.0005031460516290033,0.00013155479608491355,-0.001038590316547313,0.0008575706214337917,-0.0011017486468923045,0.0006398099518225393,-3.888078169841632e-05,-0.009213943849700004,-0.0361729194234806,0.0035825310030255532,-0.0029516746145085175,0.0020903839411708846,9.948321915772098
1781531069.6427906,0.06606954740242756,0.8407407782116351,0.3300468731838144,-0.2635354171697243,0.02621589485329956,-0.03182395167473964,0.06624083752125809,0.8432842054021957,0.3396215627915438,-0.2638655266033485,0.02635792782947477,-0.03198358864694838,0.0005845745202753877,0.0001971541070025747,-0.0007260177530710639,0.001783709441311085,-0.0009488995466513266,0.00028778501809281477,-0.0002823744527522584,-0.009673053275060418,-0.03878062909606,0.004043029131986102,-0.0015641068391579794,0.001307839857052762,9.908231086468135
1781531069.6528106,0.06608440997039132,0.8407475577125528,0.3300806985523894,-0.2634590675906016,0.026213397664640148,-0.0318460763829419,0.06624083752125809,0.8432842054021957,0.3396215627915438,-0.2638655266033485,0.02635792782947477,-0.03198358864694838,0.0006425359560229594,0.00024731732990991323,-0.00046589350879537513,0.0024288077691371284,-0.0008084042853910877,1.614290252275718e-05,-0.0006594607000254041,-0.010106551263728834,-0.039497302445333546,0.0031801175975873226,-0.0004940867326706622,0.0017266532405028798,9.87355769264636
1781531069.6627777,0.06609682267535386,0.840753323298266,0.3301099073125361,-0.2633970862611684,0.026212011955519143,-0.031864893511799414,0.06624083752125809,0.8432842054021957,0.3396215627915438,-0.2638655266033485,0.02635792782947477,-0.03198358864694838,0.0006809242575472491,0.00028445325681458684,-0.00025116940536511624,0.0028456741615824556,-0.0006810102347186741,-0.0001878344271511385,-0.0008716865878949687,-0.009682575752672057,-0.037986738707586745,0.0027316588005396776,-0.0006372754975692712,0.0016381664510468597,9.843662654275098
1781531069.6727505,0.06610711033383149,0.8407582110695638,0.33013504146043066,-0.2633475671726479,0.02621149675715584,-0.03188071716914337,0.06624083752125809,0.8432842054021957,0.3396215627915438,-0.2638655266033485,0.02635792782947477,-0.03198358864694838,0.0007031133536481172,0.00031066067033791027,-7.561208854028889e-05,0.0030801235415713057,-0.0005669189695893258,-0.00033552860217642697,-0.00037812675394285433,-0.010245222735691806,-0.03798781811262978,-0.0002666240288647064,-0.0043040763872304036,0.0022930293953015634,9.817974195057275
1781531069.6827846,0.06611556068595735,0.8407623379864622,0.3301565881817191,-0.263308741090006,0.026211647738016763,-0.03189386469033437,0.06621769208146827,0.8427884754564112,0.337717586369077,-0.26375243607784726,0.02630697598904952,-0.031915586426599654,0.0007120170041654458,0.00032776289218238596,6.627869406814724e-05,0.003171476676716165,-0.00046591754758273945,-0.0004370083194226921,-0.0004311426541920513,-0.010040170140128209,-0.037266643002011136,-0.0006316091543387368,-0.0019338307402759,0.000690466796339295,7.828432631013053
1781531069.692781,0.0661188156099802,0.8407629964211594,0.33015621544981166,-0.2634149722212473,0.026202368251184494,-0.03189079525333681,0.06621769208146827,0.8427884754564112,0.337717586369077,-0.26375243607784726,0.02630697598904952,-0.031915586426599654,0.000688093386907511,0.0002948735868908959,5.9996452650804954e-05,0.0016646809638902352,-0.0005220562957461681,-0.00038332527373461566,0.00020026178196739218,-0.009748737061386334,-0.03717747627577679,0.0009631485757723017,-0.004681008166795023,0.0008638135560527694,7.828580462482986
1781531069.7027853,0.06612124225062962,0.8407634025440679,0.3301558208931743,-0.26350584464240984,0.02619511862761903,-0.0318879975338424,0.06621769208146827,0.8427884754564112,0.337717586369077,-0.26375243607784726,0.02630697598904952,-0.031915586426599654,0.0006601693073807519,0.00026473458784669605,5.419302192979089e-05,0.0004901233745927612,-0.0005498308816183302,-0.0003326064341876412,-0.0005768808064401084,-0.009072009835516438,-0.037411510610413305,0.0030498333241473995,0.001021199384441988,-0.000899076637311715,7.828826219985316
1781531069.7127788,0.06612297300787054,0.840763588183829,0.33015541698153145,-0.2635827218842125,0.026189588352200532,-0.0318854802622625,0.06621769208146827,0.8427884754564112,0.337717586369077,-0.26375243607784726,0.02630697598904952,-0.031915586426599654,0.0006293875905878484,0.000237185352539125,4.884750294071091e-05,-0.00040334865932275046,-0.000555592437793707,-0.0002854977133342392,-0.00015140362431086374,-0.008460510794780544,-0.03600053260662112,0.004481383779810778,0.0005502858705687516,-0.0014860153203493614,7.829147208700307
1781531069.7227788,0.06612412286521215,0.84076358485647,0.3301550135862624,-0.2636470086780993,0.026185497697380766,-0.03188324223467584,0.06621769208146827,0.8427884754564112,0.337717586369077,-0.26375243607784726,0.02630697598904952,-0.031915586426599654,0.0005967018749246831,0.00021206418681473475,4.393731634955444e-05,-0.0010617560901177395,-0.0005447023242930798,-0.00024238404546775128,-0.00016151793959746544,-0.008268207799576979,-0.03250315734330709,0.0015898534154495084,0.0002400324341881458,-0.0008356461927358989,7.829523883055032
1781531069.7327213,0.06612479140722609,0.8407634228955277,0.3301546183519725,-0.26370010217509715,0.02618259766402309,-0.03188127485010274,0.06620341760629045,0.8423160445686991,0.33586082344345136,-0.26366037076001236,0.026271261887171438,-0.03192779167647761,0.0005629018412916148,0.00018921052084123086,3.9438819969626504e-05,-0.0015260152074182333,-0.0005216335141456624,-0.00020344433798957966,-0.0002007246192152299,-0.008686105503382207,-0.03071206875655956,-0.0013893279751993467,-0.0005680551426138551,8.135934902457375e-05,5.914185716157372
1781531069.7427924,0.066128953436218,0.8407780521449151,0.3301422285294063,-0.2636524258581959,0.02615236741385618,-0.03185099451924159,0.06620341760629045,0.8423160445686991,0.33586082344345136,-0.26366037076001236,0.026271261887171438,-0.03192779167647761,0.0005583144530045216,0.00026576122654896583,-5.6242362225088535e-05,-0.0008474199893194046,-0.0008692276228219997,5.178371060650207e-05,-0.00025514824439407146,-0.008614148157294183,-0.029931671615718646,-0.001384119050804723,-0.0007426740411104044,0.0005276803721365663,5.922270966376328
1781531069.752787,0.06613003157999496,0.8407952404011679,0.3301626291136576,-0.26359302989559563,0.026094865861587158,-0.03183282045229857,0.06620341760629045,0.8423160445686991,0.33586082344345136,-0.26366037076001236,0.026271261887171438,-0.03192779167647761,0.0005374756206242575,0.0003600792697169402,5.384119620186028e-05,-0.00011139561237941402,-0.001431816936937798,7.403389678250061e-05,-0.0003188800148894265,-0.007482723118249477,-0.028133701429986595,0.0008160161594328672,7.457045700873699e-05,0.0005218189369782037,5.898105581025929
1781531069.7627811,0.06613070805540745,0.8408097622796238,0.33017996126074944,-0.2635429813741782,0.026047752596187523,-0.031817945821008886,0.06620341760629045,0.8423160445686991,0.33586082344345136,-0.26366037076001236,0.026271261887171438,-0.03192779167647761,0.0005139364036100725,0.00043123269260798955,0.00014153109881444417,0.00044313165090642255,-0.0018141535085152254,8.867451417843342e-05,-5.8675556089238855e-05,-0.006423344866966247,-0.025707812342048268,0.0014026302699220324,2.1756685530323337e-05,-0.0001622673628976077,5.877615856112448
1781531069.772782,0.06613105661236333,0.8408219621772655,0.33019460089422736,-0.2635013063180686,0.026009712755149073,-0.03180594982388568,0.06620341760629045,0.8423160445686991,0.33586082344345136,-0.26366037076001236,0.026271261887171438,-0.03192779167647761,0.0004885276560909226,0.0004828885941375907,0.00021013285564904942,0.0008464903698215942,-0.0020509671666012184,9.721383498172233e-05,-0.0002675882256083177,-0.005392280447471165,-0.022764307717007968,0.002396777634556661,0.0004529012619218877,-5.358705098631119e-06,5.860340969872724
1781531069.7828097,0.06613113921025277,0.840832145677526,0.3302068881387441,-0.2634670458113729,0.025979512742240418,-0.03179643853022468,0.0661956272353531,0.8419303654465297,0.3344352952710798,-0.26365249395796275,0.02628820305135049,-0.03193831837698638,0.0004619400543049426,0.000518237876255713,0.00026254190760676983,0.0011255426057748478,-0.002172263166652862,0.00010094870254969532,0.00011839727740975138,-0.005189098528355355,-0.02101146343559937,0.0013054407822971606,-0.0010377303007470039,0.00021455107407581173,4.369172947274943
1781531069.7927773,0.06614415133105324,0.8408558474402572,0.33027251819929554,-0.26337639410929836,0.026005371169147473,-0.03176186423039337,0.0661956272353531,0.8419303654465297,0.3344352952710798,-0.26365249395796275,0.02628820305135049,-0.03193831837698638,0.000513693818152936,0.0006364929358161209,0.0006739817885917066,0.0019824396395466868,-0.0017604082010420161,0.0005277284309282381,4.394337773478444e-05,-0.004867543385248617,-0.01851275615139231,0.000398668324474351,-0.003014458067030735,0.0008125051757247217,4.2995292374747125
1781531069.8027232,0.06615405378925863,0.8408699131336802,0.3303397452612377,-0.26337351411877236,0.026081716739799976,-0.03179007112909543,0.0661956272353531,0.8419303654465297,0.3344352952710798,-0.26365249395796275,0.02628820305135049,-0.03193831837698638,0.0005337285628000853,0.0006976832835983775,0.0010921764989420808,0.0018051199337064591,-0.0006833406115109401,0.0003898760346396434,0.000576464755858678,-0.005366194145133852,-0.01871559894022846,0.0006766941788394935,-0.0041704972199552255,0.0007825351942037628,4.230817573751598
1781531069.8127356,0.06616224007189699,0.8408816310233517,0.330396853126432,-0.2633727638978971,0.02614644314377479,-0.03181430554682209,0.0661956272353531,0.8419303654465297,0.3344352952710798,-0.26365249395796275,0.02628820305135049,-0.03193831837698638,0.0005430490350975518,0.0007379648963805345,0.0014140529997255754,0.0016228504621184784,0.0001423738198955449,0.0002759091109375369,0.00015677210771417713,-0.0055996906850575385,-0.02071014874851474,0.000811597729802714,-0.0024824420258176398,0.0003496378072445699,4.172526039308728
1781531069.8227246,0.06616893773902506,0.8408913223902081,0.33044513455492214,-0.26337362973013584,0.026200691960173605,-0.03183490015800193,0.0661956272353531,0.8419303654465297,0.3344352952710798,-0.26365249395796275,0.02628820305135049,-0.03193831837698638,0.0005436502773563532,0.0007609511291172381,0.001654529325683014,0.001441861205125226,0.0007571559695711984,0.0001829600594759975,0.00046722527094413425,-0.005158265397741352,-0.020297855270125703,0.0015586485239464374,-0.004608205844220607,0.0007778127440729336,4.123312423631268
1781531069.8327556,0.06617435033146686,0.8408992686811955,0.33048573352457966,-0.2633756825074816,0.02624560534160203,-0.03185220383750238,0.06620983917814888,0.8416660927332,0.3334276182973092,-0.26361073169402616,0.02613825409908177,-0.031910040473781126,0.0005372443374797143,0.0007697618361827945,0.0018266126974587468,0.0012667851094576182,0.001197065578959191,0.00010830453869896736,0.00020119856983462288,-0.004508068013347937,-0.018571166485505226,0.0018335345245880153,-0.0014092503797098848,-0.00031724551959106805,3.040388889762218
1781531069.842781,0.06618655249170007,0.8409106163390854,0.3305037847408425,-0.26339280859343184,0.026243609472099694,-0.03181454818107246,0.06620983917814888,0.8416660927332,0.3334276182973092,-0.26361073169402616,0.02613825409908177,-0.031910040473781126,0.0005822659740584493,0.0007761275564942522,0.001825097312970617,0.0009307851826216168,0.000938276762204236,0.0004875827993341579,3.7989485509804064e-05,-0.004417679612413649,-0.016995474009388858,0.0004280542858406801,0.00029458670087473683,-0.0007898623332379635,3.0199485952166354
1781531069.8527756,0.06619668476967462,0.8409198855846594,0.33051831674757987,-0.26340807387241755,0.026240983404352436,-0.031783084626768446,0.06620983917814888,0.8416660927332,0.3334276182973092,-0.26361073169402616,0.02613825409908177,-0.031910040473781126,0.0006110302340790243,0.0007714034616593945,0.0018007549668839341,0.0006535519029673917,0.0007186938253517292,0.0007584163851321584,-4.7008736993877914e-05,-0.003956813136826406,-0.015580257527115771,0.00035101596669092234,0.00013351584529605295,-6.284294619137395e-06,3.003503563216316
1781531069.8627803,0.06620502893773599,0.840927358161848,0.3305298358484179,-0.263421527039005,0.02623795692114017,-0.03175712181675508,0.06620983917814888,0.8416660927332,0.3334276182973092,-0.26361073169402616,0.02613825409908177,-0.031910040473781126,0.0006263790362877556,0.0007578366200370641,0.00175839619111405,0.00042793956169585184,0.0005344966222199226,0.0009405826713513917,-0.0003893708355560385,-0.004026034450514843,-0.015336722054177897,-0.00044055953167579273,0.0008919640961502619,0.00017872387391959976,2.9904673591975643
1781531069.8727794,0.06621183356036645,0.8409332862022352,0.3305387869136142,-0.2634332541795352,0.02623471317000403,-0.03173599117912397,0.06620983917814888,0.8416660927332,0.3334276182973092,-0.26361073169402616,0.02613825409908177,-0.031910040473781126,0.000630763784227908,0.0007373429643582246,0.00170211103798934,0.00024718100227450824,0.0003818543646054507,0.0010513272225482046,-0.0002383745664027557,-0.00332968707911802,-0.013218663011318972,0.0005853276049560498,0.0010106320641470041,0.00047843910858056055,2.980328195485583
1781531069.8827772,0.06621731742257225,0.8409378942771443,0.33054555989040885,-0.2634433670419994,0.026231395342072972,-0.03171905951291881,0.06620911060380852,0.8414564991209825,0.3326079961945894,-0.26358816343175107,0.026152983849287104,-0.03192392743325459,0.0006262913245501186,0.0007115483237484132,0.0016353593530529255,0.00010497796854639618,0.0002570331192027995,0.0011055265496508675,-0.0002816902507800966,-0.002184187846897856,-0.0098486530923865,0.0021162811384976467,0.0017883253443646684,0.0005623803165805223,2.126655083629861
1781531069.8927794,0.06621485375496577,0.8409459079580817,0.33052666749432685,-0.2634280982161314,0.026181837913742623,-0.03170107811545626,0.06620911060380852,0.8414564991209825,0.3326079961945894,-0.26358816343175107,0.026152983849287104,-0.03192392743325459,0.0005771436373353129,0.0007122338647857676,0.0013890681887027186,0.0002552923824965959,-0.00034441845842383186,0.00103342122361127,-0.00034489006654542026,-0.0018643266622889582,-0.008644066836486804,0.001834042785757087,0.001607599213789337,0.0012041084670592662,2.1430505075602686
1781531069.902775,0.06620849068570835,0.8409529177714044,0.3305396124615065,-0.263237926181364,0.026152549973970318,-0.03173575013821078,0.06620911060380852,0.8414564991209825,0.3326079961945894,-0.26358816343175107,0.026152983849287104,-0.03192392743325459,0.0005027592159283753,0.0007514549974698758,0.0013644748437849296,0.002313524338657711,-0.000516208521542517,0.00047202865518161555,-4.702141890064034e-05,-0.0016324791754855697,-0.007811658391203235,0.0008623584369704217,0.0004795644866585398,0.0017384129635092057,2.12880384893102
1781531069.9127808,0.06620277407060908,0.8409586346219025,0.3305498830780847,-0.26308011254004915,0.026128266155444946,-0.031765458860886664,0.06620911060380852,0.8414564991209825,0.3326079961945894,-0.26358816343175107,0.026152983849287104,-0.03192392743325459,0.0004366749297061022,0.0007734189719767603,0.0013274426850374698,0.003792358897215341,-0.000630803462631093,3.847303879255784e-05,0.00024381302255372007,-0.0018033993235559824,-0.007734784465119075,0.000432195381258168,0.0003873611609830802,0.0012819520977418396,2.117484075837648
1781531069.9227796,0.06619765037451841,0.8409632643018969,0.3305578680469984,-0.262950863829293,0.026108395700022324,-0.031790634577065824,0.06620911060380852,0.8414564991209825,0.3326079961945894,-0.26358816343175107,0.026152983849287104,-0.03192392743325459,0.00037809112417864577,0.0007812510573520225,0.0012808942155511475,0.004796591238561125,-0.0006994051288127075,-0.00028743045832744347,0.0002106631325839349,-0.0018605062464591717,-0.007911061880933325,0.0015419303383274738,0.00035723661185308093,0.0013456679371450164,2.1086577117111305
1781531069.9327338,0.06619306847323778,0.8409669784275821,0.33056391159742704,-0.26284655581949923,0.026092375306976168,-0.031811723997260524,0.06621078771624961,0.8413630041514504,0.33218599961826434,-0.26353437793259676,0.026194993042190973,-0.031865316723657125,0.0003262708194841124,0.0007776392010641224,0.001227296123665184,0.005417731915685504,-0.0007316661811686326,-0.0005237525374932742,0.0005267673966200582,-0.0015682813928960518,-0.007480307802580014,0.0025878376345624178,-0.00012669500759083943,0.00084414865097484,1.669826306201397
1781531069.9427626,0.0661889799601747,0.8409699204172534,0.3305683172317436,-0.2627637902870301,0.02607967766330188,-0.03182917386922189,0.06621078771624961,0.8413630041514504,0.33218599961826434,-0.26353437793259676,0.026194993042190973,-0.031865316723657125,0.0002805366875524304,0.0007648862215366046,0.0011687179264276066,0.0057348328841201725,-0.0007358141739612904,-0.0006864851682776701,0.000540871304837541,-0.0010360812315415302,-0.0064513145912828244,0.004576115639243288,-0.0005298421220182773,0.0006307922213640735,1.6648984065025196
1781531069.9527423,0.06620198068220075,0.8409576322882822,0.33061824723775496,-0.262616008686856,0.026069650854921633,-0.0318260415342225,0.06621078771624961,0.8413630041514504,0.33218599961826434,-0.26353437793259676,0.026194993042190973,-0.031865316723657125,0.0003479268135837057,0.0006561659499580282,0.001404988864824734,0.0067212516176277425,-0.0007694129702040679,-0.0006069577272074746,0.00022371702131915826,-0.0005908962594880449,-0.006177348495753977,0.005814232291520306,-0.0011263201627667331,0.0009569212079915904,1.6193367277654054
1781531069.962782,0.06621296569272599,0.840946934120282,0.33066019622151965,-0.26249787344723796,0.026062046782957538,-0.03182305407481534,0.06621078771624961,0.8413630041514504,0.33218599961826434,-0.26353437793259676,0.026194993042190973,-0.031865316723657125,0.00039761721150293643,0.0005605739459648929,0.0015768581953861252,0.007276363048700287,-0.0007735222335463405,-0.0005307584238037441,0.00023008015719192597,-0.0008912486099660467,-0.006999686600569294,0.005780228196148132,-0.0003111648147861917,6.809967050316803e-05,1.581516683419943
1781531069.9727826,0.06622219322167121,0.8409376490356235,0.33069520705712774,-0.26240518489414155,0.026056466091003205,-0.031820256482937015,0.06621078771624961,0.8413630041514504,0.33218599961826434,-0.26353437793259676,0.026194993042190973,-0.031865316723657125,0.0004324691150914526,0.0004767322104801066,0.0016948498852698056,0.007493115557153608,-0.0007554245728802217,-0.00045913806301142317,9.468580817852983e-05,-0.0009613991010227715,-0.0068356000470579555,0.005779419536608748,-0.0005043119936266112,-7.550126085946378e-05,1.5503288426828132
1781531069.9827816,0.06622989256561636,0.8409296141920131,0.33072420618404086,-0.26233409981116657,0.026052554190973076,-0.031817677414502366,0.06623080162749057,0.8413068551952603,0.3318306227195161,-0.2633098411625545,0.026164055316625356,-0.0318377967242373,0.0004549674648016671,0.0004033856350074504,0.0017680949771811702,0.0074504140384076736,-0.0007211841972634505,-0.0003929086178839368,0.00046297870517725633,-0.0011288985703964151,-0.006449198622153859,0.005686013988285487,-0.0012686625045315188,-0.0003717657852079023,1.1689607140094305
1781531069.9927778,0.06623626696847687,0.8409226808664987,0.3307480144541606,-0.26228114726272034,0.026049999734548024,-0.0318153324639593,0.06623080162749057,0.8413068551952603,0.3318306227195161,-0.2633098411625545,0.026164055316625356,-0.0318377967242373,0.00046726363618540946,0.0003393936678088986,0.0018044906118891417,0.00721448123280626,-0.0006757864829677377,-0.000332531002252862,0.0003354470146082073,-0.0008477276140655753,-0.005375228907340994,0.005920702818399919,-0.0017646390652483026,-0.00014561265017126282,1.1487647457367236
1781531070.0029685,0.06623394230845552,0.8409358623613495,0.3307306954392546,-0.26224611987740687,0.026007006466864047,-0.031774708729366524,0.06623080162749057,0.8413068551952603,0.3318306227195161,-0.2633098411625545,0.026164055316625356,-0.0318377967242373,0.0004290115301922162,0.0003911458208244515,0.0015592614012640105,0.006797958127041545,-0.0011701027012104648,1.0282171376062397e-05,-2.5235867676083067e-05,-0.0008089487925280346,-0.005113781794747141,0.006316710898236312,-0.000527700310223866,-0.0003727937198817775,1.1608124605436743
1781531070.012779,0.0662317543661631,0.8409470435324928,0.3307148319089105,-0.2622229090180662,0.02597188327093569,-0.03174082888199124,0.06623080162749057,0.8413068551952603,0.3318306227195161,-0.2633098411625545,0.026164055316625356,-0.0318377967242373,0.0003928677547813142,0.00042773484514207257,0.0013426405495837888,0.006299794339718641,-0.0015084394288890808,0.00026687341687342417,-6.134562871777324e-05,-0.00048031120788827027,-0.004633466592613452,0.007619625264064881,-0.0007190811285906748,7.423799877880993e-05,1.1723713035580166
1781531070.0227828,0.06622970623335074,0.8409564625334358,0.33070033374366853,-0.2622091869374362,0.02594361845285653,-0.031712929140551294,0.06623080162749057,0.8413068551952603,0.3318306227195161,-0.2633098411625545,0.026164055316625356,-0.0318377967242373,0.0003588744688922282,0.00045168769674352115,0.0011517305265427488,0.005754095687521286,-0.001720647009983679,0.00045183428036602453,0.00013317222720698815,-0.00048381396155096514,-0.003995274278181152,0.007766286349778393,-0.0010374932088598257,0.00019834553528845988,1.1833551395381072
1781531070.0327735,0.06622779747986171,0.840964335425741,0.33068711420737384,-0.2622029498702114,0.025921266171083035,-0.031690273647752315,0.0662398652294563,0.8412722385837107,0.33158001492126393,-0.2629782415468124,0.026129144003782745,-0.03184070754637841,0.0003270382677039648,0.00046519306118728097,0.000983879490298039,0.0051877177540027245,-0.001832543243506508,0.0005780593375376513,-0.00010022853098307465,-0.00046550689155491114,-0.0033140874582928332,0.007160289375263357,-0.001330481829254462,0.0007642194802645106,0.9445748621117412
1781531070.0427773,0.06622602510696131,0.8409708574924007,0.33067508968162895,-0.26220249163665593,0.02590395583717231,-0.03167216757856041,0.0662398652294563,0.8412722385837107,0.33158001492126393,-0.2629782415468124,0.026129144003782745,-0.03184070754637841,0.00029733711319576716,0.0004701403367493799,0.0008366664326374475,0.004621348635045874,-0.0018662179135104412,0.0006568184946909447,0.00016031280889108312,-0.0006439341816223148,-0.003163400877060395,0.005952961761458967,-0.0016011133670835783,0.0006673899829786184,0.953892971207083
1781531070.0527627,0.06621597108523555,0.840970076069745,0.33068209529807335,-0.262133126804594,0.025929423245713235,-0.0317319720405103,0.0662398652294563,0.8412722385837107,0.33158001492126393,-0.2629782415468124,0.026129144003782745,-0.03184070754637841,0.00020908897985861917,0.00046802529631198277,0.0008352407613412795,0.004890831004761826,-0.0012245010300869403,2.678699120581111e-05,0.00017750447656223262,-0.0007928883417626886,-0.0031251631446147284,0.006194281475296243,-0.0022259400422486387,0.0010136223851026514,0.9476986676601329
1781531070.062781,0.0662072438679194,0.8409693122082752,0.33068757235223073,-0.2620792849542779,0.025951926517685298,-0.03178258822106629,0.0662398652294563,0.8412722385837107,0.33158001492126393,-0.2629782415468124,0.026129144003782745,-0.03184070754637841,0.00013559637797961813,0.0004603970429094906,0.000823512922176007,0.004958866806131431,-0.0007101779786683487,-0.0004460204697216222,0.0004517448880614925,-0.0007558102024540217,-0.0029705376188558816,0.0058762176606802,-0.002175066361366911,0.0006109213898321073,0.9430176462747616
1781531070.0727773,0.06619968796084257,0.8409685867217761,0.3306917636398573,-0.26203854752259226,0.025971592354215867,-0.03182493452433591,0.0662398652294563,0.8412722385837107,0.33158001492126393,-0.2629782415468124,0.026129144003782745,-0.03184070754637841,7.488034649410287e-05,0.0004484395878706061,0.0008036633828631929,0.004874103909871122,-0.0003053823270911139,-0.0007880800014152276,0.0004446060031236247,-0.0006332900380718714,-0.0027841358352101633,0.005824690408335357,-0.0016366294006188707,0.00025872232494962897,0.9395791638228898
1781531070.0827801,0.06619316462933734,0.8409679100356687,0.3306948785947184,-0.2620087436930387,0.025988593498569523,-0.03185992543827687,0.06625180756554677,0.8412435772475677,0.3314326220456699,-0.26264771777144974,0.026055081196528995,-0.03180191360786766,2.5190336469684825e-05,0.00043315827908281,0.0007775454745369393,0.004677174854981071,6.269972679816239e-06,-0.0010228090020861329,0.00028163523660144446,-0.0005796081647094385,-0.002688706961202185,0.005237204265311381,-0.0014495165437998303,4.177597204648494e-05,0.7897447721291125
1781531070.0927453,0.06619781181003932,0.8409591488103951,0.3307053361910091,-0.2619701748343074,0.026003661254872856,-0.03184161181168056,0.06625180756554677,0.8412435772475677,0.3314326220456699,-0.26264771777144974,0.026055081196528995,-0.03180191360786766,5.206636483516514e-05,0.0003473478842283925,0.0007992003987748698,0.004582382881111923,0.00011287818630420917,-0.0006755032483814129,2.9594730843204018e-05,-0.00028330460382656146,-0.00248836433369121,0.005064101048209094,-0.0002622954529267736,-0.00047346890294844323,0.7827897494697786
1781531070.1027808,0.06621943979213392,0.8409571392145677,0.33072194461588167,-0.2619576685164076,0.026036576875964945,-0.03180214931362563,0.06625180756554677,0.8412435772475677,0.3314326220456699,-0.26264771777144974,0.026055081196528995,-0.03180191360786766,0.00018443469382801599,0.00029861414285123843,0.0008668946844367238,0.00420734946322794,0.00033616604216061305,-9.272728555318268e-05,0.00031360815879420147,-0.00041683801580992324,-0.002675211756813886,0.005134481787104634,-0.0003726185122613109,-0.0009279371575050392,0.7669138339572757
1781531070.1127834,0.06623787990776518,0.8409553091616443,0.3307357414617471,-0.2619510078720769,0.026063987697800828,-0.031768796399366625,0.06625180756554677,0.8412435772475677,0.3314326220456699,-0.26264771777144974,0.026055081196528995,-0.03180191360786766,0.0002883594597449491,0.0002557082592589908,0.0009102534036734701,0.0038111822144887525,0.0004942753329196961,0.0003464611806820376,0.000391538154316177,-0.00048512563604940383,-0.0027820230954987007,0.00475174587497351,-0.0010395170339348619,-0.0008958384588132669,0.7542778117257773
1781531070.1227832,0.06625352558681367,0.8409536319008549,0.3307471142426058,-0.26194890969733636,0.02608652369331388,-0.031740934195974346,0.06625180756554677,0.8412435772475677,0.3314326220456699,-0.26264771777144974,0.026055081196528995,-0.03180191360786766,0.0003681336645567774,0.0002180244845435117,0.000933526784535345,0.0034100244838287915,0.0005992183830912681,0.0006660436220608721,7.816414700891881e-05,-0.0002727516759711289,-0.002478069181378354,0.0051109730460845515,-3.776163710750407e-05,-0.0008561686095345521,0.7443065253907828
1781531070.1327798,0.0662667286511113,0.8409520869241439,0.3307564024516443,-0.2619502876051846,0.02610479028691226,-0.03171794867592777,0.06626109457252088,0.8412252559085739,0.3313075116900494,-0.2623874796653499,0.026033686408944323,-0.03182432001285984,0.0004275096271202645,0.00018501037032228154,0.0009403812976243211,0.0030161084870770688,0.0006614514942184036,0.0008872622339298183,-0.00010754838005299127,-0.0005635103561545886,-0.00228832577926195,0.004235037285593152,0.0010408677231188992,-0.0009885211806728363,0.6151214754432983
1781531070.1427808,0.06625633401721905,0.8409625101986824,0.3307258087847019,-0.2620469258020624,0.026077936696406123,-0.031691571524202225,0.06626109457252088,0.8412252559085739,0.3313075116900494,-0.2623874796653499,0.026033686408944323,-0.03182432001285984,0.00033706395520274304,0.0002162000330388167,0.0006765706594036845,0.0016244654258080495,0.0002311021566227006,0.000992507996724006,1.901564401253672e-05,-0.0005479690928337612,-0.0024338893922035494,0.003366840092136708,0.0007111629892061273,-0.0003747971161561435,0.6383073249171312
1781531070.152782,0.06624723579342892,0.8409712536960178,0.3306991895762131,-0.2621297209257507,0.026054912568138855,-0.031670209694191084,0.06626109457252088,0.8412252559085739,0.3313075116900494,-0.2623874796653499,0.026033686408944323,-0.03182432001285984,0.00026018565547029844,0.00023849878296159242,0.00045621772447144787,0.0005372867452354887,-9.766408633037006e-05,0.0010441988433196638,-0.0003473885877065928,-0.0005335547158536771,-0.0019046039112471408,0.004142357703898477,0.0005566221947248041,0.0006075591429508885,0.6593671086152347
1781531070.1627803,0.06623929621912093,0.8409785247031158,0.3306760929984564,-0.26219987742694095,0.02603538739508937,-0.03165319071249738,0.06626109457252088,0.8412252559085739,0.3313075116900494,-0.2623874796653499,0.026033686408944323,-0.03182432001285984,0.0001951730039955606,0.0002533775989895326,0.00027354356243391206,-0.00029200763217747047,-0.0003413197912216945,0.0010543475333778412,-0.00036281467308210176,-0.0008483659195539341,-0.002338982538826188,0.0030127403018919228,0.00033946009243706503,0.0008798824893966238,0.6782632380210077
1781531070.1727793,0.06623238929213933,0.8409845126331859,0.3306561130260185,-0.2622586437476511,0.026019017891609098,-0.03163989179548203,0.06626109457252088,0.8412252559085739,0.3313075116900494,-0.2623874796653499,0.026033686408944323,-0.03182432001285984,0.00014050955268521775,0.0002621113615865699,0.000123431574810325,-0.0009053776827826655,-0.0005145366283400261,0.0010330920315252939,-0.0001876952437412238,-0.0008319553974360818,-0.00221582282438853,0.002498202557681852,-9.472863152650091e-05,0.0012334022160040753,0.6950550606013872
1781531070.1827517,0.0662264001769905,0.840989389302975,0.3306388853217806,-0.2623072671119547,0.026005460573153893,-0.0316297444362212,0.06624716996907865,0.8411872336593658,0.3311885327798041,-0.26222723640715373,0.026055832473687035,-0.031792961295455974,9.48468028484479e-05,0.00026580137462861423,1.3616978956990924e-06,-0.001340173111432564,-0.0006302354127344912,0.0009888880558573403,-0.00019631704525107236,-0.000660237074163608,-0.0019016045091702115,0.0020309348572596876,-8.358473061096747e-06,0.001392396102389547,0.5845392217214916
1781531070.1927903,0.06622122457205398,0.8409933094949121,0.33062408343289557,-0.2623469596858473,0.025994381187894877,-0.03162223636011875,0.06624716996907865,0.8411872336593658,0.3311885327798041,-0.26222723640715373,0.026055832473687035,-0.031792961295455974,5.698816791336359e-05,0.0002653956447279248,-9.66499761156445e-05,-0.0016292669192435449,-0.0006996714936018379,0.0009286994013537119,8.836249488549634e-05,-0.000980514405647094,-0.0022514671858491256,0.00030325478004289,0.0002821423674529945,0.0006815367358789687,0.5973966943424321
1781531070.2027853,0.06622030427745419,0.8409706770426211,0.33063166999555366,-0.2623504386804193,0.0260143983622938,-0.03165113969594861,0.06624716996907865,0.8411872336593658,0.3311885327798041,-0.26222723640715373,0.026055832473687035,-0.031792961295455974,4.4086857436950215e-05,0.00011380841353274808,-3.378399960415024e-05,-0.001481292827181649,-0.0003304397035700792,0.0005793513953647923,0.00011503019566871174,-0.0008733716798170645,-0.0018023149224883233,0.0005631157923421401,0.00023361465977137877,0.0006709440198782155,0.5980925464554057
1781531070.2127774,0.06621948641155437,0.8409511613100232,0.33063821618536626,-0.2623520203737426,0.026031389251844672,-0.031676042375643865,0.06624716996907865,0.8411872336593658,0.3311885327798041,-0.26222723640715373,0.026055832473687035,-0.031792961295455974,3.317140650619193e-05,-9.323814090212985e-06,1.711119612335358e-05,-0.0013298734697228176,-4.474019628775589e-05,0.00030174022500434404,0.00015657663969601945,-0.0007482243727344998,-0.0015751119631483422,0.0005732642731396542,-0.00013483482360810922,0.0007908045769555479,0.5994538244059756
1781531070.2227807,0.06621875882571497,0.8409344058700028,0.33064384911185546,-0.26235213712480576,0.026045647566970365,-0.03169726583895868,0.06624716996907865,0.8411872336593658,0.3311885327798041,-0.26222723640715373,0.026055832473687035,-0.031792961295455974,2.3988460149839064e-05,-0.00010805291844223626,5.775167661573786e-05,-0.0011800175447121133,0.00017055062553726906,8.547753848965321e-05,0.00023525757164765738,-0.0005979438463651923,-0.0016065334006516404,0.000301198768734083,6.883355354881635e-05,0.000334632326388627,0.6011733379578428
1781531070.2327344,0.06621811125762193,0.8409200873262322,0.33064868091540683,-0.2623511529944894,0.026057468167708153,-0.03171515164479935,0.06625202759623444,0.8411440778835655,0.33108844610686816,-0.26221117756868884,0.026058220522364284,-0.03175748240133065,1.631267920682759e-05,-0.00018594085259637333,8.964499087788583e-05,-0.001035435080940338,0.00032719320749149223,-7.889946168891239e-05,0.00034653998174579564,-0.000518276017856821,-0.0014404913462972312,4.0622705783635384e-05,-0.00034628951107868735,0.00018240032419182713,0.49468728649557286
1781531070.242777,0.06621753497588709,0.8409079132325675,0.33065281057471485,-0.26234937090541655,0.026067138705624382,-0.03173004707591273,0.06625202759623444,0.8411440778835655,0.33108844610686816,-0.26221117756868884,0.026058220522364284,-0.03175748240133065,9.94407013233251e-06,-0.00024611113563818084,0.0001141121942546092,-0.0008987615107396278,0.0004356046908630931,-0.00019990109345625906,0.00014319187845009606,-0.0006924795860545583,-0.0016551577879106972,-0.0009705799116467155,-8.332565844871949e-05,4.2456702772679455e-05,0.4967311145015117
1781531070.2527766,0.06622552130935619,0.8409073233210331,0.33066655201087347,-0.26233911482043687,0.026070782569308726,-0.03175090451781375,0.06625202759623444,0.8411440778835655,0.33108844610686816,-0.26221117756868884,0.026058220522364284,-0.03175748240133065,5.965683409979462e-05,-0.0002245087809500795,0.00019609862685111409,-0.000682780991121978,0.00048555059552114993,-0.00038759624517085886,-5.914659568110579e-05,-0.0009836026611235627,-0.0021819775299599335,-0.0013562100128710535,-0.0007198673651860984,0.0005202859521111238,0.48450999407560036
1781531070.2627857,0.06623232833723991,0.8409069802694009,0.3306782594517186,-0.26232984983408203,0.02607350910747752,-0.03176798783613774,0.06625202759623444,0.8411440778835655,0.33108844610686816,-0.26221117756868884,0.026058220522364284,-0.03175748240133065,9.880899368780193e-05,-0.0002043222363614939,0.0002594303650942705,-0.0005022642694986235,0.0005096833183107453,-0.0005176197689002764,-2.710568013629945e-07,-0.0013435475929736093,-0.002732602958851258,-0.002060428417822096,-0.0016435921758031196,0.0008900013189867014,0.4741902904006646
1781531070.2727408,0.06623810244049479,0.8409068445262848,0.3306881846855904,-0.2623215810393186,0.026075473646379743,-0.031781775728295186,0.06625202759623444,0.8411440778835655,0.33108844610686816,-0.26221117756868884,0.026058220522364284,-0.03175748240133065,0.00012898728598987873,-0.00018552805012658167,0.0003069841381136779,-0.0003532606706573646,0.0005138143222073416,-0.0006008729305957978,-6.484302608096564e-05,-0.0012718268793780222,-0.002641297938218724,-0.001629586103968567,-0.0007157593638205725,0.00042534546051990236,0.4654919775165907
1781531070.2827427,0.06624297435514559,0.8409068800018551,0.33069655233484596,-0.26231428498802156,0.02607681343278978,-0.03179271706785888,0.06625174360716285,0.8410913154274149,0.3309828288395701,-0.262271880251608,0.026025994752452153,-0.03173827577877003,0.0001515792089550933,-0.00016808975321947964,0.00034126922966155133,-0.00023194747072358688,0.0005028454907276925,-0.0006468038785631201,-7.929585852201217e-05,-0.0015388572630575656,-0.002754472881128518,-0.0020387067496547857,-0.000615666529252559,0.00031459087507972397,0.3406575452553873
1781531070.292781,0.0662303530399957,0.8407778649906951,0.33022082956441884,-0.2623079174879491,0.026077648409655874,-0.03180122609598239,0.06625174360716285,0.8410913154274149,0.3309828288395701,-0.262271880251608,0.026025994752452153,-0.03173827577877003,0.00016779473568857774,-0.00015196088879057768,0.00036446815303307965,-0.00013470245803461856,0.0004808629999315468,-0.0006635133759844853,-0.0003776959574009722,-0.0012268858967191569,-0.002000522406412249,-0.0013743872518741916,0.0004949757487578562,6.68590579482641e-05,0.8242278980807467
1781531070.3027804,0.06620343193512922,0.8406562170347283,0.3297107574605633,-0.2624285553997957,0.026091347798156583,-0.03182252215642897,0.06625174360716285,0.8410913154274149,0.3309828288395701,-0.262271880251608,0.026025994752452153,-0.03173827577877003,8.881183701317904e-05,-0.00010148809582182175,0.00017503818027372732,-0.0014310250642448556,0.000632552034059075,-0.0007767474615611394,-0.0003867678039975555,-0.0009691825863022045,-0.0018865278347419987,-0.0009273100605176869,0.0007809323074163186,-2.338709233104888e-05,1.3452918725174339
1781531070.3127794,0.06617787602677366,0.8405334508299493,0.32920455831301676,-0.26252868710031735,0.026102491461581945,-0.03183959550654181,0.06625174360716285,0.8410913154274149,0.3309828288395701,-0.262271880251608,0.026025994752452153,-0.03173827577877003,2.4281150297895515e-05,-5.968393547263029e-05,2.0750972390600077e-05,-0.0023631447414367876,0.0007288896444192899,-0.0008403304855137554,-0.00015888580520824995,-0.001164452137413079,-0.0019041712838402357,-0.0009030896509200144,0.0007790035201358237,-0.00037871841357828897,1.8651850830805479
1781531070.322777,0.06615352880019397,0.840409704261889,0.3287017680095897,-0.26261071323954543,0.02611141576781173,-0.03185303723598938,0.06625174360716285,0.8410913154274149,0.3309828288395701,-0.262271880251608,0.026025994752452153,-0.03173827577877003,-2.78300193383351e-05,-2.5368421817641876e-05,-0.00010336959176275134,-0.002996864815590509,0.0007811180807414413,-0.0008649706458161521,6.789709475539865e-05,-0.0011882299851837797,-0.0019798006012691125,-0.0001491170844931846,0.0007436603241877019,-0.0006680976112991714,2.382745987164434
1781531070.3327367,0.06613024962809252,0.8402851018837947,0.32820196914076116,-0.26267692816224064,0.026118433342338765,-0.03186338972119401,0.06624450973628071,0.8410338714810872,0.330884340589007,-0.2623077380430285,0.026053846840719208,-0.03175248719176281,-6.931083266505323e-05,2.5005949216352975e-06,-0.00020170045065255588,-0.0033896575102892327,0.0007988679690593548,-0.0008597573465921135,-0.00015797533624988737,-0.0013000808388426584,-0.002867650123368496,0.00041394270661730166,0.0007248960944801706,-0.0005170742879568968,2.7872617151098877
1781531070.3427258,0.06610791228159828,0.8401597554502802,0.3277047875100109,-0.2627294837552857,0.026123830494931832,-0.03187114397696808,0.06624450973628071,0.8410338714810872,0.330884340589007,-0.2623077380430285,0.026053846840719208,-0.03175248719176281,-0.00010173227732174225,2.4841408269904397e-05,-0.00027808207472151123,-0.0035911796612781216,0.0007902988336463084,-0.0008323182470894844,-9.208591737947925e-05,-0.0015626996653491864,-0.003997470352175817,0.001001685515750006,5.0182996888583484e-05,-0.00045210259872526995,3.3003477819910163
1781531070.352736,0.06612058199044721,0.8401499425459888,0.32772263435791943,-0.26263069852465115,0.026107894502071627,-0.031867098981598604,0.06624450973628071,0.8410338714810872,0.330884340589007,-0.2623077380430285,0.026053846840719208,-0.03175248719176281,-1.1653775781921116e-05,-2.9477796923160528e-05,-0.00015494663699750419,-0.0021217666829008936,0.0005249921552803349,-0.0007439983560611426,7.286915575111182e-05,-0.0021342176807264556,-0.006518980123674627,-7.430631248780817e-05,0.0008391036127874874,-0.001178131193168533,3.2852815313439327
1781531070.3627825,0.06611472853115904,0.8400122752917575,0.3272553312367273,-0.262545642928782,0.026094202015005008,-0.03186291269055737,0.06624450973628071,0.8410338714810872,0.330884340589007,-0.2623077380430285,0.026053846840719208,-0.03175248719176281,6.080649204399405e-05,-7.27102828995019e-05,-5.4133482252094546e-05,-0.0009627062759887807,0.00031183978762486405,-0.0006574572141245034,-0.0004306852962976921,-0.0028155662519910385,-0.00904039290251747,-0.0017389189238734006,0.0006824565252928437,-0.0005916798651910023,3.7722951653058043
1781531070.3727794,0.06610731075894916,0.8398759516413312,0.32678584113097214,-0.2624732026982365,0.026082565207137698,-0.03185873493864702,0.06624450973628071,0.8410338714810872,0.330884340589007,-0.2623077380430285,0.026053846840719208,-0.03175248719176281,0.00011820516968254476,-0.0001064948488451939,2.748253798231544e-05,-6.790931050177913e-05,0.00014359858669237463,-0.0005746178913072906,-0.00029609193998412917,-0.0034002962677412143,-0.01083985435266237,-0.002556269089408968,0.0011627640699262301,-0.0009977139291999174,4.261138312962096
1781531070.3827295,0.06609852047854202,0.8397407973042066,0.3263144228581667,-0.2624121976258479,0.026072787117035423,-0.03185467778436238,0.06624450973628071,0.8410338714810872,0.330884340589007,-0.2623077380430285,0.026053846840719208,-0.03175248719176281,0.00016278550755811441,-0.0001322667934887565,9.265345617945332e-05,0.0006043908832343555,1.3612382415373542e-05,-0.0004968199007826015,-0.00048582843492278555,-0.004671274718544177,-0.01386048012777642,-0.004040894849101191,-0.0002612008654741727,-0.00028775058556322733,4.751578869906219
1781531070.3927777,0.0661052369176723,0.8397358701774315,0.3263240363151159,-0.2623614304072467,0.026064669317193756,-0.03185082191595015,0.06623382646611564,0.840898896976079,0.3304858169083544,-0.2623673725122316,0.0260856515048411,-0.031794527885597224,0.0001965107482658918,-0.00015127986416323377,0.00014379690626479646,0.0010915790246762277,-8.41530514781394e-05,-0.00042492886252869954,-0.0003982156063950007,-0.0053335288769989385,-0.016237219739045607,-0.0035881072450293576,0.00013814089289765564,-0.0005890251935974254,4.323145187545465
1781531070.4027772,0.0660792690521147,0.8395900072838786,0.3258021222226262,-0.2624418019781911,0.02608828796034457,-0.03192929741373467,0.06623382646611564,0.840898896976079,0.3304858169083544,-0.2623673725122316,0.0260856515048411,-0.031794527885597224,0.00012054877389521649,-0.00022665446503255393,-0.00010570901126514778,0.00011713732834788058,0.000395860457772727,-0.0011387692680173646,-0.0004709094009577744,-0.0053166461511344396,-0.017567251468239852,-0.0021952393766114324,-0.0009105103237881262,-0.00023599356765630989,4.86560131224183
1781531070.4127498,0.0660553775666134,0.8394585249669182,0.325286148504025,-0.26250228579669466,0.02608661751846686,-0.03195404213410652,0.06623382646611564,0.840898896976079,0.3304858169083544,-0.2623673725122316,0.0260856515048411,-0.031794527885597224,6.6409113701113e-05,-0.00022318943083784315,-0.00031153285020675927,-0.0005489293843145774,0.0004048335688247588,-0.001279980928255779,-0.00034310692755605733,-0.005698889644899636,-0.019086068673863435,-0.0026856348904977325,-0.0006780046684524514,-0.0003762878155086797,5.398431906534423
1781531070.422762,0.06603245645115055,0.8393275041110336,0.3247750956295483,-0.2625526219380482,0.026085156893370653,-0.031973622586724953,0.06623382646611564,0.840898896976079,0.3304858169083544,-0.2623673725122316,0.0260856515048411,-0.031794527885597224,2.210577711125281e-05,-0.0002175797577052621,-0.00047281526472103466,-0.001032964713054267,0.0004004725150812127,-0.0013507504608575149,-0.0005384574197885494,-0.005318021149198567,-0.018248999098426564,-0.0016316907525773842,-0.0004913336678767754,-0.0003873027964261825,5.926395442716501
1781531070.4327838,0.06601039349241623,0.8391968758472578,0.3242683517506852,-0.2625939769429712,0.026083893837032912,-0.03198879766689816,0.06623382646611564,0.840898896976079,0.3304858169083544,-0.2623673725122316,0.0260856515048411,-0.031794527885597224,-1.3739854710927168e-05,-0.00021031950626614198,-0.0005962974075775929,-0.0013673607774252272,0.00038624072591440225,-0.0013668026930870444,-0.0004806791150118063,-0.005167843308953739,-0.018619345080682498,-0.001555791616491463,-0.0011247576390628383,-4.413842144734586e-05,6.450090790331591
1781531070.4427786,0.06600582729785416,0.8391959196385236,0.3242480622773113,-0.26262747069656633,0.026082813664726645,-0.03200025657522329,0.06621436766760125,0.8406322631559161,0.32960600773578363,-0.26249736772307974,0.02607114963389212,-0.03182891225433086,-4.234166766205995e-05,-0.00020182620963389973,-0.0006878698630599688,-0.0015804839177633813,0.00036500323787145303,-0.0013414175286596507,-0.0005886477144650009,-0.005085837520577445,-0.01886564948004466,-0.0006985278521653713,0.00014137437939897103,-0.0006381144049333592,5.551049569381832
1781531070.452781,0.06598990448553119,0.8390741176374419,0.32371722254191576,-0.2624776054890755,0.026001712106362707,-0.03191128376925742,0.06621436766760125,0.8406322631559161,0.32960600773578363,-0.26249736772307974,0.02607114963389212,-0.03182891225433086,-2.5848603647220447e-05,-0.00016080334005492446,-0.000988315463338006,0.00020330338375302063,-0.0007812528397532835,-0.0004870646495130146,-0.00047800295443654027,-0.0046130093959429064,-0.019168881220268812,0.001509360790977767,0.0002396907915189547,-0.0011709491362582496,6.095571526638319
1781531070.4627557,0.06597400815604522,0.8389514242914825,0.3231935906953121,-0.2623517410067168,0.025934297410754592,-0.031836214005192556,0.06621436766760125,0.8406322631559161,0.32960600773578363,-0.26249736772307974,0.02607114963389212,-0.03182891225433086,-1.228088659949345e-05,-0.00012583374012489776,-0.0012169821646027075,0.0015342743497836215,-0.0016187147283238533,0.0001664009321222814,-0.0004087822161671981,-0.005208282376724786,-0.0206965651154055,0.0011157749166392091,0.001626923448696787,-0.002045810349113966,6.633406687661732
1781531070.4727802,0.06595812303791201,0.838827913824529,0.32267624726965083,-0.26224730361601156,0.025878985081383865,-0.03177361406371229,0.06621436766760125,0.8406322631559161,0.32960600773578363,-0.26249736772307974,0.02607114963389212,-0.03182891225433086,-1.2334763099648295e-06,-9.616664289210054e-05,-0.0013851292535370433,0.0024895319266494812,-0.0022018849605855836,0.0006514624256159151,-0.00028693441102826776,-0.005081789299699561,-0.02026800513671528,0.0023228579731096022,-3.4092801094606874e-05,-0.0012862205822308384,7.165397263090072
1781531070.4827676,0.06595881325646932,0.8388327834579874,0.3226471356798025,-0.26216177869230023,0.025834256243381315,-0.0317220692161983,0.06621436766760125,0.8406322631559161,0.32960600773578363,-0.26249736772307974,0.02607114963389212,-0.03182891225433086,7.650717472435787e-06,-7.113216471080856e-05,-0.0015025622281443396,0.003137131333050032,-0.0025785608513737993,0.0009970678070737365,-0.0006492891764214893,-0.005565405782744392,-0.021972407657676163,0.0019631693076919603,0.002493196155569125,-0.0018814033559700102,7.192310861734313
1781531070.4927914,0.06594288697827133,0.8387078254232911,0.3221400398382205,-0.26209276463103487,0.025798682804188955,-0.03168021724771285,0.06619263221829136,0.8403818645555883,0.3286138127087433,-0.2624442300523971,0.026103238638924386,-0.03189175681450307,1.4685767363898236e-05,-5.013384098751222e-05,-0.0015777952782907742,0.0035364856989715298,-0.002790207439121531,0.0012287239039937884,-0.0005208824050822931,-0.006250035825639999,-0.024024042577545375,0.0020082581805399907,-0.0004860342625377286,-0.00037720062977225166,6.6913761574501205
1781531070.5027788,0.06592380170685375,0.8385775448517889,0.32165498685313226,-0.2620709749340717,0.025785062791945368,-0.03172068347239973,0.06619263221829136,0.8403818645555883,0.3286138127087433,-0.2624442300523971,0.026103238638924386,-0.03189175681450307,-1.8707223725855776e-06,-3.7055949563676567e-05,-0.0014968968339242415,0.003399683074318129,-0.0025146999551912217,0.000629512011821614,-0.0004012196367058085,-0.006878597829682397,-0.026064709310624892,0.0022577369949798093,-0.0021592226370831095,0.00011731745473517824,7.193962519093281
1781531070.5127761,0.0659146333276496,0.8384336443825008,0.3212036481273279,-0.26202233180420836,0.02576538938036843,-0.03173571727623947,0.06619263221829136,0.8403818645555883,0.3286138127087433,-0.2624442300523971,0.026103238638924386,-0.03189175681450307,4.704399761044247e-05,-0.00012017415537359289,-0.0012074790255858054,0.003563870566401889,-0.002404897981894918,0.00034667565201415573,-0.00035537377546964057,-0.007497284256869543,-0.02847362591716984,0.0002538358984866149,-0.0038480701890432354,0.00026656873764213223,7.667032303941764
1781531070.522726,0.06592097103510096,0.8384210097046084,0.32123111836583407,-0.2619847128946412,0.02575089406938824,-0.0317492429836123,0.06619263221829136,0.8403818645555883,0.3286138127087433,-0.2624442300523971,0.026103238638924386,-0.03189175681450307,8.571532635824155e-05,-0.00018537649091231618,-0.0009598421939036567,0.003589335429737392,-0.002256802466641989,0.00012526356003067436,-0.0001267408256758097,-0.007547597573278341,-0.029209544163772867,0.00014300856443612693,-0.004659642611214232,0.00043937662963136907,7.643489210163608
1781531070.5327208,0.06592638704728696,0.8384102960229326,0.32125506694213957,-0.2619563837896207,0.025740675291790804,-0.031761268164165204,0.06619263221829136,0.8403818645555883,0.3286138127087433,-0.2624442300523971,0.026103238638924386,-0.03189175681450307,0.00011567353063088305,-0.00023537026699768591,-0.0007488838186668397,0.0035101636937847833,-0.002084067677012737,-4.406402094663824e-05,-0.0003457728891457732,-0.007977542743060074,-0.030057865782203312,-0.0006459855158630755,-0.004327160993779755,0.0004931252028288084,7.6229330462460085
1781531070.5427234,0.06593099350337314,0.83840126507382,0.3212758899868865,-0.2619357906669995,0.025733940469316652,-0.03177183967537413,0.06616578653563548,0.8400296150208537,0.3272654882296511,-0.26238386777054873,0.025993098405092896,-0.03188546737550581,0.0001382574716336624,-0.000272521547960503,-0.0005700429803545512,0.0033547589017799287,-0.0018975989873811453,-0.00016973093408962777,-0.0009446007701408579,-0.007865320455833767,-0.030255975475365713,0.000340278862668767,-0.0010059230407240933,-0.00029853880202959236,6.211436100269638
1781531070.5527766,0.06594057059710255,0.8384087593417903,0.32123061638140094,-0.2619627939444913,0.025720505412183625,-0.03171474008693072,0.06616578653563548,0.8400296150208537,0.3272654882296511,-0.26238386777054873,0.025993098405092896,-0.03188546737550581,0.00019232360586867716,-0.0002312241016849047,-0.000828909664115795,0.002677815131852462,-0.001993595234284554,0.0004127188652375901,-0.0009747249033482531,-0.00782518298603151,-0.031245837363865554,0.0023026783817400647,-0.0016241813479352086,0.00018521711155309087,6.252805256532795
1781531070.5627785,0.0659321951379004,0.8382861895813633,0.3207093333494375,-0.26198798587818595,0.025710878354433753,-0.03166755427871061,0.06616578653563548,0.8400296150208537,0.3272654882296511,-0.26238386777054873,0.025993098405092896,-0.03188546737550581,0.0002332895115262413,-0.000195141776401571,-0.0010262177608226944,0.0020973092331850315,-0.002010944942159575,0.0008378375210779576,-0.0007739081713179864,-0.007242810600719609,-0.030724320449480202,0.004802662380112958,-0.0016601596986270328,0.00024078120657007235,6.7880235722562885
1781531070.5727413,0.0659225733098115,0.8381626807186905,0.32019398306027747,-0.2620111309478729,0.025704367706378628,-0.03162908829695489,0.06616578653563548,0.8400296150208537,0.3272654882296511,-0.26238386777054873,0.025993098405092896,-0.03188546737550581,0.00026321982576995223,-0.00016370320993605767,-0.0011716081826103088,0.0016049499352463541,-0.001968894284684541,0.0011334351223895784,-0.00046346764548944706,-0.006506643710135504,-0.029169139412055466,0.005119030321076473,-0.0029371702023670105,0.000159011761214947,7.317839962877556
1781531070.582745,0.06591185977353811,0.8380383376322027,0.31968381367904924,-0.262032108757244,0.025700370024184904,-0.03159820883385339,0.06616578653563548,0.8400296150208537,0.3272654882296511,-0.26238386777054873,0.025993098405092896,-0.03188546737550581,0.0002839118160328262,-0.00013639088693517912,-0.0012734782445632839,0.0011921123215632428,-0.0018834892838359486,0.0013238945484153016,-0.0006792025881384166,-0.006771120871552382,-0.028213180440065082,0.002969067412383967,-0.002949280520547901,0.0003426396427442351,7.84292378072784
1781531070.592722,0.06590019278320024,0.8379132590596645,0.3191781560302561,-0.26205088845296143,0.02569836442642992,-0.0315738590476463,0.06613280960258427,0.8396525164851918,0.3257275217512517,-0.2622529678294596,0.02589133991816439,-0.03188452058894384,0.00029692533930310793,-0.00011273707627287234,-0.0013391205329330606,0.0008501575073947495,-0.0017679390816214202,0.0014303632655068381,-0.000772213841594075,-0.006445711786831735,-0.02612497616860648,0.003236078188231225,-0.0023239234036890244,0.0003899508332052849,6.780362698577705
1781531070.6027794,0.06588769572360952,0.8377875366979249,0.31867641562401594,-0.26206750710828197,0.025697906147874372,-0.03155506832331828,0.06613280960258427,0.8396525164851918,0.3257275217512517,-0.2622529678294596,0.02589133991816439,-0.03188452058894384,0.0003036099008659834,-9.231993889256997e-05,-0.0013748483828504507,0.0005706725622985161,-0.0016329657532266845,0.001470985619916564,-0.0006744834913116469,-0.007071819275658696,-0.026284271343792825,0.0006164431298659427,-0.0011814305058149546,-0.00020244257777506775,7.29769333681003
1781531070.6127315,0.06588879331714814,0.8377868526605072,0.3186794736071487,-0.26210293485791214,0.025710971627363577,-0.03161792714275302,0.06613280960258427,0.8396525164851918,0.3257275217512517,-0.2622529678294596,0.02589133991816439,-0.03188452058894384,0.00029005655507455193,-6.871956306539183e-05,-0.0012612034031723046,0.00013911289797665331,-0.0011393360877648634,0.0006847762632883134,-0.0008136327159217953,-0.006793128610740308,-0.02505481200291275,0.002770717717025158,-0.0010932598032723038,0.00035537879559172564,7.29487683898009
1781531070.6227872,0.06587306254870465,0.8376571974107396,0.31819999561887247,-0.26213288350020325,0.025722806773661455,-0.03167167586870835,0.06613280960258427,0.8396525164851918,0.3257275217512517,-0.2622529678294596,0.02589133991816439,-0.03188452058894384,0.00027550098187915397,-4.8903068322587255e-05,-0.0011539915368639427,-0.00018805010808785317,-0.0007382886933096277,7.695365394948684e-05,-0.0008203990869559939,-0.007190827149082093,-0.026142443610562685,0.0013302068127511548,-9.82570750081807e-05,0.00040725486593200526,7.791817272916757
1781531070.6327457,0.06585704852169377,0.8375276567467255,0.3177206695116174,-0.26215790694791086,0.02573339638620009,-0.03171712745150204,0.06613280960258427,0.8396525164851918,0.3257275217512517,-0.2622529678294596,0.02589133991816439,-0.03188452058894384,0.00026032528132282235,-3.237526683610256e-05,-0.0010533024844617148,-0.00042803637208647905,-0.00041758798928322855,-0.00038057245226638767,-0.0010029987733680013,-0.006567260414180595,-0.02588398376736422,0.003450487202511317,0.00017356331616731036,0.0011957501467740128,8.288591911128531
1781531070.642773,0.06584079986542025,0.8373982272121909,0.31724142712469167,-0.2621785550573387,0.025742763122703183,-0.03175511811663685,0.06609177379122844,0.839312249680219,0.3244292620689032,-0.26214215254873285,0.025861364159978084,-0.03186972156758752,0.0002448440507049971,-1.8696964029259332e-05,-0.000959125604472621,-0.0005961345897392321,-0.00016586691825206583,-0.0007129630481709019,-0.0007579552468314463,-0.006995051975638057,-0.027010903590188467,0.0018146603564674615,-0.0026968395381890857,0.0024368968824085473,7.442542650518065
1781531070.652779,0.06584598340472585,0.837251514150355,0.31679848516792597,-0.2619870880974852,0.02569960747856559,-0.03170935203202768,0.06609177379122844,0.839312249680219,0.3244292620689032,-0.26214215254873285,0.025861364159978084,-0.03186972156758752,0.00037084759982259556,-0.00013810718365125048,-0.0006610987858462723,0.0015465868982998017,-0.0007313654249235116,-0.00027478950060492356,-0.0006996338021246635,-0.00753363415557773,-0.02780097236332146,0.00014704986997604873,-0.003213703333207888,0.0024321184118347096,7.907958013964709
1781531070.6627762,0.06584793929024212,0.8371075376598061,0.3163501068417734,-0.261827467083078,0.025664017968247244,-0.031670795818318,0.06609177379122844,0.839312249680219,0.3244292620689032,-0.26214215254873285,0.025861364159978084,-0.03186972156758752,0.0004673008505371064,-0.0002322165438515258,-0.000413474064250744,0.0031097229409038033,-0.0011350500727602259,6.103822370768928e-05,-0.0005319891554716934,-0.00775185249664159,-0.02862885718004728,-0.0010235444229887785,-0.0038154422036227086,0.002041711821849928,8.378123867602081
1781531070.6727335,0.06586353385158751,0.8370948368975416,0.316379739808478,-0.26169607609302975,0.02563507297458978,-0.03163869557348703,0.06609177379122844,0.839312249680219,0.3244292620689032,-0.26214215254873285,0.025861364159978084,-0.03186972156758752,0.0005388097544228991,-0.00030482259222327785,-0.00020944844963476816,0.004195807509722304,-0.0014064443204331585,0.00031098982130620963,-0.0006090814617132792,-0.008439657276443547,-0.029993416715816765,-0.0017456181940552454,-0.0024499666986311478,0.0009941406476297711,8.35247397720636
1781531070.6827571,0.06587662683108154,0.8370840862541135,0.3164051647078346,-0.2615894331788606,0.02561189981240619,-0.03161231006595888,0.06609177379122844,0.839312249680219,0.3244292620689032,-0.26214215254873285,0.025861364159978084,-0.03186972156758752,0.000589387915947663,-0.0003592463668143183,-4.300823927368979e-05,0.004894724153826929,-0.0015712899476742162,0.0004897559796276696,-0.0006262430912983147,-0.00715824245120573,-0.02886258917974623,0.0035055492558191004,-0.001756751163449666,0.0006830730524486561,8.33049451880279
1781531070.6927686,0.06587110873850757,0.8369462222630879,0.3159440439957834,-0.2615042520747962,0.025593686377650915,-0.03159092778853592,0.06605996900741595,0.838920953775963,0.32297711982909305,-0.2621447925886965,0.02573634603640662,-0.03179211029668888,0.0006225225627809819,-0.00039838429567848544,9.115045116203402e-05,0.005284417498229639,-0.0016517907009636831,0.0006102923507071185,-0.000740909294993823,-0.007801754106308511,-0.03164576768265651,0.002670055594337824,-0.0006400584451498912,5.8274987308397254e-05,7.307488517007617
1781531070.7027729,0.06585746755605142,0.8368361974672787,0.3154429030980561,-0.2615077039895406,0.025549007061112405,-0.03157021612105575,0.06605996900741595,0.838920953775963,0.32297711982909305,-0.2621447925886965,0.02573634603640662,-0.03179211029668888,0.000601973782482537,-0.00026029448234396956,-4.948991623954737e-05,0.004664262535952545,-0.0020011001122617464,0.000635927327601205,-0.000924358532675973,-0.007775512644443391,-0.032404933857430845,0.005081297259006688,0.0007291377531196036,-0.00038860629528185387,7.819951243750865
1781531070.7127798,0.06584315368324578,0.8367235841883679,0.3149442396277669,-0.2615149167108305,0.025513054073694308,-0.031553834495441385,0.06605996900741595,0.838920953775963,0.32297711982909305,-0.2621447925886965,0.02573634603640662,-0.03179211029668888,0.0005778501542922372,-0.0001461414921784529,-0.00016176513985840992,0.004071927244932828,-0.002208048316281166,0.0006377384353334057,-0.0008115683593998301,-0.008008884804126058,-0.03268248815810078,0.004611094496830743,-0.0006364327689781821,6.031437232636212e-05,8.330822667548526
1781531070.7227294,0.06582826925167383,0.8366086797877973,0.3144477638166979,-0.2615247496201795,0.02548462351351022,-0.03154114571675508,0.06605996900741595,0.838920953775963,0.32297711982909305,-0.2621447925886965,0.02573634603640662,-0.03179211029668888,0.0005511624050536472,-5.265077530212775e-05,-0.0002498469464974572,0.003516650281461137,-0.0023026658431804766,0.00062164685494611,-0.0007610863899407468,-0.00858368237641503,-0.03164060654706224,0.00308418088595873,-0.00020649527771494247,-0.00026334818326023343,8.840260729149312
1781531070.7327602,0.06581290357450192,0.836491754283522,0.31395321781132207,-0.2615362764357149,0.025462607418628158,-0.03153157129468777,0.06605996900741595,0.838920953775963,0.32297711982909305,-0.2621447925886965,0.02573634603640662,-0.03179211029668888,0.0005227544091585083,2.3068200997509723e-05,-0.0003173908415921077,0.003004339429594135,-0.0023105282263748647,0.000592579847933455,-0.0006836888346168244,-0.009013760284986195,-0.0318553574597971,0.001053636408947302,-0.002773669677567313,0.001121242391218949,9.348414792281517
1781531070.7427752,0.06579713467706422,0.8363730518892378,0.3134603720013714,-0.26154875680961986,0.0254460000474388,-0.03152459254383458,0.06601948208624964,0.8385055051423138,0.32138051643243554,-0.26200110870309307,0.025735558582928197,-0.03180077206493659,0.00049332540358442,8.356106477655507e-05,-0.00036759160295750544,0.0025382450617695254,-0.002253172979549262,0.0005545849234979811,-0.0007579075279676963,-0.008727945995413024,-0.031513437723496726,0.0027456032680075824,-0.0035631830286596113,0.002125499532062085,8.205210725864523
1781531070.7527277,0.06579738227208178,0.8363816359945967,0.31345185928540503,-0.2615616099601856,0.025433899783467107,-0.031519749776183006,0.06601948208624964,0.8385055051423138,0.32138051643243554,-0.26200110870309307,0.025735558582928197,-0.03180077206493659,0.00046344965423357243,0.00013106430820022399,-0.00040323366756599843,0.002119537478069471,-0.0021485225474322488,0.0005109395039287421,-0.0009040928479822522,-0.008820281002390531,-0.032077125786406965,0.004947126581377622,-0.0031921501231095793,0.002292719640607218,8.211196784832033
1781531070.7627513,0.0657819907080595,0.836248015374414,0.31295886501519543,-0.26153718177594043,0.02544246638217129,-0.03152572980759841,0.06601948208624964,0.8385055051423138,0.32138051643243554,-0.26200110870309307,0.025735558582928197,-0.03180077206493659,0.00043973358761985256,9.494885462141509e-05,-0.0004394525529609672,0.002156447255089308,-0.0018066433306343126,0.000416295117432108,-0.0008345224578733883,-0.008055798964739243,-0.032197172903172734,0.0079746368694506,-0.0029861191142877973,0.0028008739107632363,8.722205844876024
1781531070.7727747,0.06576621456584926,0.8361150109320055,0.3124674665058017,-0.261518635322704,0.02545117601650282,-0.031531558299819115,0.06601948208624964,0.8385055051423138,0.32138051643243554,-0.26200110870309307,0.025735558582928197,-0.03180077206493659,0.0004151230950120573,6.475323970164652e-05,-0.00046295979171682224,0.002125074553804123,-0.00150103290251087,0.0003339831458011487,-0.0007114356596387551,-0.007598006512340312,-0.031775453461016914,0.008865863633225848,-0.002603902959197661,0.002057164582400831,9.231525659449517
1781531070.782795,0.06575012007082907,0.8359825552119192,0.3119774666179586,-0.26150500352453654,0.025459754433596604,-0.031537113665539754,0.06601948208624964,0.8385055051423138,0.32138051643243554,-0.26200110870309307,0.025735558582928197,-0.03180077206493659,0.0003901064211594069,3.9692521425149964e-05,-0.00047596460124302954,0.00204339889115707,-0.0012309626314539624,0.0002631652923935612,-0.0006143708402606274,-0.00829078290415089,-0.032618114801801205,0.0036354919964592556,-0.002954267803799142,0.0015756682732744071,9.739362302541377
1781531070.792794,0.06573376484607144,0.835850586751077,0.31148868828650295,-0.26149542725432684,0.02546799972771563,-0.03154231229953422,0.06597678419212122,0.8380873176431931,0.3197737763123506,-0.2617300939298103,0.025655463847905846,-0.03171173314883996,0.00036508066256722444,1.90715050613574e-05,-0.0004803735584062934,0.0019262686316579463,-0.0009949137992411583,0.00020289863528746594,-0.00042850127566022096,-0.009346160015368905,-0.033686912809345805,9.240090951676526e-05,-0.003965381050438058,0.0010231203162769551,8.585144558034242
1781531070.80274,0.0657461390558828,0.8357016309869383,0.31103854115362417,-0.2615558499370243,0.025584936385836032,-0.0316256639945828,0.06597678419212122,0.8380873176431931,0.3197737763123506,-0.2617300939298103,0.025655463847905846,-0.03171173314883996,0.0005262877102604707,-8.035009097488397e-05,-0.00019408765220261002,0.0010789713230292914,0.0005818291797903866,-0.0003679174630947964,-0.00044980004249139477,-0.009736514803017437,-0.035319170202156865,-0.0002702613125630108,-0.004666169777146939,0.0013064281514151082,9.058092033036157
1781531070.8127708,0.06575401284876027,0.8355556455515489,0.31058401529317003,-0.2616076575616149,0.02568285758943878,-0.031695311996997974,0.06597678419212122,0.8380873176431931,0.3197737763123506,-0.2617300939298103,0.025655463847905846,-0.03171173314883996,0.0006490318004772535,-0.00015914496181409783,3.819427486181288e-05,0.00041458487061230486,0.0017472994971015462,-0.0007855479246812482,-0.00033109463910206027,-0.009518150962981404,-0.036652377014517554,0.0017515892851356022,-0.005894585095154594,0.0016933483460012805,9.534710181263165
1781531070.8227782,0.06577451337631954,0.8355411571713801,0.3106084625183874,-0.26165159048701975,0.025763851625367318,-0.03175278464310999,0.06597678419212122,0.8380873176431931,0.3197737763123506,-0.2617300939298103,0.025655463847905846,-0.03171173314883996,0.0007393435688123837,-0.0002203828404216608,0.00022418000947703386,-9.456637707123614e-05,0.00257271592374648,-0.0010769678366353865,-0.0008446551160977869,-0.009288999384249924,-0.036552852339376045,0.0019717548827834245,-0.0006741542160106535,-8.483538811337745e-05,9.514558506465752
1781531070.8327816,0.06577511446206824,0.8354001054586134,0.310146699675373,-0.2616884193401889,0.025829946353775224,-0.03179956056826243,0.06597678419212122,0.8380873176431931,0.3197737763123506,-0.2617300939298103,0.025655463847905846,-0.03171173314883996,0.0008024751980629436,-0.0002667504909258696,0.0003706437756289967,-0.0004734681180914208,0.0031207482572938945,-0.0012658439621003655,-0.001418727639206835,-0.008956152386801893,-0.03576865461301152,0.003425145877530056,0.0008631049272019906,0.0006141376981462454,9.99711881389898
1781531070.8427918,0.06577277193246062,0.8352610588179933,0.30968196526722686,-0.2617189162869652,0.025883068868301606,-0.03183704067109333,0.06594339702635044,0.8376202769670238,0.3179972523133545,-0.261661177154699,0.025551440906353973,-0.03168396662690147,0.0008429873995305619,-0.0003005931963248761,0.00048352452193259197,-0.0007444066173449061,0.0034459454485937665,-0.001372716294928255,-0.0015060220888247408,-0.010025227388161684,-0.03600665277887384,-6.635958499866864e-05,0.004063367856223679,-0.0010242936772378163,8.645173327173858
1781531070.8527782,0.06576789260505661,0.8351237550749612,0.309214620854239,-0.26174383345861035,0.02592501803338254,-0.03186652922857092,0.06594339702635044,0.8376202769670238,0.3179972523133545,-0.261661177154699,0.025551440906353973,-0.03168396662690147,0.000864828000921595,-0.0003239523906166755,0.0005680154078505485,-0.0009270354986379368,0.0035952786597319786,-0.0014152197135901435,-0.00151455679143603,-0.009961938364368489,-0.03554461520067753,4.353491355253852e-05,0.0033681973541632615,-0.000378949982333952,9.132252663285604
1781531070.862772,0.06574971232969312,0.8350118984221009,0.30866603942795784,-0.261586409814339,0.025962198886662957,-0.03182872766274217,0.06594339702635044,0.8376202769670238,0.3179972523133545,-0.261661177154699,0.025551440906353973,-0.03168396662690147,0.0007992433957463249,-0.00020809149594527994,0.0001233054301075546,0.0008819379928740702,0.003488847964805441,-0.000757184640916358,-0.0014981820375354988,-0.010521981252347304,-0.03666908002522386,-0.0003114389326410889,0.0038136619580627744,-0.00015505456354938412,9.690855808850237
1781531070.8727772,0.0657312991290109,0.834897923354967,0.3081269132069035,-0.26145477444918913,0.025990553501529456,-0.03179542616718378,0.06594339702635044,0.8376202769670238,0.3179972523133545,-0.261661177154699,0.025551440906353973,-0.03168396662690147,0.0007364666101424322,-0.00011244474973461934,-0.00023525820567474277,0.0022131911390911086,0.003313611087355357,-0.0002433910746969084,-0.0010499301325315425,-0.009855952435041157,-0.03651219809856543,0.001075533576336788,0.0015348588998393543,0.0006206696702715372,10.241083379382799
1781531070.8827438,0.06572938538182407,0.834910764232877,0.3080789470943992,-0.26134606471829397,0.026011519173681164,-0.03176640981647083,0.06594339702635044,0.8376202769670238,0.3179972523133545,-0.261661177154699,0.025551440906353973,-0.03168396662690147,0.0006767393123227645,-3.42373206003758e-05,-0.000520122505604612,0.003150066678642211,0.0030916149492477923,0.00014825727351569778,-0.0014811446575310717,-0.010075414157248545,-0.03659821168540292,0.0017004746252780119,0.002293874818300276,0.0011062581517396715,10.28396998521741
1781531070.8927774,0.06571071462012983,0.8347931199197863,0.30755540322542285,-0.26125750817538146,0.02602637505203864,-0.0317413997753052,0.06587473193896543,0.837115039492316,0.31618151428158514,-0.2616434869260784,0.025695227525850628,-0.03168647003045989,0.0006202168669338249,2.8979325450441168e-05,-0.0007422134374321913,0.003765805173040227,0.0028406589498117404,0.0004376613610835207,-0.0010479549949832779,-0.010770179446060912,-0.03656374322921845,-0.0007569625443015156,0.002127584783510633,0.0007621214458160481,8.934651875446507
1781531070.902717,0.06569199055964199,0.8346739484769928,0.307038203677737,-0.26118647584501986,0.026036246750995584,-0.03172007706912472,0.06587473193896543,0.837115039492316,0.31618151428158514,-0.2616434869260784,0.025695227525850628,-0.03168647003045989,0.0005669833878082674,7.936075421315302e-05,-0.0009110974770444196,0.00412407329895688,0.0025748726299427787,0.0006425321356464893,-0.001253735304240447,-0.010107502812121097,-0.03653201795705195,0.002076703305511054,0.0043451708860159305,5.619672831606104e-05,9.465328761075906
1781531070.9127743,0.0656888573253839,0.8345410688167614,0.30658827218561713,-0.2610680282843478,0.025996799080058475,-0.03164084157951291,0.06587473193896543,0.837115039492316,0.31618151428158514,-0.2616434869260784,0.025695227525850628,-0.03168647003045989,0.0006153247103618039,1.5165807283180647e-05,-0.0006556703490030244,0.004944687924825338,0.0016549985981909642,0.0012966447160435183,-0.0010171869252623,-0.01099408507315172,-0.038724257005738276,0.0011888667857981538,0.0029980756684147712,0.0005919872179634837,9.934292542624366
1781531070.9227738,0.06568351734713931,0.8344087435150183,0.3061340619480864,-0.26097296749164783,0.02596184074067165,-0.03157495801765055,0.06587473193896543,0.837115039492316,0.31618151428158514,-0.2616434869260784,0.025695227525850628,-0.03168647003045989,0.0006463350374018846,-3.656033881583149e-05,-0.00044231229912073387,0.005424188525618976,0.0009204744968619403,0.0017512785156041434,-0.0005629131501938922,-0.01072255263386639,-0.03874605305260384,0.0008712296413079961,0.0022357281220631918,0.00010265046715851736,10.407300290219101
1781531070.93276,0.0656928449238451,0.8344054006718539,0.3061589565288167,-0.2608980311104091,0.025931204540884822,-0.03152088175028564,0.06587473193896543,0.837115039492316,0.31618151428158514,-0.2616434869260784,0.025695227525850628,-0.03168647003045989,0.0006630395742070676,-7.762144357159888e-05,-0.0002654296388644384,0.005634980853884804,0.00034493070140973045,0.00204399951456824,-0.000274001596813244,-0.009911774018963348,-0.037195015827778725,0.0022451692283361148,0.00027921154761106296,0.0006175492450351334,10.383972714294073
1781531070.9427915,0.06570047527886992,0.8344024018803936,0.30618048046323365,-0.260840224008012,0.025904646504306683,-0.031477132252993076,0.06583019644363192,0.8365745756135258,0.31423897256388994,-0.26158604779146805,0.025834260074804494,-0.031666279988183374,0.0006680481432437317,-0.00010960065357716673,-0.00012006972503376105,0.005638670828438465,-9.574186810340599e-05,0.0022073880150453016,-0.00048467894208622565,-0.009997933314850238,-0.03770957215026271,0.0038016737333615575,0.0016655334406660309,0.00030520468534752694,8.347122932114775
1781531070.9527743,0.06572525221953605,0.8343996278927076,0.3062016018118239,-0.2607999212010219,0.025937372176650042,-0.031488521358768395,0.06583019644363192,0.8365745756135258,0.31423897256388994,-0.26158604779146805,0.025834260074804494,-0.031666279988183374,0.000785315078563442,-0.00011665040330011107,3.611076171765163e-05,0.005466156508716913,0.0002921198611345984,0.0019384355329658998,-0.0008026743478441346,-0.008730769157425265,-0.03711968133273289,0.00801380751615809,0.0002864659288443345,0.0024194264457757454,8.32710871098908
1781531070.962773,0.06574607614832109,0.8343972110278283,0.30621978139157247,-0.26077108504714924,0.025964180906632883,-0.03149975199421216,0.06583019644363192,0.8365745756135258,0.31423897256388994,-0.26158604779146805,0.025834260074804494,-0.031666279988183374,0.0008695030864838318,-0.00012083167405636632,0.00016103070340975053,0.0051872768935723205,0.0005747311256669424,0.0016838501679007482,-0.0012112904221437918,-0.009130825691587036,-0.038470338401037925,0.006287086051478292,0.0016919942876569673,0.0021885917550894837,8.309959074586793
1781531070.9727874,0.06576346357718356,0.8343951212850766,0.30623537355739056,-0.2607516298531486,0.025985822506415124,-0.03151055670089714,0.06583019644363192,0.8365745756135258,0.31423897256388994,-0.26158604779146805,0.025834260074804494,-0.031666279988183374,0.0009260694720321434,-0.00012265722596368784,0.00025927265629447044,0.00483633428581031,0.0007707470136936834,0.0014470003303247766,-0.000989609972046195,-0.009031672325593676,-0.03766577749674582,0.007134155385052262,0.0017334049068821143,0.001973195619018173,8.295304183819782
1781531070.9827757,0.06577787249558183,0.834393329277295,0.3062486933986565,-0.2607397360693718,0.026003000189808168,-0.031520746656624424,0.06583019644363192,0.8365745756135258,0.31423897256388994,-0.26158604779146805,0.025834260074804494,-0.031666279988183374,0.0009597452071708796,-0.00012256853842798835,0.0003348534107069174,0.0044410029933517935,0.0008965152340183125,0.0012299238749627886,-0.001031645923516221,-0.008653085770640343,-0.03541751235899909,0.004261591449450975,0.0023108820875637945,0.0012840447129028,8.282821651660921
1781531070.9927728,0.06578970814412662,0.8343918065353988,0.30626002096809846,-0.2607338333752138,0.026016363023225075,-0.03153019714968984,0.06579315343954945,0.8361137677097698,0.3123546668844078,-0.26130068761560704,0.025891544945640055,-0.031576155971616324,0.0009746182369599465,-0.00012094427462103332,0.00039128467848146783,0.0040232336221068775,0.0009662072399994177,0.0010336060628170114,-0.0002355398707009166,-0.008564000538714648,-0.03311785881192859,0.003999702997400025,0.001348375536557017,0.0008967072724416388,6.333235429169468
1781531071.0027738,0.06579932831367265,0.834390525758153,0.3062696050472877,-0.26073258118012843,0.026026501745191277,-0.031538834936596566,0.06579315343954945,0.8361137677097698,0.3123546668844078,-0.26130068761560704,0.025891544945640055,-0.031576155971616324,0.0009742085033108222,-0.0001181078724816646,0.0004316282110376392,0.0036000873175947904,0.000991976029540972,0.0008582166088971653,-0.00016264213570209058,-0.008143772081330712,-0.032111052737508305,0.004619170413313202,0.0004478681852637375,0.001518778224910516,6.3243638821985755
1781531071.012761,0.06578116720920026,0.8344102935525414,0.30622743595139384,-0.26081247194548135,0.02601787315394577,-0.03156258753065232,0.06579315343954945,0.8361137677097698,0.3123546668844078,-0.26130068761560704,0.025891544945640055,-0.031576155971616324,0.0007951424282109053,2.685882730387446e-05,0.00012931449480234493,0.0023416516567072916,0.000859150890398415,0.0004897776374310262,4.910767811804945e-05,-0.008404092032633398,-0.031003612050446282,0.004555467211731756,0.0006610768781124878,0.0011299101317221118,6.3596325979214905
1781531071.022775,0.06576515200391166,0.83442724533059,0.3061912328126544,-0.2608818233239388,0.026009736744537548,-0.031582796627073265,0.06579315343954945,0.8361137677097698,0.3123546668844078,-0.26130068761560704,0.025891544945640055,-0.031576155971616324,0.0006413177286676024,0.00014289387328501754,-0.00011501338617593017,0.001334652056914364,0.0007361112951033897,0.00020030937948107457,4.9321653938115786e-05,-0.007845168894481466,-0.027684786499229314,0.003934620072052297,0.00171344824082107,0.0005529591284115792,6.390075224339854
1781531071.0327497,0.06575106233628566,0.8344417292369409,0.3061602718033462,-0.26094137959027464,0.02600219208346921,-0.031599797480012765,0.06579315343954945,0.8361137677097698,0.3123546668844078,-0.26130068761560704,0.025891544945640055,-0.031576155971616324,0.0005097052428855557,0.0002342330824834082,-0.00030969591304927147,0.0005436090575415008,0.0006237718364055122,-2.206454253933835e-05,0.0003131487052381732,-0.007442202719742272,-0.025191444233502426,0.0024805198327546105,0.0007691741346962993,0.0003627103125968091,6.416230570660114
1781531071.0427804,0.0657386968811151,0.8344540540192735,0.30613390634368864,-0.26099196652117473,0.025995297533894623,-0.03161392912940504,0.06578914125043178,0.8357061145328317,0.3108761094734041,-0.2611554702607813,0.025956176513015183,-0.03153389793008522,0.0003975917897988992,0.0003045897764104195,-0.0004620576572104413,-6.39721602516284e-05,0.0005225248376837429,-0.0001880794320315421,0.0006414386729647272,-0.007134879041548068,-0.02319252224147243,0.0015662896770869178,-0.0017061476243581334,0.0010841195839264254,4.904965921134466
1781531071.0527587,0.06576091086351386,0.8344490828064357,0.306187829505322,-0.26081356808658446,0.02601601424391986,-0.03163623086155258,0.06578914125043178,0.8357061145328317,0.3108761094734041,-0.2611554702607813,0.025956176513015183,-0.03153389793008522,0.0005155915512766528,0.00025888353943311066,-7.71977281841608e-05,0.0018968119901281797,0.0007475650841800829,-0.00034435136092934697,0.0002782115250225341,-0.006362412735672966,-0.02164028517626014,0.0009021743935622973,-0.000977542776479566,0.000838272937967872,4.8539566103367555
1781531071.062783,0.06577968939247467,0.834444715394979,0.30623419082887277,-0.26066524896875143,0.026032861092317727,-0.03165450295076455,0.06578914125043178,0.8357061145328317,0.3108761094734041,-0.2611554702607813,0.025956176513015183,-0.03153389793008522,0.0006037855233220067,0.00021891148217865664,0.00023273566391265557,0.003314040296611043,0.0008957186356678189,-0.00045201089076056804,0.0005264875794196601,-0.005917381769727128,-0.02090034793182273,0.0012799750250277956,-0.0004103329489169176,0.00019073177191420584,4.810262552610004
1781531071.0727296,0.06579547236292489,0.834440889780108,0.3062738971105757,-0.26054352709429474,0.02604634646653592,-0.031669256373927895,0.06578914125043178,0.8357061145328317,0.3108761094734041,-0.2611554702607813,0.025956176513015183,-0.03153389793008522,0.0006669347006465665,0.00018404915700919448,0.00047859287297759675,0.004285207195646207,0.0009822078705590345,-0.0005203008389603827,0.00029777258390438027,-0.004688084410305826,-0.01911803983329095,0.004360110935342795,0.0003914073995400214,-0.00016435832351229427,4.772964738028246
1781531071.0827384,0.06580865072584133,0.8344375483695142,0.3063077591532936,-0.2604450654420802,0.02605694348459875,-0.03168097011424453,0.06578914125043178,0.8357061145328317,0.3108761094734041,-0.2611554702607813,0.025956176513015183,-0.03153389793008522,0.0007091784249628572,0.00015373052863210527,0.0006698961821149175,0.004895571895203737,0.0010201264114052763,-0.0005572239438855714,-0.00014555354889773592,-0.00340190318896143,-0.016793253126407583,0.006262027373535355,-0.0001678535224531907,0.0004918606432852714,4.74125145690444
1781531071.0927782,0.0658195712195394,0.8344346380594747,0.3063365007578664,-0.2603667270138314,0.026065085854583225,-0.031690086107404467,0.06579999181107282,0.8354437478837436,0.3098837621310989,-0.26101113062202314,0.025961458129428516,-0.03151728191061241,0.0007341045419831086,0.0001274436258592295,0.0008149810778556089,0.005218892378039331,0.00102061444505927,-0.0005696347989012561,-0.00012485407453722801,-0.0034113886707450554,-0.016147200655148547,0.00553203462847725,0.0009252922458797917,-0.0004315111173377158,3.688054940032684
1781531071.1028256,0.0658285407230535,0.8344321102046961,0.30636076699151743,-0.26030561054671186,0.02607116585254876,-0.031697006466513494,0.06579999181107282,0.8354437478837436,0.3098837621310989,-0.26101113062202314,0.025961458129428516,-0.03151728191061241,0.000744812709588638,0.00010472636590865991,0.0009211246992263491,0.005318290187954177,0.0009930435609082427,-0.0005633401481406802,-9.331983803819206e-05,-0.003710325160387702,-0.016132940542200457,0.004898142306083911,0.0008125769825017458,-0.0006414871909573716,3.665476856775769
1781531071.1127326,0.06584449829393295,0.8344332085012444,0.30641032941775825,-0.2602744367571297,0.026070919811846283,-0.031692182453504594,0.06579999181107282,0.8354437478837436,0.3098837621310989,-0.26101113062202314,0.025961458129428516,-0.03151728191061241,0.0007993848015392411,0.00010271660830913525,0.001180403255758412,0.005076649249674792,0.0008686271925484588,-0.0004516565575956171,3.555833714186038e-06,-0.004165566150666079,-0.01750237426221364,0.0038646219515598595,-0.00035737107314479853,-0.00027209362048939034,3.6177210346713715
1781531071.1227796,0.06584665045977449,0.8344506153783705,0.3064340480921826,-0.26028252048017303,0.026022920054801668,-0.03163605024555022,0.06579999181107282,0.8354437478837436,0.3098837621310989,-0.26101113062202314,0.025961458129428516,-0.03151728191061241,0.000759708962713642,0.00018652423818271924,0.0012384382268515546,0.004418487071136363,0.00010975276607638241,5.476892882508858e-05,-0.0001634133722597315,-0.004266726366212912,-0.01677685021833602,0.003662468157432925,0.0012550628935680532,-0.0008413318774866393,3.5901275956466585
1781531071.1327653,0.06584807232799825,0.8344653786428577,0.3064536742282129,-0.2602933794736189,0.025982440912168725,-0.03158885988421721,0.06579999181107282,0.8354437478837436,0.3098837621310989,-0.26101113062202314,0.025961458129428516,-0.03151728191061241,0.0007182319805583295,0.0002514393019311912,0.0012693348737444518,0.003804402081759473,-0.00046184181461759565,0.0004327294839326267,8.596493790674561e-05,-0.0043738995871630566,-0.015916608100683696,0.0019789466337994856,0.0013139840689450426,-0.001093381263837113,3.5672147579231117
1781531071.1427789,0.06584888868449633,0.8344778204854846,0.3064697545543824,-0.2603060202334603,0.025948704621205243,-0.03154966115761257,0.06579600750830861,0.8352391517041846,0.3090491839369193,-0.2608250857290306,0.026015457195028624,-0.03154768043130268,0.0006758346443724931,0.00030036538104215933,0.0012780541106778428,0.0032401519061026687,-0.0008774699931258946,0.0007040867308880075,8.382844260844294e-05,-0.004093987673877308,-0.014267812449145646,0.0012714051889331302,0.001602736387530352,-0.0011257629347543536,2.6899586582059283
1781531071.1527753,0.06584920775940281,0.8344882328854238,0.30648277636391585,-0.26031964967290055,0.025920943849077727,-0.03151752336342448,0.06579600750830861,0.8352391517041846,0.3090491839369193,-0.2608250857290306,0.026015457195028624,-0.03154768043130268,0.0006332356899786025,0.0003358359894499332,0.0012688594367185541,0.0027286863993253338,-0.0011648625611028183,0.0008881396385349233,0.0002738936915738156,-0.003741587593719355,-0.01289668116227797,0.0030602245564787115,0.0007330275386687988,-0.0003817622735915798,2.6745386835593017
1781531071.162774,0.06584053696578028,0.8345144932216628,0.3064470986746151,-0.260377782592811,0.025874061991142616,-0.03150767432533176,0.06579600750830861,0.8352391517041846,0.3090491839369193,-0.2608250857290306,0.026015457195028624,-0.03154768043130268,0.0005355140126155121,0.00048012092259570275,0.0009398299569792323,0.001793579373810937,-0.0015601811199560966,0.0007633067832854992,0.0005314628724302773,-0.003217371460749026,-0.01189836759193298,0.005024983408056815,9.602998681382746e-05,-9.042406071506127e-05,2.7014737646651827
1781531071.1727395,0.0658327921097704,0.8345366832385496,0.3064158542454416,-0.2604283513405994,0.0258358355472732,-0.031500434147412826,0.06579600750830861,0.8352391517041846,0.3090491839369193,-0.2608250857290306,0.026015457195028624,-0.03154768043130268,0.00045028016732629334,0.0005898653736462593,0.0006637853244326484,0.0010438383847405325,-0.0018136716628830642,0.0006488880947537538,0.00044663420014345336,-0.0029916920075836765,-0.010942802520417202,0.004777187257077677,0.0005025970426334378,0.00014302988938126785,2.725663280035619
1781531071.1827748,0.0658327921097704,0.8345366832385496,0.3064158542454416,-0.2604283513405994,0.0258358355472732,-0.031500434147412826,0.06579600750830861,0.8352391517041846,0.3090491839369193,-0.2608250857290306,0.026015457195028624,-0.03154768043130268,0.00045028016732629334,0.0005898653736462593,0.0006637853244326484,0.0010438383847405325,-0.0018136716628830642,0.0006488880947537538,0.0006141495777282545,-0.002972921278851115,-0.009984431789417917,0.0036750133321333026,-0.0008682368779294197,0.0006080431200271908,2.725663280035619
1781531071.1927748,0.0658258884540595,0.8345553273183258,0.30638855847711416,-0.2604718681537269,0.02580514045191018,-0.031495347459242665,0.06582454689071099,0.8350714654267295,0.30846427816692995,-0.2606420570402916,0.02603532384579088,-0.031558172621434746,0.00037615121772262625,0.0006704910793703191,0.0004337732704835424,0.0004535088000152754,-0.0019539570171435558,0.00054540230298727,0.0003129836118354436,-0.0023814708967976215,-0.009031107115290865,0.003065554266301158,-0.0011209765320789034,0.0008086853516112879,2.13892790374704
1781531071.2027526,0.0658197475196251,0.8345708916061351,0.30636477539161333,-0.26050890991243336,0.025780928383170476,-0.03149201399973982,0.06582454689071099,0.8350714654267295,0.30846427816692995,-0.2606420570402916,0.02603532384579088,-0.031558172621434746,0.0003118762692964392,0.0007267194285551969,0.00024362942104379343,-1.2199477902782299e-06,-0.002005581915832732,0.0004529393222185758,0.0006807990606402429,-0.0023619033625266006,-0.008955709702041294,0.0024873158321046134,-0.0009869960558168368,-0.0001919229778653256,2.1583579609021095
1781531071.212774,0.06581866848506919,0.8345800588816882,0.30634351504114327,-0.26047679760719256,0.025749695518444193,-0.03148409760869872,0.06582454689071099,0.8350714654267295,0.30846427816692995,-0.2606420570402916,0.02603532384579088,-0.031558172621434746,0.0002839720945616446,0.0007354098790224942,7.950278383542572e-05,0.0003473992894068321,-0.0021382105677748165,0.00039914917995983947,0.0005855144486307134,-0.0021074536919888876,-0.00913388227852409,0.0023512013560037883,-0.0012387346739685383,-0.00037319649389194607,2.17695915989686
1781531071.222776,0.06583831462789114,0.8345631541039819,0.3063939353796765,-0.2603243373276113,0.02573332015232399,-0.03150161056707053,0.06582454689071099,0.8350714654267295,0.30846427816692995,-0.2606420570402916,0.02603532384579088,-0.031558172621434746,0.00039176057976792974,0.0005839461132762193,0.00039267454119038003,0.001978856686806505,-0.002027645519891631,0.0001248457526559186,0.000506488144154355,-0.00205756426037971,-0.008959996218533259,0.0010271973709200324,-0.0017056163731776345,-0.0004052103944586743,2.131874576083882
1781531071.232743,0.06585494379498057,0.8345483016062253,0.30643685433500484,-0.2601979363528236,0.025721318785758562,-0.0315169339287506,0.06582454689071099,0.8350714654267295,0.30846427816692995,-0.2606420570402916,0.02603532384579088,-0.031558172621434746,0.0004733262775129969,0.0004549558783816607,0.0006391048349704074,0.0031470836523768064,-0.001889303494129461,-8.41110832367493e-05,0.00036103717847745247,-0.0016624709754662818,-0.008143798618282606,0.0011795737434272394,-0.0023526851142649957,0.0002044366969698948,2.0940562908221088
1781531071.2427778,0.06586894079088701,0.8345352902207681,0.30647321131483146,-0.2600945206663956,0.02571292300755723,-0.03153019632642996,0.06585400909531552,0.8349680944802123,0.3080242605466345,-0.26055139101184477,0.02593898559652752,-0.031556108544719685,0.0005328075052906337,0.0003456412279457871,0.0008288343515936161,0.003936250714694622,-0.001733935217902207,-0.00023838290277498894,0.0002317941210973688,-0.0015888573313771644,-0.007985215385932396,2.5840385735424244e-05,-0.0024555987598721516,0.00021389701081909215,1.610371448456056
1781531071.252807,0.06588064787339097,0.8345239260981506,0.3065038441961685,-0.26001115784404555,0.025707458401568406,-0.03154155082393523,0.06585400909531552,0.8349680944802123,0.3080242605466345,-0.26055139101184477,0.02593898559652752,-0.031556108544719685,0.0005738062259397769,0.0002535067360888929,0.0009706419409680199,0.004419799775421917,-0.0015700620775345906,-0.0003474557717682529,0.00019808710647810823,-0.0019422719681535777,-0.008502511379066649,-0.0005387364890825476,-0.0022117773280268937,-3.234152281467258e-05,1.5841909780342107
1781531071.2627757,0.06587827434412218,0.8345358364562954,0.30651116543522133,-0.2600769367887188,0.02572012013030811,-0.03153526149253558,0.06585400909531552,0.8349680944802123,0.3080242605466345,-0.26055139101184477,0.02593898559652752,-0.031556108544719685,0.000521935492625394,0.0003123280445227969,0.0009599108108662005,0.003217365494311158,-0.0012830148097927783,-0.00020764853402030438,0.00017184234374194307,-0.0021230144093585695,-0.009080842803243032,-0.000397248744507011,-0.0018125580189933084,-0.00033996153616586215,1.573814670703839
1781531071.2727814,0.06587594590190309,0.834545864260826,0.3065168599219083,-0.26013521940425277,0.025731958872664107,-0.03153009113716301,0.06585400909531552,0.8349680944802123,0.3080242605466345,-0.26055139101184477,0.02593898559652752,-0.031556108544719685,0.0004736816078708876,0.00035559069827602915,0.0009391331030863865,0.00222835466236817,-0.0010328196677289636,-9.720948707240866e-05,0.0004018043867926038,-0.0019155347185464328,-0.008228250420908492,0.0008975676098554344,-0.0018763272421883207,-0.0005541217314546408,1.5655721717861444
1781531071.2827928,0.06587368365761959,0.8345542538521802,0.30652118383100824,-0.26018628993858056,0.02574285683699773,-0.03152590075863741,0.06585400909531552,0.8349680944802123,0.3080242605466345,-0.26055139101184477,0.02593898559652752,-0.031556108544719685,0.000428942657752294,0.00038581510001196493,0.0009105535471267933,0.0014263265915854017,-0.0008170852843707449,-1.179862876663618e-05,9.040722308317264e-05,-0.0015330690936106678,-0.007315650307682167,0.0017480758347883985,-0.0005533258390011492,-0.0005785420516537831,1.5591314142398955
1781531071.2927866,0.06587150365291576,0.8345612223408414,0.3065243590325572,-0.26023055878013085,0.02575275153347123,-0.031522559356269686,0.065865333587111,0.8348788415573403,0.307628143778581,-0.2605192081208393,0.025849425693212247,-0.03156553349610222,0.0003875922907167935,0.00040518976921383247,0.0008760730089013171,0.000786351971203485,-0.0006330765574743007,5.2521092954776317e-05,-5.956298655447241e-05,-0.0014749007682646252,-0.005931233919803184,0.0025082117590604467,-0.0008336429229283658,6.0376076932892036e-05,1.1485907896009795
1781531071.3027747,0.06587072986263202,0.8345775477672356,0.3064922276200967,-0.2603412727836253,0.02573072329580417,-0.03152311086159623,0.065865333587111,0.8348788415573403,0.307628143778581,-0.2605192081208393,0.025849425693212247,-0.03156553349610222,0.0003572114881983184,0.0004859853372937125,0.0006044038872319474,-0.0005079156723987853,-0.0007952852332963173,-2.0913988960615692e-05,-1.946440788540434e-05,-0.0009460826773488377,-0.005082462823073173,0.0024945971507473377,-0.0008114078699080203,0.00015358233140230716,1.1752074654506175
1781531071.3127728,0.06587332633416777,0.8345900809319174,0.306477534586962,-0.26042808671144346,0.025716354476814196,-0.03149386524690881,0.065865333587111,0.8348788415573403,0.307628143778581,-0.2605192081208393,0.025849425693212247,-0.03156553349610222,0.00035013157878195227,0.0005253896644933154,0.00046527352127339466,-0.0014083339237582716,-0.0009425987461068932,0.000249398206893662,0.00020418089834089789,-0.0007971261112448331,-0.004632760011304996,0.0037710532527570092,-0.0014743292176605503,0.0003935908242870936,1.1863170295659906
1781531071.3227258,0.06587535454644532,0.8346004942230164,0.30646461021410637,-0.26049982297534807,0.025705047830108407,-0.03146971009170098,0.065865333587111,0.8348788415573403,0.307628143778581,-0.2605192081208393,0.025849425693212247,-0.03156553349610222,0.00034001149496415666,0.0005503651799476323,0.0003476879108447821,-0.002044436022186193,-0.0010271748529997048,0.0004451096597815734,0.000394179724929299,-0.00045435887356295155,-0.0038371892888562635,0.004743735336294499,-0.0008419690863228347,-5.22044536515098e-06,1.1964062912782647
1781531071.3327794,0.06587690068366392,0.8346090694112948,0.30645326915419385,-0.2605582983765701,0.02569634460235748,-0.031450030560486605,0.065865333587111,0.8348788415573403,0.307628143778581,-0.2605192081208393,0.025849425693212247,-0.03156553349610222,0.00032757907249556596,0.0005634411675701018,0.0002488877808098103,-0.0024650833491556383,-0.0010624287243954267,0.0005795675480776892,0.00014822459817446235,-0.0005044933422389341,-0.0032900585457510886,0.00354168169387634,-0.0002287150800915786,-0.00011525104720978016,1.2055045381637934
1781531071.3427703,0.06587804016930011,0.8346160577238569,0.3064433434354967,-0.2606052371866972,0.025689829912416196,-0.03143424338021304,0.06587676206409726,0.8348434237373294,0.30741880814177064,-0.2603376164182531,0.02581342613653259,-0.03156061881525306,0.0003134478980548046,0.0005667988476816765,0.00016642002805799183,-0.002712783614114821,-0.0010597620133933063,0.0006644492880526072,0.00035435894134587965,-0.0009867354648668185,-0.003313443430674888,0.0015995100576612945,-0.00013745267870070383,-0.0003961816663606397,1.0016128647443798
1781531071.3527775,0.06587883880227798,0.8346216823209265,0.30643468092581494,-0.26064224714625284,0.025685133088955814,-0.031421804911572884,0.06587676206409726,0.8348434237373294,0.30741880814177064,-0.2603376164182531,0.02581342613653259,-0.03156061881525306,0.0002981320674665548,0.0005623123862194828,9.810841946821856e-05,-0.0028241203960903748,-0.001028755609198039,0.0007098615191500795,0.00011279743154142267,-0.0012267484573398576,-0.003636281059541157,7.453033320057028e-05,-0.0003413015685278379,8.78007138244093e-05,1.0088012419572945
1781531071.3627748,0.0658885775638095,0.8345988855607446,0.3064938338546509,-0.2606262827954876,0.02571104954235115,-0.03147939922520673,0.06587676206409726,0.8348434237373294,0.30741880814177064,-0.2603376164182531,0.02581342613653259,-0.03156061881525306,0.00034314133548093637,0.00040161078831440773,0.0004818836444364787,-0.002325547462508467,-0.00048101301033020324,9.795665664279803e-05,0.00039712259295991817,-0.0014789524350134148,-0.004421909017609028,-0.0019640100138983607,-0.0008763550344673547,2.2774808651478294e-05,0.9568259808729986
1781531071.3727765,0.06589674522319106,0.834579157572115,0.3065443155431448,-0.2606107262325281,0.025733251687594327,-0.03152804111153791,0.06587676206409726,0.8348434237373294,0.30741880814177064,-0.2603376164182531,0.02581342613653259,-0.03156061881525306,0.00037492561832081525,0.0002675150434805157,0.0007838621365716762,-0.0018883280066479197,-5.743627633069553e-05,-0.00036320036712671525,0.00025701877557820374,-0.0014065794021339373,-0.004849391822738513,-0.0032422419770195884,-0.0011810005164959278,0.00027722984128116033,0.9137687003699937
1781531071.382735,0.06590354929224085,0.8345621566984531,0.3065872043349249,-0.26059590081855855,0.02575206293876886,-0.031568643839166216,0.06587676206409726,0.8348434237373294,0.30741880814177064,-0.2603376164182531,0.02581342613653259,-0.03156061881525306,0.00039569049898397326,0.00015647689243539553,0.0010163500335108931,-0.001509046292506836,0.00026151144634365683,-0.0006987849952877854,0.00019295076719262188,-0.0013658851868292344,-0.004618032563426408,-0.0027500818643751267,-0.0011334164346396862,0.00048402935487779417,0.8782901538273991
1781531071.3927748,0.06590917332065481,0.834547570033936,0.3066234601354173,-0.26058202886369647,0.025767818450175506,-0.03160211174089918,0.06587676206409726,0.8348434237373294,0.30741880814177064,-0.2603376164182531,0.02581342613653259,-0.03156061881525306,0.0004073461873009934,6.53557247637624e-05,0.001190106888559932,-0.0011835571676572895,0.0004933327644290558,-0.000931097348875343,0.00019896953677611811,-0.0011005461475146743,-0.004128321684067518,-0.002663124704381956,-0.0008598051097606582,0.000327337476059404,0.8492104300899129
1781531071.4027297,0.06591377935170872,0.8345351124794745,0.30665393594215373,-0.2605692508758618,0.02578085300228561,-0.031629317698057685,0.065890788674352,0.834773945651333,0.30719687063111556,-0.2604319524365013,0.025767556922586365,-0.031555625160856055,0.000411541571155738,-8.622025660766358e-06,0.0013145143641800866,-0.0009072824026292491,0.0006535269172014603,-0.0010796728134147102,0.00023213888834883143,-0.000915997640902509,-0.0035383640635186005,-0.0027491165779639625,-0.0009110709372756535,0.00031235100145465697,0.5935890259290281
1781531071.4127743,0.06590622037536345,0.8345354651671986,0.30664908472826463,-0.2605442962950488,0.025776994751903537,-0.031666063265491,0.065890788674352,0.834773945651333,0.30719687063111556,-0.2604319524365013,0.025767556922586365,-0.031555625160856055,0.0003370360176373944,7.94778190414286e-06,0.0011975169013795019,-0.0005254880375372114,0.0006449097800795833,-0.00136013818999967,0.00018423256570658744,-0.0009203017659997125,-0.003276785321387827,-0.0024072580062868567,-0.00029424600990066033,1.742468128858475e-05,0.5976457764188668
1781531071.4227755,0.06590080162503904,0.8345500840719486,0.30662933137060244,-0.2604792833627605,0.025716824925694493,-0.03162079486313457,0.065890788674352,0.834773945651333,0.30719687063111556,-0.2604319524365013,0.025767556922586365,-0.031555625160856055,0.000278272177743201,8.298872915597305e-05,0.0009707904713470981,0.00022921778905356238,-0.00018717273104837374,-0.0009034824467496752,0.00016438462421997226,-0.001114675771275019,-0.003288344460684143,-0.0024147528863680775,2.7003286210064003e-05,-0.0001978301396224948,0.610176268081363
1781531071.4327412,0.06589599371781679,0.8345625764707553,0.3066117677893793,-0.2604247945657192,0.025666594616662097,-0.03158196570617411,0.065890788674352,0.834773945651333,0.30719687063111556,-0.2604319524365013,0.025767556922586365,-0.031555625160856055,0.00022757215369699897,0.00014217803548544658,0.0007764796793709396,0.0007884220867694338,-0.0008054975584717316,-0.0005365948263454004,0.0004618317736546265,-0.0009232112691132127,-0.0021936475457346775,-0.0008172650941294299,-0.0004847741150099297,-0.00040818207201191405,0.6221329105451647
1781531071.4427755,0.06589173575936376,0.8345731894130182,0.30659617240190534,-0.2603796823222736,0.02562518693228677,-0.03154902346695938,0.065890788674352,0.834773945651333,0.30719687063111556,-0.2604319524365013,0.025767556922586365,-0.031555625160856055,0.00018398796530422863,0.00018789208144915558,0.0006106534063792688,0.0011858359872171172,-0.0012467365062184834,-0.000247010176446058,-6.311853068233795e-05,-0.0006806220478990548,-0.0019014045203268174,-0.0003885394736023562,0.0004397866849470867,-0.00031900173395514933,0.6333579767940349
1781531071.4527764,0.06588797230895192,0.8345821486183734,0.30658234653329874,-0.26034283018495874,0.025591523465278154,-0.03152139330515008,0.06589698616791523,0.8347246284081542,0.30704275756344473,-0.26053170346007587,0.025759656653476126,-0.031562351937584346,0.00014666843465266033,0.00022220930678920007,0.00046979492774409145,0.0014511469399654704,-0.0015432136519562272,-2.327277620776396e-05,-3.363113411664867e-05,-0.00043438291235883375,-0.001292109948634635,0.0006428394311571263,0.0005800410623295208,-0.0005292385895302004,0.48203740189893457
1781531071.4627743,0.06587880288442208,0.8345819172180166,0.3065876056979629,-0.26031345470059797,0.025681289703423316,-0.03163535836889236,0.06589698616791523,0.8347246284081542,0.30704275756344473,-0.26053170346007587,0.025759656653476126,-0.031562351937584346,8.247287020893432e-05,0.0002497539139465487,0.0005080820084025799,0.001644791049035411,-0.00010750421162700435,-0.0009703439063337731,3.8352279859986715e-05,-0.0006922544060543384,-0.0013842898074041012,0.0002956893463681539,0.00017972365232914194,-0.0007051524398964902,0.47734718627084655
1781531071.4727747,0.06587090170225227,0.8345817409276753,0.30659190956686133,-0.26029024456445793,0.025757118075468988,-0.03173037629983763,0.06589698616791523,0.8347246284081542,0.30704275756344473,-0.26053170346007587,0.025759656653476126,-0.031562351937584346,2.989337955773069e-05,0.00026870134938635144,0.0005323799339053456,0.0017448540001591992,0.0009711617316336993,-0.0016534001530342135,4.895217560603838e-05,-0.0007737130150328562,-0.0012773606064070567,0.0009692464163636443,0.00034522935441035134,-0.0009448180675545485,0.4736677606189671
1781531071.4827714,0.0658641214442969,0.8345816339335954,0.3065954141583059,-0.2602722875328659,0.025820427125071044,-0.031808597197720084,0.06589698616791523,0.8347246284081542,0.30704275756344473,-0.26053170346007587,0.025759656653476126,-0.031562351937584346,-1.2694803381167964e-05,0.0002805071229383067,0.000545139861835444,0.0017720621710619715,0.00175278234770485,-0.002119939649931926,0.0001348552520831286,-0.0007088394838218085,-0.0012012052603458307,0.0013359737664899187,-0.0006252361073550855,-0.0005987095985568811,0.4707904331378023
1781531071.4927754,0.06585832882258774,0.8345815989414803,0.3065982483412069,-0.26025875666273846,0.02587262254815892,-0.03187209175940031,0.06589698616791523,0.8347246284081542,0.30704275756344473,-0.26053170346007587,0.025759656653476126,-0.031562351937584346,-4.672259720964249e-05,0.00028643017092417976,0.0005484757138376362,0.0017439390163073566,0.0022904428513684473,-0.0024114783547546526,0.00035736672027243113,-0.00033343390187967267,-0.0009319369781387087,0.0024910498787013625,-0.0003486421201558047,-0.0009602129127424066,0.4685512430239157
1781531071.5027163,0.06585340365464307,0.834581630952446,0.30660051876028854,-0.26024891151319746,0.02591506191011561,-0.031922814519756815,0.065904298078451,0.834691731554944,0.3069706193955189,-0.26048764139812625,0.02576792944976858,-0.031603010558509045,-7.344717378669038e-05,0.00028755567373004896,0.0005442039020657872,0.001675128571776264,0.002630595806620581,-0.0025639134367010426,0.0004191370054527538,-0.00031232509668071965,-0.0011701663037755208,0.0022483578410512637,-0.00011147005047600861,-0.001372186797289077,0.389469979899717
1781531071.512773,0.06584923793627881,0.8345817201752733,0.3066023139150292,-0.2602420966722624,0.025949029527895906,-0.03196257949021647,0.065904298078451,0.834691731554944,0.3069706193955189,-0.26048764139812625,0.02576792944976858,-0.031603010558509045,-9.397029610683829e-05,0.0002848155748042362,0.0005338789902554464,0.0015777166412927056,0.002813452683490433,-0.0026079493877748565,0.00021187376565098397,1.0831464330839605e-06,-0.001032947597855534,0.002729227160408581,-0.00017448606401227834,-0.0011892723062874092,0.38830793176528655
1781531071.522778,0.06586643180687786,0.8345736188305575,0.3066303312375108,-0.2601515650185654,0.02593726146963271,-0.03189045783784508,0.065904298078451,0.834691731554944,0.3069706193955189,-0.26048764139812625,0.02576792944976858,-0.031603010558509045,2.100121831490646e-05,0.00018533919773331317,0.0006754367892031038,0.0023735161307430796,0.0021800730539270757,-0.001595678359119302,0.0001823476755841674,6.775454818150746e-05,-0.0012083485872349164,0.002829179926053319,0.0004357970760187884,-0.0015050328274317704,0.36218848775933216
1781531071.5327911,0.06588117741827497,0.8345666007461271,0.3066540787947822,-0.2600775512390713,0.02592580343307649,-0.031827866013467085,0.065904298078451,0.834691731554944,0.3069706193955189,-0.26048764139812625,0.02576792944976858,-0.031603010558509045,0.0001130311566352413,0.00010313379708945349,0.0007805171197884067,0.002904807612066831,0.0016458423995791794,-0.0007935278157442255,-5.88027186325864e-05,3.6365396806950154e-05,-0.001274483838661338,0.0025342378652513393,0.001020230416326435,-0.0016822701261119467,0.3411601327191012
1781531071.5427778,0.06589376916958757,0.8345605161535066,0.3066740887894686,-0.26001793960908903,0.025914891924098127,-0.031774128004251084,0.065904298078451,0.834691731554944,0.3069706193955189,-0.26048764139812625,0.02576792944976858,-0.031603010558509045,0.00018547810082232547,3.583469853373176e-05,0.0008549828436172613,0.003223370440414738,0.0012005206094625677,-0.00017077351494488744,7.472915587621117e-05,-2.9445697869205786e-05,-0.0013363661575159197,0.0022012152528494582,0.002016240924805487,-0.0023077716000194245,0.3244360334808622
1781531071.5527275,0.06590447101175767,0.8345552388604129,0.3066908369992587,-0.25997075066106606,0.025904689093397604,-0.031728494879145905,0.06591083943701082,0.8346873244890376,0.3069116229690778,-0.26036359919315705,0.025799423265358445,-0.03167601333779635,0.00024128636673032613,-1.8645272990292943e-05,0.000903928426736414,0.0033738238132054285,0.0008340023021813231,0.0003005165042415509,-1.3410626992891066e-05,-0.0001140822076447324,-0.0011752058580175692,0.0021419688443380545,0.002733821409265262,-0.0024768633379233483,0.25735892173838215
1781531071.5627794,0.06588839460936789,0.8345612913729266,0.3066482407790807,-0.260074265651977,0.025936692186757426,-0.031765702932998796,0.06591083943701082,0.8346873244890376,0.3069116229690778,-0.26036359919315705,0.025799423265358445,-0.03167601333779635,0.0001239682305217162,3.732454179056632e-05,0.0005840680392273372,0.0018857760345135249,0.001184533057242529,-3.489213446683574e-05,-0.0003319663376400611,-0.0001412835499251765,-0.0014529771699221805,0.0015663917239959917,0.00351012773353559,-0.0023665133005669726,0.2928451718096967
1781531071.5727763,0.06587454306416929,0.834566518851432,0.3066114709199475,-0.2601630556509087,0.025962563946089867,-0.03179669100113795,0.06591083943701082,0.8346873244890376,0.3069116229690778,-0.26036359919315705,0.025799423265358445,-0.03167601333779635,2.8217577117453833e-05,8.178266660448915e-05,0.00031989197248382854,0.0007192149182166357,0.0014147474022277208,-0.00028525643863568995,-0.0002483025755753595,-0.00040341117440227594,-0.0013077941511101057,0.0016064197139284567,0.003353800899577549,-0.002007553144812392,0.32558052975551055
1781531071.5827165,0.06586265367671051,0.8345710264073741,0.3065798469614636,-0.2602383820761305,0.025983134188513723,-0.03182216966814344,0.06591083943701082,0.8346873244890376,0.3069116229690778,-0.26036359919315705,0.025799423265358445,-0.03167601333779635,-4.90060221234596e-05,0.00011643618619019717,0.00010376516246829535,-0.00017453554792662548,0.0015485117898037537,-0.0004650444767396534,-0.0005681183465968172,-0.00017779872097930516,-0.0007453754805911726,0.002402771733624351,0.0026182634576765937,-0.000593459028169488,0.3548555065413722
1781531071.592781,0.06585249043606019,0.8345749046515103,0.30655275553082556,-0.2603015586531769,0.025999169651311105,-0.0318428223286346,0.06591083943701082,0.8346873244890376,0.3069116229690778,-0.26036359919315705,0.025799423265358445,-0.03167601333779635,-0.00011037809827417815,0.00014277973664855934,-7.105044811676943e-05,-0.0008394141312734589,0.0016063484812727693,-0.0005870291178952816,-0.0002946644918305455,-0.0004917735873242783,-0.000941944060197958,0.0015119265112719517,0.0013878695292644603,-9.975519636478328e-05,0.3805636136302778
1781531071.6027198,0.06580367405657153,0.8340742377312925,0.3066648547604915,-0.26035390233032557,0.026011368835665127,-0.031859293270217595,0.06589713821142645,0.834674246229065,0.30685314369385897,-0.2602784767798137,0.025932555369747368,-0.03174975691111,-0.00015824735074162723,0.0001621184674606555,-0.0002104874456127197,-0.0013146074401754544,0.0016057123385138092,-0.0006623633041828352,-0.00025045293102888655,-0.0003681864342529432,-0.0006845640609360462,0.0017673538264870539,0.0005508658250360375,0.0004237436651180148,0.6357660482210853
1781531071.6127343,0.06576869105033344,0.8335781818819014,0.30680503762915484,-0.26028453497283366,0.02598316612203999,-0.03177218783003133,0.06589713821142645,0.834674246229065,0.30685314369385897,-0.2602784767798137,0.025932555369747368,-0.03174975691111,-0.00011745514116309642,0.0001683143671507991,-0.00017511273427248748,-0.0004383098370068846,0.000888515019132192,0.0002492860986780856,1.9491963927472943e-05,-0.0003061693437016317,-0.000799666774873068,0.0011054357513330673,0.0005608691832520678,8.97567588666172e-05,1.104613018109758
1781531071.6227777,0.06574078558074938,0.8330811317748262,0.30696264641232257,-0.2602673686109901,0.02591442454427706,-0.03166698638012774,0.06589713821142645,0.834674246229065,0.30685314369385897,-0.2602784767798137,0.025932555369747368,-0.03174975691111,-3.570775894156788e-05,0.00016164336185888568,-4.5915554765938317e-05,-0.00023244517235018955,-0.0002290623743414421,0.00113837516048261,-0.00019910151460441974,-0.000486270103975747,-0.0010492704877385634,0.0007622938248658149,0.00022147081694013553,0.00047630812402321406,1.6045094748162803
1781531071.6327715,0.06571122598921986,0.8325828232153736,0.3071170083018001,-0.2602527502637453,0.025856539407311585,-0.03157956837280086,0.06589713821142645,0.834674246229065,0.30685314369385897,-0.2602784767798137,0.025932555369747368,-0.03174975691111,3.036929835564391e-05,0.0001542398723876904,5.838226902117599e-05,-7.18391071015057e-05,-0.001060156800612285,0.0017733778591838053,-0.00023443069791774827,-0.0013231222519840906,-0.0016180545659719887,-0.0005907000442369423,0.00027759601254881313,0.00030134594380414596,2.116184800032373
1781531071.642774,0.0656801985566871,0.8320834125394346,0.3072685048568095,-0.2602404399457958,0.025808373423752418,-0.031507867553383556,0.06589713821142645,0.834674246229065,0.30685314369385897,-0.2602784767798137,0.025932555369747368,-0.03174975691111,8.30293761040142e-05,0.0001463421740118199,0.00014136999919391524,5.046100234402438e-05,-0.0016538495204831741,0.0022006207959838,-0.00041127881653062334,-0.0028155817821982434,-0.0022172876761648082,-0.0018885697200282867,0.0006518065874426643,0.0002185442183594903,2.6328704709518185
1781531071.652771,0.06564787225116062,0.8315830464587555,0.30741748363222315,-0.2602301949417707,0.02576880835652884,-0.031449905566678676,0.06588813324608767,0.8346216925060755,0.30679105955207864,-0.26026135983189425,0.025954991154635065,-0.03173550931948191,0.00012425140622837106,0.0001381478098528944,0.000206199019531095,0.00014071282306289207,-0.0020534138954359416,0.0024605018021670467,-0.0005108319235716703,-0.004520726722105025,-0.001440558825687573,-0.0018507447247367906,0.0002465843563625289,0.0001915532631129518,3.11183262319202
1781531071.6627743,0.06561079390893604,0.8310743286047163,0.3075562943680121,-0.26015595648812306,0.025731131608393687,-0.03145156790501516,0.06588813324608767,0.8346216925060755,0.30679105955207864,-0.26026135983189425,0.025954991154635065,-0.03173550931948191,0.00013438238030249935,9.908802390381782e-05,0.0002040680570077816,0.0009364351260163202,-0.0022217308228616715,0.002068529853799256,-0.0003950395098332085,-0.005957858438156576,-0.0009893060419471178,-0.001960686486567045,0.0004347438976084209,-0.0004039415673832364,3.6395455870362436
1781531071.6727715,0.06561320268289358,0.8310701069217385,0.3075592127390087,-0.26009443564219237,0.02570092455465356,-0.031455329663921144,0.06588813324608767,0.8346216925060755,0.30679105955207864,-0.26026135983189425,0.025954991154635065,-0.03173550931948191,0.00014081249309167657,6.647633052747601e-05,0.00019977162801823812,0.0015070055073997607,-0.0022870377020082935,0.0017182112382305016,-0.0005979389726364508,-0.007476852049351469,-1.2555250307909915e-05,-0.0009656348383501597,0.00040581103474815315,-0.00030522157713106424,3.6440919714023923
1781531071.6827726,0.06557515579760413,0.8305622754114639,0.30769653427526406,-0.2600441274752706,0.025677141483484878,-0.031460560828469,0.06588813324608767,0.8346216925060755,0.30679105955207864,-0.26026135983189425,0.025954991154635065,-0.03173550931948191,0.00014419017774217532,3.945421602142882e-05,0.00019379126080474302,0.0018932602696201594,-0.0022733731278251354,0.0014086927399229276,-0.0008868677849615493,-0.009885741902776583,0.001107668316929961,0.00017146733645101832,0.000678628161409331,-0.0003109237555808799,4.170935926816949
1781531071.6927378,0.06553672039615452,0.8300548442990999,0.3078332701525206,-0.2600035975405299,0.025658822917863366,-0.03146674929741815,0.06588813324608767,0.8346216925060755,0.30679105955207864,-0.26026135983189425,0.025954991154635065,-0.03173550931948191,0.00014507465633887867,1.7261662994518657e-05,0.00018653485051942632,0.0021308416031358994,-0.002200910542342727,0.0011382178836245832,-0.0013880439826226094,-0.01240006388718079,0.0031006790585225343,0.0019552919467105754,-0.00030747568761426764,0.0007508073322196968,4.697424450944169
1781531071.702769,0.06549795283646434,0.8295477870920919,0.30796952046027876,-0.2599715034442551,0.02564510029323608,-0.03147348530118753,0.06584584761401718,0.8342133651011605,0.3068098001184147,-0.2602863096543182,0.025956019307160183,-0.03172407226870033,0.0001439464488100437,-7.726455581929028e-07,0.0001783460132008605,0.0022505243742521695,-0.002086375038481474,0.0009044015868787567,-0.0016063427407528093,-0.01499271053882163,0.003676667887812691,0.0021747301375858955,-0.00259065113097124,0.0024526638309262296,4.8201245011189
1781531071.7127793,0.06545890283500147,0.8290410769096357,0.30810537239525765,-0.25994660849454315,0.02563519696441019,-0.03148044692962247,0.06584584761401718,0.8342133651011605,0.3068098001184147,-0.2602863096543182,0.025956019307160183,-0.03172407226870033,0.00014121680643014938,-1.5240314084559567e-05,0.00016951240937687192,0.0022785941901892143,-0.0019434500776253278,0.00070445313067001,-0.0015817126383195562,-0.016562631575182993,0.004089246287641147,0.0024707479747931313,-0.003153113715189482,0.0028827188271532355,5.346101282497243
1781531071.7227728,0.06540083090190367,0.8285011233066919,0.30824923902622914,-0.2599522138788395,0.02561254789410783,-0.03150596707508295,0.06584584761401718,0.8342133651011605,0.3068098001184147,-0.2602863096543182,0.025956019307160183,-0.03172407226870033,1.732855050627771e-05,-0.00023507102263141906,0.00020670155864749472,0.0019758468461708537,-0.0018986751950583536,0.0002948404583381617,-0.0012787199772208912,-0.018326063907117957,0.003804691430335628,0.0016894910586545066,-0.0033671121214347262,0.002538811824298639,5.907599390773237
1781531071.732715,0.06529098021200619,0.8279736558160741,0.30839154596177726,-0.25995876009252483,0.025595113627744803,-0.03152814155632089,0.06584584761401718,0.8342133651011605,0.3068098001184147,-0.2602863096543182,0.025956019307160183,-0.03172407226870033,-8.234518558962671e-05,-0.0004085666250077636,0.00023393689061979134,0.001694921355129895,-0.0018131576781832295,-2.0137186264694248e-05,-0.0012545603867497007,-0.018366128361527456,0.00452002326971054,0.0025578559506156504,-0.003469303217988676,0.002412015316733883,6.460941859295987
1781531071.7427723,0.06527772086177398,0.8279475613127856,0.3083976552899593,-0.2599658320997739,0.025582063879926453,-0.0315472023234884,0.06584584761401718,0.8342133651011605,0.3068098001184147,-0.2602863096543182,0.025956019307160183,-0.03172407226870033,-0.00016131718782485578,-0.0005426672826876939,0.0002528364659900833,0.0014380366526315015,-0.00169945325860808,-0.0002555866752428112,-0.0011467737624670685,-0.02008330180672477,0.004203747987653811,0.0018943313926082584,-0.0023597022120763495,0.0010799861785351639,6.488786417106757
1781531071.7527757,0.06517205172319307,0.8274286990799704,0.30853758177988405,-0.2599731045255405,0.025572656531956506,-0.03156340839695976,0.06578185908984502,0.8333299862551715,0.30700369811656636,-0.2601959838796328,0.025807684080951576,-0.031617824426397864,-0.0002226697384523685,-0.0006434435449265717,0.0002648048429444525,0.0012061970698510312,-0.0015677412420514855,-0.0004250038632397753,-0.001167043516696409,-0.02182351578506662,0.004685329111718024,0.001333713438860628,-0.0028654014546252893,0.0007824087762307836,6.127793603019684
1781531071.7627254,0.06508882932812005,0.8268651629017293,0.30871197487111174,-0.2598112446345395,0.025616279250815,-0.03161186318314879,0.06578185908984502,0.8333299862551715,0.30700369811656636,-0.2601959838796328,0.025807684080951576,-0.031617824426397864,-0.00013279050669122355,-0.0010130062925711829,0.0005265706806017426,0.002854839412572654,-0.0007997400980658398,-0.0007672944498191998,-0.0011773746297396926,-0.02163084314372904,0.006288011201645123,0.00363117203315518,-0.0022069856135699772,0.0001800410393539273,6.722532313940088
1781531071.7727828,0.06509848870076321,0.8268085299930206,0.30874558011698877,-0.2596777165598112,0.025653867251115292,-0.03165212168158062,0.06578185908984502,0.8333299862551715,0.30700369811656636,-0.2601959838796328,0.025807684080951576,-0.031617824426397864,-5.8955281914539355e-05,-0.0012968455262427014,0.0007300370821283125,0.004011963244010641,-0.00020241074306726493,-0.0010027713921784613,-0.0016253753074938165,-0.022509072274258145,0.006832124544100069,0.004060966429178324,-0.0018867055573562129,-0.00021580918351826983,6.784581031369382
1781531071.7827551,0.06501239193975329,0.8262639220788844,0.3089087980030638,-0.2595690712262828,0.025685903428102952,-0.03168513773437781,0.06578185908984502,0.8333299862551715,0.30700369811656636,-0.2601959838796328,0.025807684080951576,-0.031617824426397864,1.0646775284729433e-06,-0.0015082716930659625,0.0008841241356220335,0.004769136095134734,0.00025068922316181077,-0.0011517675482335288,-0.0021826256167366558,-0.024280526317504887,0.007493032290542034,0.0035659360826767266,-0.0009732858705835117,-0.0009383728307938479,7.358719196708792
1781531071.7927709,0.0649251063258259,0.8257270119899464,0.3090674770324868,-0.25948204332179425,0.025712901880756034,-0.031711824140903705,0.06578185908984502,0.8333299862551715,0.30700369811656636,-0.2601959838796328,0.025807684080951576,-0.031617824426397864,4.923359903831466e-05,-0.0016588876097236882,0.0009966183348038944,0.0052059139625531105,0.0005833202157369247,-0.0012318856818808613,-0.0026215118955947216,-0.026682475983809725,0.00915906271821704,0.004924291478973081,-0.0009091301624838304,-0.0010818389253522806,7.9245458160154705
1781531071.8027148,0.06483677923614141,0.8251967945370811,0.30922222695583973,-0.25941359459363633,0.025735385965738766,-0.03173303796127874,0.06569488207546503,0.8321380329838404,0.30734503447049255,-0.26002265512797046,0.02572610113653817,-0.03163028316917747,8.72784763213162e-05,-0.0017587782335565748,0.0010742974914813776,0.0053906753904933305,0.0008165827238086241,-0.0012582009464185615,-0.002796724796243036,-0.028657134241167524,0.008098415624457045,0.0034617119540816077,-0.0010899039402760774,-0.0009033998639748828,7.241614687669374
1781531071.8127754,0.06474754148757171,0.8246723758129618,0.309373583022596,-0.25936094007264177,0.025753871599631273,-0.03174957104330335,0.06569488207546503,0.8321380329838404,0.30734503447049255,-0.26002265512797046,0.02572610113653817,-0.03163028316917747,0.00011671397547946433,-0.0018166822385270777,0.001123043792944894,0.005381552366471272,0.000969006652942823,-0.0012434818384757778,-0.002900101888433378,-0.03007246036039858,0.006859586643275042,0.0018543259239680377,-0.0015421685551335474,-0.0006193590502517019,7.794132434774335
1781531071.822725,0.06463630937441812,0.8241717210491472,0.3094907902909986,-0.2593446201864266,0.025731532900162613,-0.03172307449054072,0.06569488207546503,0.8321380329838404,0.30734503447049255,-0.26002265512797046,0.02572610113653817,-0.03163028316917747,-8.384474516269871e-07,-0.001734377999946438,0.0009316089224785254,0.0049648913644592205,0.000553420598538503,-0.0008907663639388271,-0.0030785014048072845,-0.030263984693516304,0.006258627252382447,0.0019480499039814963,-0.00045874917683494615,-0.0007589661266368102,8.317870523485732
1781531071.83273,0.06462192761994949,0.8241694396659806,0.3094753750732976,-0.2593354294955403,0.025712464859698914,-0.03169986754960402,0.06569488207546503,0.8321380329838404,0.30734503447049255,-0.26002265512797046,0.02572610113653817,-0.03163028316917747,-9.519575261183705e-05,-0.0016463300365823972,0.0007661257170399455,0.0045167994601177045,0.00022689260622945452,-0.0006020990553270661,-0.0034631125428509152,-0.03054901003214227,0.006593955101542697,0.0029095050965642104,0.0004700404200108834,-0.0008003089801780485,8.317936151053969
1781531071.8427746,0.06460964547672733,0.824168402575282,0.3094617587234136,-0.2593318319950484,0.02569636937736952,-0.031679760610552166,0.06569488207546503,0.8321380329838404,0.30734503447049255,-0.26002265512797046,0.02572610113653817,-0.03163028316917747,-0.00016973703709250517,-0.0015547868222638903,0.0006235726517879847,0.004057422778918224,-2.397053649257178e-05,-0.00036932419726713793,-0.003646550204531243,-0.03153451113449644,0.009696071772668638,0.0058100308282584,-0.0004115759859194205,-0.0008195350985344309,8.317046884992411
1781531071.8527703,0.06450477681838108,0.8236715109110575,0.30958436302111225,-0.25933252371180154,0.025682941716993035,-0.03166252676787963,0.06552888695226516,0.830582805442715,0.30770512706983366,-0.25989263477381297,0.025717521409529986,-0.0316730000677017,-0.00022742603842085756,-0.0014615976597935666,0.0005012335795417371,0.00360216506561187,-0.00021127473761067605,-0.00018480062849208457,-0.004046066658990097,-0.03285466100519928,0.009078893640349786,0.004506087403345612,-0.00021049428573427235,-0.0005839311766736471,7.235075772251523
1781531071.862778,0.06438984253164791,0.8231022862039612,0.30971298565275157,-0.2593424598776161,0.025661684923358408,-0.031661752865938975,0.06552888695226516,0.830582805442715,0.30770512706983366,-0.25989263477381297,0.025717521409529986,-0.0316730000677017,-0.0003447955920297713,-0.0018329355036562156,0.00042177306896202166,0.0031003164628934433,-0.0004147217474341058,-0.00021596802514293543,-0.004655065747892659,-0.03265242765311678,0.009830794541276692,0.006258423018889889,0.001224538020043791,-0.0005431642262303562,7.828606923489157
1781531071.8727741,0.06437930669427887,0.8230642051621674,0.30970712436029646,-0.2593559375986597,0.025697887325916824,-0.031704556482299834,0.06552888695226516,0.830582805442715,0.30770512706983366,-0.25989263477381297,0.025717521409529986,-0.0316730000677017,-0.0003863956809768541,-0.0019438126973924203,0.00036969059686467573,0.002626511440868184,0.00013229653590473466,-0.0005425550297511031,-0.0037959861584340874,-0.03191581594495985,0.008562081606891201,0.004985553061905933,0.00015054642641075687,-0.0006701110811402685,7.86504151923072
1781531071.8827202,0.06427604131255114,0.8225358333600383,0.3098365862971887,-0.2593696734516152,0.025728346973324046,-0.031740046387694704,0.06552888695226516,0.830582805442715,0.30770512706983366,-0.25989263477381297,0.025717521409529986,-0.0316730000677017,-0.00041489508991284375,-0.0020081918511841807,0.00032319583131403863,0.0021996096854165464,0.0005385332861812806,-0.0007724100015135183,-0.003762206855049559,-0.030047164090659103,0.009859212387543495,0.006213675676865005,-0.0006597294201332961,-0.00024346718593585236,8.418224298164384
1781531071.8927755,0.06417425510223529,0.822013140459103,0.3099666908077971,-0.2593832264501154,0.0257536701304506,-0.031769084824440796,0.06552888695226516,0.830582805442715,0.30770512706983366,-0.25989263477381297,0.025717521409529986,-0.0316730000677017,-0.0004325165082077378,-0.0020344278776172346,0.00028177586245203606,0.0018195366592255935,0.0008281684494093283,-0.0009234937768234045,-0.0040655182698253025,-0.029784140239716355,0.007230576765017594,0.003403190112267253,0.0005789742944574814,-0.00033938687927659094,8.965983265728987
1781531071.902775,0.06402049309092585,0.8215080676083902,0.3100958287360485,-0.2593962712441358,0.025774451640820928,-0.031792494442654196,0.06532136086515256,0.8290098310884246,0.30818518221480606,-0.25960509862152065,0.02573842167697693,-0.03169158207067237,-0.00044118208640073,-0.002029711188360117,0.0002449546371881124,0.0014849546242901052,0.0010225106797473753,-0.0010114203367355564,-0.004470502282462692,-0.030484162373081734,0.008074150379338922,0.003408329344292342,0.0005784643162859443,-0.0005325054419671332,7.849795055002086
1781531071.9127748,0.06386784090555397,0.8210071911278934,0.31022548585855847,-0.2594085780230304,0.02579126150453881,-0.03181104571197427,0.06532136086515256,0.8290098310884246,0.30818518221480606,-0.25960509862152065,0.02573842167697693,-0.03169158207067237,-0.00044254835492733494,-0.0020002062551920064,0.00021229172213125454,0.001193616001705171,0.001140134059546669,-0.0010496177573635283,-0.004351494642364799,-0.030863653807072605,0.00920004917811082,0.0035397684030730263,0.00026398254482919956,-0.0010814031477252854,8.385571272701188
1781531071.922775,0.06373856322918031,0.8205545826015397,0.3103653895644214,-0.2592978304049175,0.025661408813851816,-0.031681368401753895,0.06532136086515256,0.8290098310884246,0.30818518221480606,-0.25960509862152065,0.02573842167697693,-0.03169158207067237,-0.00030882250957615416,-0.0017166697040755922,0.00020374237562688108,0.002236631443902419,-0.0007169875947196109,6.932677441452424e-05,-0.004937928837202903,-0.03240762230226941,0.009876957970680725,0.0039861754343877035,0.0001370704688027012,-0.0006984317830940179,8.874107246293919
1781531071.932737,0.06375453524115045,0.820582414737834,0.31037099561566134,-0.25920675427143053,0.025552802344354086,-0.03157253929267513,0.06532136086515256,0.8290098310884246,0.30818518221480606,-0.25960509862152065,0.02573842167697693,-0.03169158207067237,-0.0001975578963670929,-0.001467302224880913,0.00019429756700868253,0.0029569073795809274,-0.0020888308750529015,0.0009058290703176594,-0.005350097470315369,-0.03228303817959739,0.008600343265093723,0.002549330197908219,0.0004140054105174469,-0.0005719194702603152,8.846133002933566
1781531071.9427521,0.06362066406667588,0.8201227363167476,0.31050849231475297,-0.2591329076598236,0.02546308997973612,-0.031482307648157126,0.06532136086515256,0.8290098310884246,0.30818518221480606,-0.25960509862152065,0.02573842167697693,-0.03169158207067237,-0.00010573439291794525,-0.0012485244984325548,0.0001842535807616061,0.0034156489907253896,-0.003059522706033012,0.0015078064219397134,-0.005915261696216914,-0.032368625969986124,0.00815220211690926,0.0013463460621399163,0.00023421566989443088,-0.00030529234362763414,9.34187309385187
1781531071.9527752,0.06348488842753314,0.8196600249319929,0.3106449999415675,-0.25907398983650526,0.025389991681526114,-0.03140847854299007,0.06505818940145258,0.8273945959930299,0.30861475379743014,-0.25948282518913174,0.025763377868486037,-0.031719880915340545,-3.068118746242907e-05,-0.0010570755401649924,0.00017385585830457481,0.00366587431696761,-0.003703076585198038,0.001917582025668557,-0.006467986624243669,-0.03262664720903466,0.006381478399556686,-0.0006548945524428686,0.001586419865429799,-0.0005527677424061874,8.149893548909219
1781531071.962776,0.06334742668726974,0.8191945981979003,0.31078066668493015,-0.2590278687949836,0.025331343895984793,-0.031348958871837265,0.06505818940145258,0.8273945959930299,0.30861475379743014,-0.25948282518913174,0.025763377868486037,-0.031719880915340545,2.99582726844493e-05,-0.0008899912359767305,0.00016330591561620868,0.0037530157581524485,-0.004083902549267381,0.0021721289066546773,-0.006770181420884942,-0.03368441384706412,0.008797356192363711,0.0027559980426788426,0.0012339124005653086,-0.00044733899821251127,8.652043200343314
1781531071.9727752,0.06318006377783927,0.818719541152087,0.31088585135556823,-0.2591208195588621,0.025311065840315727,-0.03139137371015979,0.06505818940145258,0.8273945959930299,0.30861475379743014,-0.25948282518913174,0.025763377868486037,-0.031719880915340545,-9.437687667584332e-05,-0.0007593484534350408,-4.2191730483747184e-05,0.002340301075227241,-0.00373386595274956,0.0014308573782672541,-0.006801010154285059,-0.0356071881445751,0.008101007335064015,0.0014773920875895184,-6.074023982982419e-05,-4.2971296344160744e-05,9.161976668275262
1781531071.982741,0.0631476691423838,0.8187368858253794,0.3108428467803065,-0.2591414351433108,0.025288737697640062,-0.031390321182494546,0.06505818940145258,0.8273945959930299,0.30861475379743014,-0.25948282518913174,0.025763377868486037,-0.031719880915340545,-0.00029658501917467555,-0.000599741405490075,-0.00032619049752691807,0.001859551301082198,-0.0035648905772800244,0.0012232998430330337,-0.006633859647436519,-0.03518222855430718,0.00898869243276786,0.002291243972667842,-0.0021460006365681167,0.0007363044299727178,9.141686460806547
1781531071.9927752,0.06297239543033471,0.8182677900823083,0.3109388919166012,-0.25916052968732434,0.02527283486327181,-0.03139136041043787,0.06505818940145258,0.8273945959930299,0.30861475379743014,-0.25948282518913174,0.025763377868486037,-0.031719880915340545,-0.00045515425385383535,-0.000464013819882739,-0.0005500439182454468,0.001448438820151605,-0.003340701534150815,0.0010343042161982542,-0.0064006649526712886,-0.03491616107722629,0.008577431630553169,0.002612610973955515,-0.003445460217261014,0.0011148504718283588,9.646281180792819
1781531072.0027761,0.06280126965428212,0.8177967145646333,0.31104033955339067,-0.25917796182277975,0.025262181503506564,-0.03139393868524562,0.06471940684123334,0.8256338300620386,0.30904725213061424,-0.25937902235880683,0.025704492108031385,-0.03169774852160498,-0.0005766821117210187,-0.0003491758318596639,-0.0007227778195520942,0.001100756970518431,-0.0030812796177147055,0.0008643884082929024,-0.0072515468909753085,-0.03481251619624517,0.009326351009414653,0.0030861749994462043,-0.0034584035121621635,0.0016711237060585116,8.310958251758027
1781531072.0127723,0.06263377275066707,0.8173238909447097,0.31114652962089173,-0.25919367116698266,0.025255752937961784,-0.031397599708377424,0.06471940684123334,0.8256338300620386,0.30904725213061424,-0.25937902235880683,0.025704492108031385,-0.03169774852160498,-0.0006669342653969115,-0.0002525625658550012,-0.0008522856291877017,0.0008101189160985756,-0.002802560131549846,0.000713418535095721,-0.006979527230776522,-0.034526936182506456,0.010030159641547697,0.0035182080715913944,-0.004722291247469528,0.0015047547132870046,8.821106714842031
1781531072.0227737,0.06249236676172764,0.8167877824611186,0.31130254618187625,-0.25929323671667126,0.025345421461727913,-0.03143416924911782,0.06471940684123334,0.8256338300620386,0.30904725213061424,-0.25937902235880683,0.025704492108031385,-0.03169774852160498,-0.0005802864623224508,-0.0005579645389123017,-0.0006278595024370179,-0.00035560512066577896,-0.0014485216142397436,0.0005007223715902436,-0.006972899624623942,-0.034690890856096626,0.008221194253998492,0.0019614986168938354,-0.00429041753109985,0.0011542244845764139,9.39673437589491
1781531072.0327876,0.06235038502442792,0.8162593781633427,0.3114557241291487,-0.2593766755589739,0.025422005781143175,-0.03146571937156936,0.06471940684123334,0.8256338300620386,0.30904725213061424,-0.25937902235880683,0.025704492108031385,-0.03169774852160498,-0.0005033751136079587,-0.0007960630663557634,-0.0004397406157558638,-0.0012193073404688556,-0.0003943340212252504,0.0003276583440926246,-0.007091563538561148,-0.033257472563737685,0.009896956099838974,0.004185791486229438,-0.005146552087988567,0.0012355427543674715,9.964604866084143
1781531072.0427768,0.062156227517955076,0.8157557454414147,0.31160336188311955,-0.25944574687498456,0.025486690613334417,-0.03149264388833907,0.06471940684123334,0.8256338300620386,0.30904725213061424,-0.25937902235880683,0.025704492108031385,-0.03169774852160498,-0.0004352544739358906,-0.0009771152444887348,-0.00028315186394851997,-0.0018330733161512386,0.0004063288333001876,0.00018902452812713337,-0.007810201703405831,-0.03249417205622959,0.01065482027962236,0.004788661562756521,-0.004886969443299612,0.0012498541024804147,10.520462969011406
1781531072.052755,0.062160858698756385,0.815724136340035,0.31161865658612686,-0.2595021620920609,0.025540689288419127,-0.0315153646860776,0.06471940684123334,0.8256338300620386,0.30904725213061424,-0.25937902235880683,0.025704492108031385,-0.03169774852160498,-0.0003750539371468281,-0.0011100780300150983,-0.00015385879639355314,-0.002242770352779864,0.0009951174102518956,7.998136013292524e-05,-0.008330503671533977,-0.03289895236689801,0.00811321476516779,0.0010783074073673188,-0.003203986061001029,0.000712210209725773,10.552739887589352
1781531072.0627768,0.06196576737264762,0.8152315457457525,0.31176204638623695,-0.2595475500151938,0.025585203359956843,-0.03153431313038321,0.06435190600704654,0.8239462568784182,0.3095065194075133,-0.25921983269947096,0.025482062847057785,-0.03162618200387153,-0.00032197424824422595,-0.0012027511687377238,-4.811624578181844e-05,-0.0024883511254882116,0.001409038681516798,-3.906874646455251e-06,-0.009834850284694678,-0.03458051583159721,0.008804378123153838,0.0008550857274210686,-0.0010702007915954648,0.0009574016656797346,9.312746622781484
1781531072.0727332,0.06178274138785857,0.8147703803504333,0.31191733455599385,-0.2595423331634127,0.02555621157188903,-0.03153567268705189,0.06435190600704654,0.8239462568784182,0.3095065194075133,-0.25921983269947096,0.025482062847057785,-0.03162618200387153,-0.0001964227481106449,-0.0010931497521479239,0.00010669190851919069,-0.002159242054144088,0.000953141820205914,-9.90522078466703e-05,-0.01051323926235502,-0.037533221799673354,0.009088261956891287,-0.0007172410588400345,-0.0006000719976839588,0.0007785052915307542,9.829005370710458
1781531072.0827801,0.061765697622924894,0.8148106050952828,0.3118848281648293,-0.2595894737224296,0.025491669069581002,-0.031556851955776705,0.06435190600704654,0.8239462568784182,0.3095065194075133,-0.25921983269947096,0.025482062847057785,-0.03162618200387153,-0.0002899891038724156,-0.0007577243935081893,-0.00013850451745551506,-0.0024319978787162343,0.00022720051675727954,-0.0004924912995629359,-0.011131623304026218,-0.040372331143761785,0.009502160799227324,-0.0021939468072209745,-0.000459926560194012,0.0009252501377153207,9.788000809865695
1781531072.092775,0.061551938091647454,0.8143794801165147,0.3119870487619256,-0.25962687628545666,0.02543729610177836,-0.03157417301859007,0.06435190600704654,0.8239462568784182,0.3095065194075133,-0.25921983269947096,0.025482062847057785,-0.03162618200387153,-0.00036142720586327943,-0.0004788527834873772,-0.0003335866324482524,-0.0025697924826490557,-0.00032293869239239975,-0.0007738078821974164,-0.010615183123547886,-0.039786747266418634,0.008292197357367791,-0.004132625022930551,0.0012380742630719835,-9.138283253109514e-05,10.272101236721777
1781531072.1027727,0.061340426036599775,0.8139437056314442,0.31209329462595875,-0.2596559589733771,0.02539203134540613,-0.03158812956529339,0.06435190600704654,0.8239462568784182,0.3095065194075133,-0.25921983269947096,0.025482062847057785,-0.03162618200387153,-0.0004141961465267738,-0.0002489145909878572,-0.0004859664355510105,-0.0026026938277307157,-0.0007262973185224952,-0.0009634127537678172,-0.01053322915018258,-0.03783074291610794,0.007930716335528576,-0.004243091331127943,0.0011595501275232954,0.0005824784374570704,10.761572798225409
1781531072.112771,0.06113087544172519,0.8135038142358841,0.31220306177839774,-0.2596780120070067,0.025354830217216184,-0.03159918348773126,0.06382108253705482,0.8220124018338814,0.30996382197701855,-0.2592997710650364,0.02545089872813655,-0.03159123352641967,-0.00045130934963871604,-6.11723827060832e-05,-0.0006021351622915529,-0.0025561019271883854,-0.0010086377868830671,-0.0010791098630196889,-0.01052268724730541,-0.03818382244666033,0.010101972485340319,-0.002326814492769806,0.0014834375357439843,-3.3569241768082805e-05,9.200406078898618
1781531072.122775,0.060905366485022414,0.813029818428835,0.31230454419636244,-0.2596557201225752,0.025351307432226022,-0.0316184808798954,0.06382108253705482,0.8220124018338814,0.30996382197701855,-0.2592997710650364,0.02545089872813655,-0.03159123352641967,-0.000587393055680204,-0.00010082033135098048,-0.0007458034438199852,-0.0020283572677428784,-0.0008815149031985301,-0.001174720935782645,-0.010881167612866246,-0.039923820796804045,0.011265139134543032,-0.0019478895861406147,0.0018906958555179483,-0.00040205675315262184,9.729706328190135
1781531072.1328073,0.0606839114748926,0.8125570638673492,0.3124103959744549,-0.2596350867651696,0.025349403587271002,-0.03163387675725682,0.06382108253705482,0.8220124018338814,0.30996382197701855,-0.2592997710650364,0.02545089872813655,-0.03159123352641967,-0.0006891945349468081,-0.00013137114410675664,-0.0008516863961978262,-0.0015774153069267696,-0.0007621335248217475,-0.00121420453293292,-0.011287047268255865,-0.04001284183861831,0.00954183056262645,-0.0037729898560566566,0.001444040269823787,3.6302021220140004e-05,10.25821537400853
1781531072.1427727,0.06046599345384597,0.8120853908609884,0.31252007009844046,-0.2596162608857034,0.025348764757530118,-0.03164592786761537,0.06382108253705482,0.8220124018338814,0.30996382197701855,-0.2592997710650364,0.02545089872813655,-0.03159123352641967,-0.0007621852348420647,-0.0001542319105881436,-0.0009258946562580647,-0.001196362293701463,-0.0006518211519099075,-0.0012105527481504176,-0.011534920499964548,-0.038684666297192784,0.009093143522283666,-0.003763824884081999,-0.0012180244684727958,0.0008598262623948196,10.785943355612304
1781531072.1527784,0.060251151938619275,0.8116146565046878,0.31263307857166656,-0.25959930460555236,0.02534909115272055,-0.03165514293434883,0.06382108253705482,0.8220124018338814,0.30996382197701855,-0.2592997710650364,0.02545089872813655,-0.03159123352641967,-0.0008111225482750952,-0.0001706296452554755,-0.0009737350297081859,-0.0008781049929869724,-0.0005513240002153684,-0.00117468089832417,-0.011358486289567555,-0.03670751072835894,0.00972907239431419,-0.0015407411895857488,-0.0011106817054521705,-0.00015802673448250817,11.312932563066264
1781531072.1627402,0.06003897771440538,0.8111447334452888,0.31274898686100966,-0.25958421328985704,0.02535013174804801,-0.0316619807698974,0.06325839876541828,0.820053246571653,0.310455630374828,-0.2594515577383016,0.025473471609628096,-0.03158707049401971,-0.0008401303633788062,-0.00018163125555061856,-0.0009998017855921684,-0.0006156098357934105,-0.00046093237090792167,-0.001115649447709224,-0.01126391453287069,-0.034857279450807896,0.008578834993054757,-0.00168335172049606,0.0009151780178686564,-0.002244141249252433,9.74606392340107
1781531072.1727707,0.06006923445835887,0.8111464036425138,0.3127840921810319,-0.2595054309831975,0.025329802247766375,-0.03164856828980335,0.06325839876541828,0.820053246571653,0.310455630374828,-0.2594515577383016,0.025473471609628096,-0.03158707049401971,-0.0005932973503264715,-0.00016204354123411087,-0.0007051925779435554,0.0003080595466672323,-0.0006623328092860679,-0.0009093396524492416,-0.01205846699220177,-0.035987598998575586,0.007440507872985368,-0.003242745062699802,-0.0011698344767270552,-0.0014923703780309451,9.742913030748547
1781531072.1827166,0.05989616950860756,0.8106818541307099,0.31294460911761707,-0.2594394343863602,0.025313504963345945,-0.0316366375867404,0.06325839876541828,0.820053246571653,0.310455630374828,-0.2594515577383016,0.025473471609628096,-0.03158707049401971,-0.0003876287544518147,-0.00014426579386046543,-0.0004597527095693276,0.000991702451692141,-0.0007951020875307112,-0.000729869676596501,-0.012678095858162068,-0.0372192194760896,0.010439373880736772,0.0006485885015418256,-0.0014113149460301495,-0.00224450880325105,10.262679817648763
1781531072.1927705,0.059670138385496604,0.8102402985828806,0.31309652350215017,-0.2593848241728542,0.025300675034700237,-0.03162614333065496,0.06325839876541828,0.820053246571653,0.310455630374828,-0.2594515577383016,0.025473471609628096,-0.03158707049401971,-0.00021761187746523398,-0.00012816630146561276,-0.00025689463903540567,0.0014767881886584356,-0.0008728149570382422,-0.0005754219330308543,-0.013989850488543632,-0.03835248859929814,0.012622097502737203,0.0036648740347601572,-0.0017681440596709795,-0.0012618828215565233,10.777006880131689
1781531072.202775,0.059441000806469774,0.8097986119528727,0.3132447820290095,-0.25934024020083973,0.02529079432256509,-0.03161701233171288,0.06325839876541828,0.820053246571653,0.310455630374828,-0.2594515577383016,0.025473471609628096,-0.03158707049401971,-7.836952970400056e-05,-0.00011361806402644534,-9.079051032258469e-05,0.0017998234311894193,-0.0009071493499070309,-0.0004439497680852281,-0.014196511000913738,-0.038592582491994196,0.008704671030873214,-0.0006032728484199836,-0.001920320420993873,-0.0006725967922512138,11.292007141854585
1781531072.2127743,0.05920911906148073,0.8093568017355144,0.3133898257881199,-0.2593043889201524,0.025283393870340065,-0.031609152510824606,0.06260777638980419,0.8181839267397171,0.31096317263914325,-0.25943786209217135,0.025422614267103683,-0.031661268927151126,3.440351028560255e-05,-0.00010049947335850615,4.37038326796918e-05,0.0019925972118580936,-0.0009080423722874036,-0.00033329088635589306,-0.01429027066558748,-0.037504332483015164,0.00731674786029183,-0.0015463015423369448,-0.0017401048159248862,0.0003391503609764967,9.76512431977317
1781531072.2227817,0.05893645731677853,0.8088900958183565,0.3135090318619995,-0.2593922933517539,0.02522992653683831,-0.031554167348358655,0.06260777638980419,0.8181839267397171,0.31096317263914325,-0.25943786209217135,0.025422614267103683,-0.031661268927151126,-0.0001302433587430416,-0.00026761244520259904,-3.2882161132465336e-05,0.0008005422083273387,-0.0015273783509819551,0.00013342999968248036,-0.014852576405212106,-0.037607503597421044,0.009306493031058563,0.0009440314796326733,0.0004562392097176081,0.0001208803478400651,10.311899733482809
1781531072.2327387,0.0586476194432895,0.8084448627549699,0.3135996273902341,-0.2595169851934113,0.0251653304745576,-0.031468994259114105,0.06260777638980419,0.8181839267397171,0.31096317263914325,-0.25943786209217135,0.025422614267103683,-0.031661268927151126,-0.00039391209326893745,-0.00029730094021442906,-0.0002988080891985922,-0.0006711698877845875,-0.0022812616148136233,0.0008363878430262526,-0.015491813521281384,-0.03901319488476316,0.012239288801573186,0.0029033667471366352,0.0008187632080279595,0.00032626209129967405,10.838962311705792
1781531072.2427757,0.058364676557364985,0.8079999460982107,0.3136952018655876,-0.259621280698739,0.025112835437208325,-0.03139862932664804,0.06260777638980419,0.8181839267397171,0.31096317263914325,-0.25943786209217135,0.025422614267103683,-0.031661268927151126,-0.0006005870083126207,-0.00031736696216532053,-0.0005085000829136558,-0.0017554984560179954,-0.0027836735882892398,0.0013402067833838958,-0.015150998232938672,-0.03999892021937266,0.011599642074309363,0.0016077989285160428,8.104560349026599e-05,-0.00011524742133623352,11.365797006315415
1781531072.252748,0.05833560634937523,0.8079983036621089,0.3136694850812862,-0.25970743813977937,0.02507084228882528,-0.03134128738903394,0.06260777638980419,0.8181839267397171,0.31096317263914325,-0.25943786209217135,0.025422614267103683,-0.031661268927151126,-0.0007588900341923209,-0.0003294540642095636,-0.0006703919733968457,-0.0025198935654837076,-0.0030839149773769924,0.0016810241189419786,-0.014845932374076871,-0.03948591618333007,0.009429839904269852,-0.00026152502237095077,0.0009519760814558485,-6.998022086867047e-05,11.372004281037752
1781531072.2627761,0.05806230141101885,0.8075538792069128,0.3137732011924525,-0.2597776462884306,0.025037865830065842,-0.03129527400424184,0.06185054949586499,0.8162157515747986,0.3114612081589215,-0.2594162546160709,0.025444097154138756,-0.03167499994070806,-0.0008763555460413236,-0.00033498274771099956,-0.0007918598896860438,-0.0030236504913007597,-0.0032244589129055657,0.0018903787735990401,-0.014586642300323617,-0.036845778363430844,0.010561196929429213,0.001050095844447009,-0.0004440051931878307,0.00016642966388924778,9.732634189004582
1781531072.2727768,0.05779291799201454,0.8071096488740408,0.31388024888877797,-0.2598339818865045,0.025012546814509706,-0.031259009159065654,0.06185054949586499,0.8162157515747986,0.3114612081589215,-0.2594162546160709,0.025444097154138756,-0.03167499994070806,-0.000959549390705464,-0.0003351764548498043,-0.0008793374029405987,-0.003318331379717167,-0.0032415002930091174,0.00199550078937164,-0.014967190669221182,-0.03691708590888697,0.010935209674817488,0.0013049876813959011,-0.002427470386700592,0.0009591600220055293,10.258520257351625
1781531072.2827435,0.05755821335747693,0.8066650274527271,0.3140220021753365,-0.25973996356455903,0.025140866609079104,-0.03135161496268189,0.06185054949586499,0.8162157515747986,0.3114612081589215,-0.2594162546160709,0.025444097154138756,-0.03167499994070806,-0.0007927204398248606,-0.00029005009573820727,-0.0006590558693915475,-0.0019049621573393053,-0.0012737203293427947,0.0011607591590826966,-0.015681224541138957,-0.03853658681020815,0.010733275721109489,-0.00167698440828411,-0.0040079687889305006,0.0009269100465254582,10.779524422503025
1781531072.2927248,0.05732191039904253,0.8062208272229604,0.31416187754568725,-0.2596591782687355,0.025249657788042112,-0.03143082532195279,0.06185054949586499,0.8162157515747986,0.3114612081589215,-0.2594162546160709,0.025444097154138756,-0.03167499994070806,-0.0006487500641207311,-0.0002501486369521263,-0.0004738688612156297,-0.0007938239408189348,0.0002355354885934947,0.0005035497156252748,-0.015603798694503323,-0.038800906891088005,0.011127167022419027,-0.0013362857463792433,-0.005400395144484523,0.0007488874372455225,11.30047344162411
1781531072.3027687,0.0570841797350423,0.8057770052867453,0.3143001076934361,-0.259590517931812,0.025340837842778186,-0.031497832388254404,0.06185054949586499,0.8162157515747986,0.3114612081589215,-0.2594162546160709,0.025444097154138756,-0.03167499994070806,-0.0005249541897160827,-0.00021494717986940117,-0.000319201303235946,6.044679503680334e-05,0.0013599223020910969,-2.653091831778865e-06,-0.01618730508423194,-0.03802625605848089,0.009782243422423105,-0.0029552699144888036,-0.006163065959917218,0.0020414048424986127,11.821381278441992
1781531072.3127732,0.057093944053402484,0.8057764949300855,0.3143112387201959,-0.2595328206595905,0.025416325718585986,-0.031553863147891895,0.06107208385369112,0.8142954350016005,0.31200759683290596,-0.2594353602431326,0.025252146285057675,-0.03162528997125856,-0.00041892248274708846,-0.0001839647961745625,-0.00019099373550730348,0.0006988708573496005,0.002165162320911509,-0.0003818569665302378,-0.01647160363516838,-0.03745238358759528,0.008853034082542588,-0.004464533154998971,-0.003822833946525895,0.001129084773718355,9.680118912367815
1781531072.3227196,0.05685381210077151,0.8053332857233862,0.3144467447490986,-0.25948491602893975,0.02547798892499009,-0.03160013711572837,0.06107208385369112,0.8142954350016005,0.31200759683290596,-0.2594353602431326,0.025252146285057675,-0.03162528997125856,-0.0003284949018606906,-0.00015676194958398273,-8.565205762893552e-05,0.00115809227590554,0.0027092348811386465,-0.0006555260311812849,-0.01772378456631624,-0.0382035794160913,0.00902719926430958,-0.004135693049863919,-0.0031304212463846488,0.0019039512854372167,10.201145956388563
1781531072.3327847,0.056558294528109176,0.8049182946857821,0.31456656559262064,-0.25948491602893975,0.02547798892499009,-0.03160013711572837,0.06107208385369112,0.8142954350016005,0.31200759683290596,-0.2594353602431326,0.025252146285057675,-0.03162528997125856,-0.0003284949018606906,-0.00015676194958398273,-8.565205762893552e-05,0.00115809227590554,0.0027092348811386465,-0.0006555260311812849,-0.018540674291351294,-0.03879750270002305,0.011421702227413195,-0.0009343617975499184,-0.0008688889180190904,0.0008773380634429619,10.716966720648129
1781531072.3427918,0.05627004669855161,0.804530241775147,0.3146824610126356,-0.2593896744545052,0.02542567459391365,-0.031546350485068514,0.06107208385369112,0.8142954350016005,0.31200759683290596,-0.2594353602431326,0.025252146285057675,-0.03162528997125856,-0.0002697909645020338,1.2230778168369758e-05,-0.00010401825474872062,0.0020567558523048135,0.0017112942043358335,-0.000163100305644073,-0.018660504120999108,-0.03913907680589175,0.009217640624783799,-0.002615579880736129,-0.001059828921300346,0.0013448743144838906,11.205956361208749
1781531072.352774,0.05598093089266024,0.8041383066939536,0.3147990075652025,-0.2593114457246757,0.02538019085356291,-0.03150056613681136,0.06107208385369112,0.8142954350016005,0.31200759683290596,-0.2594353602431326,0.025252146285057675,-0.03162528997125856,-0.00021924649418646005,0.00014773862659806232,-0.00011744412780541856,0.002673792430873214,0.000916732661750859,0.00021033553905156366,-0.018115745206226268,-0.03696696360349614,0.009118837239478133,-0.0021564771635923094,0.0015869479433122024,0.0005829640027105719,11.699532802936888
1781531072.36277,0.055986510223311366,0.8041580113504853,0.3147964323199707,-0.25924810508460316,0.025341070706092816,-0.0314620304139825,0.060183948089148454,0.8124280980129248,0.3124972831683349,-0.25954503088959374,0.025209355033322334,-0.03157680916997868,-0.00017589267471203134,0.0002546486908624624,-0.00012673392189574938,0.003062926116048163,0.0002963044336227644,0.0004843909716572456,-0.017009251948599553,-0.03496030620546661,0.008792660328331191,-2.4909539510175218e-05,0.0008224034261106321,0.0010770686030276031,9.55504604192419
1781531072.3727446,0.05569589431711209,0.8037596736376366,0.31491404973042475,-0.25919765306098774,0.025307789923724622,-0.0314299802795123,0.060183948089148454,0.8124280980129248,0.3124972831683349,-0.25954503088959374,0.025209355033322334,-0.03157680916997868,-0.00013886065359479537,0.00033724656271045,-0.00013258567171154105,0.003270648721996712,-0.00017666961245115886,0.0006764798610858485,-0.017039888619219404,-0.03464428273569727,0.00871353764331481,0.0003856942228643983,0.002430300202848644,0.0009446854400389157,10.056091110685944
1781531072.3827584,0.055383795271516906,0.8033802410067143,0.3149904685900662,-0.25927439120903195,0.02527732766535329,-0.031458263320549074,0.060183948089148454,0.8124280980129248,0.3124972831683349,-0.25954503088959374,0.025209355033322334,-0.03157680916997868,-0.000230298153494712,0.0005506779594480015,-0.00042739251286412375,0.0020837426226073667,-0.00040004212703656825,0.0002190298638141626,-0.016932373172071236,-0.03547869097752519,0.00881435006392783,0.0007160324082368956,0.004782545579075076,-0.0009632303738774814,10.54140204264031
1781531072.3927372,0.05507417022697075,0.8029954848154544,0.31507329051030025,-0.2593408545949337,0.025252008581380103,-0.031482338447016936,0.060183948089148454,0.8124280980129248,0.3124972831683349,-0.25954503088959374,0.025209355033322334,-0.03157680916997868,-0.00030078361210380156,0.0007150373057622412,-0.000658640033016235,0.0011373955591830055,-0.0005564599297766677,-0.00012971382450053306,-0.017543250629102097,-0.03479968084258604,0.011791868532107262,0.005334774659228067,0.006935565207785226,-0.001571199472513761,11.03267127035672
1781531072.402754,0.05476671559038963,0.8026060745382614,0.3151617018294907,-0.25939780028709375,0.025231236447548655,-0.03150260214283322,0.060183948089148454,0.8124280980129248,0.3124972831683349,-0.25954503088959374,0.025209355033322334,-0.03157680916997868,-0.0003535562121451011,0.0008379203276549203,-0.0008359336957957559,0.00039719553898977526,-0.0006584286049185885,-0.0003874623802684929,-0.017469948498804504,-0.03453133505112311,0.01194333071700645,0.004956494111348342,0.006069222639417627,-0.0009313398353398773,11.52899301259063
1781531072.4127197,0.054756675184022226,0.802627623501559,0.31513525302086687,-0.2594460560328537,0.025214440024205143,-0.03151945572729979,0.05929451873631175,0.8106476324091352,0.31301242860730527,-0.2594313984338541,0.02545414161174464,-0.031594101358915966,-0.0003914407224478719,0.0009259502171784623,-0.0009676681596765468,-0.00016828403881681802,-0.0007168087471206451,-0.0005699767509652082,-0.017058394522735103,-0.03309879532813257,0.010087708765324482,0.002148415915304271,0.005474379664379951,-0.0005924865402432205,9.45615939340436
1781531072.4227276,0.05445277966681513,0.8022306146818264,0.31523275508536824,-0.2594864798809051,0.025201082428696786,-0.031533293166280035,0.05929451873631175,0.8106476324091352,0.31301242860730527,-0.2594313984338541,0.02545414161174464,-0.031594101358915966,-0.00041689343880417376,0.0009848855196723171,-0.0010611597124153235,-0.0005873726763539011,-0.0007409310909769828,-0.0006911252788973787,-0.016109459515233404,-0.033143309600895475,0.008245506312703346,0.0003557300494466255,0.0033393262120946774,-0.0005877063451004424,9.960847067800364
1781531072.4327464,0.05417670604524956,0.8018266448121083,0.31534178152743453,-0.2593994652362291,0.025256244979650955,-0.03154015566621743,0.05929451873631175,0.8106476324091352,0.31301242860730527,-0.2594313984338541,0.02545414161174464,-0.031594101358915966,-0.0002648179668740794,0.0009982329688394953,-0.0010255769817920403,0.00042833865412172196,-5.838472081645934e-05,-0.0005335717223950366,-0.01682669416121234,-0.03450115240005971,0.010647850233122962,0.0025973531999655855,0.0016758762007041488,7.356723271429702e-06,10.460770237139037
1781531072.442761,0.05389803730306393,0.801420581101561,0.3154529559047199,-0.2593266602662053,0.0253028198143872,-0.03154546421616003,0.05929451873631175,0.8106476324091352,0.31301242860730527,-0.2594313984338541,0.02545414161174464,-0.031594101358915966,-0.0001393803483259289,0.0009962993173945388,-0.0009840170192557131,0.0011776505757596723,0.0004546245548148161,-0.0004009181922469525,-0.016940486433456654,-0.034452177914147585,0.012540856355360232,0.004738663747532415,0.0013111535648517383,-5.796295273998861e-05,10.964335875073356
1781531072.4527144,0.05361707122003254,0.8010127250048168,0.3155659864800251,-0.25926649490013937,0.02534168511077839,-0.03154946382260988,0.05929451873631175,0.8106476324091352,0.31301242860730527,-0.2594313984338541,0.02545414161174464,-0.031594101358915966,-3.691630530568282e-05,0.0009821229099647299,-0.0009381853023374418,0.0017068480791616342,0.0008265624007947087,-0.0002905521657022821,-0.017209136504308446,-0.03477541893718194,0.009618315597862144,0.0014470291876914165,0.00017395899799347466,0.0006677051231398808,11.471072696100551
1781531072.462763,0.053334075850760505,0.8006033403729973,0.31568060881703586,-0.2592174467823711,0.025373709935425648,-0.031552373750279736,0.058461999826423194,0.8089482019791283,0.313494413272395,-0.25935600991782654,0.025593358803640553,-0.03160887542069597,4.58068445998055e-05,0.0009582979761939742,-0.0008895050700767742,0.002056635986939917,0.0010826188280812661,-0.00019990618107504712,-0.01677774458527607,-0.03328562282529317,0.009877149544971452,0.0029348951752130713,-6.027542046074656e-07,0.00017623098770883574,10.035525421474611
1781531072.4727921,0.05298688007463532,0.8001894062875479,0.3158201986569898,-0.2591215344068982,0.02538167200465824,-0.03158748294334826,0.058461999826423194,0.8089482019791283,0.313494413272395,-0.25935600991782654,0.025593358803640553,-0.03160887542069597,-1.0571598886510185e-06,0.000709602364363878,-0.0006344957959979877,0.0028888454718807998,0.001147069225079782,-0.000526170827540441,-0.018124806852382356,-0.03334671822187825,0.011200482377763731,0.004261519394465788,-0.00038249546430960775,0.000861198278685063,10.587857003117323
1781531072.4827585,0.05264134648892178,0.7997933688171813,0.31594588096375087,-0.2592277187888397,0.025305385419192916,-0.03148455562923709,0.058461999826423194,0.8089482019791283,0.313494413272395,-0.25935600991782654,0.025593358803640553,-0.03160887542069597,-6.530403111432799e-05,0.0005413335356247472,-0.0005568870738463484,0.001386214673833222,-7.151864156988686e-05,0.00040362667571885644,-0.018646886851861597,-0.03358606536805873,0.009947079682342382,0.0029356911100688874,-0.0012153879022940963,0.0006631971602836273,11.122080261363527
1781531072.492731,0.05263572595812771,0.799781358385974,0.3159574087365861,-0.2593183175806356,0.025241200038874867,-0.031398353374777865,0.058461999826423194,0.8089482019791283,0.313494413272395,-0.25935600991782654,0.025593358803640553,-0.03160887542069597,-0.00011605222608466181,0.0003993925919598115,-0.00048752855063106986,0.00022239830533337117,-0.0009826004475142766,0.0010892507854002205,-0.01887762760119787,-0.03402125574911641,0.007557205571797708,-0.00031765155553437454,-0.0028880876507489024,0.0003884571787821915,11.137451921618494
1781531072.502732,0.052291934714483006,0.799388139505057,0.31607999522045516,-0.25939475746280394,0.025187836845320888,-0.03132704343956681,0.058461999826423194,0.8089482019791283,0.313494413272395,-0.25935600991782654,0.025593358803640553,-0.03160887542069597,-0.00015532101500442027,0.00028038550347342085,-0.0004256719085383774,-0.0006556986692932267,-0.0016383413730201193,0.0015731549590682,-0.020376375564407793,-0.033450710458567776,0.007806141493153034,0.0001850363896709999,-0.0005989845582594958,-0.00011742003277382017,11.668321730388714
1781531072.5127356,0.051948852783621095,0.7989961023759826,0.31620125159582213,-0.2594584952236528,0.02514404163072559,-0.03126884473827886,0.05752140653726001,0.8072781724217466,0.31395322052180796,-0.25925601433264184,0.025573310543088423,-0.03159280261027626,-0.00018487686951214119,0.00018129703885508985,-0.0003706213616668122,-0.0012956795829622701,-0.0020848159521968447,0.0018926701836892042,-0.021283353565239357,-0.03296337321270996,0.008569729385228698,0.0016244483776574248,-0.0003054939305578912,-0.0007026401230442036,10.232286317821126
1781531072.5227733,0.05160638451057763,0.7986051274281898,0.3163213139375781,-0.25951097030269604,0.025108613071644248,-0.03122206366269159,0.05752140653726001,0.8072781724217466,0.31395322052180796,-0.25925601433264184,0.025573310543088423,-0.03159280261027626,-0.0002062609383551237,9.94542621709258e-05,-0.00032173211163765894,-0.0017397299615561207,-0.0023622741286989327,0.002080267393999488,-0.022215682756278235,-0.033164499243402604,0.009445845760796798,0.001818472279554806,-0.0034889800780034904,0.00037927524350049504,10.761833554846154
1781531072.5327766,0.05160364702346656,0.7986168518373774,0.3162790571240459,-0.2595622657067803,0.025144017290192222,-0.031244235909597823,0.05752140653726001,0.8072781724217466,0.31395322052180796,-0.25925601433264184,0.025573310543088423,-0.03159280261027626,-0.000206897877922799,0.00017261716497193785,-0.000573938742952038,-0.0021038886148857963,-0.0016689360933494967,0.0017184902108682066,-0.022725372700050057,-0.03465671982412517,0.006934387336914252,-0.0012653886249878949,-0.0008803260153296721,-0.0013520146389850425,10.744666948240889
1781531072.5428045,0.0512624355105514,0.7982441623955384,0.3163556317611981,-0.2596035258877557,0.025174870540480843,-0.03126480431888759,0.05752140653726001,0.8072781724217466,0.31395322052180796,-0.25925601433264184,0.025573310543088423,-0.03159280261027626,-0.00020478758971636602,0.00022916314434937802,-0.0007691310688211886,-0.002319148974914474,-0.0011037528984929675,0.0014003908217366102,-0.023623503559660964,-0.0348508927082727,0.007963437298229464,-0.000482114760085587,-0.0020453942710134676,-0.0007157225990528189,11.249872676166417
1781531072.552767,0.050921608701342214,0.7978698900330333,0.31643768931609456,-0.25963613763295673,0.025201469332918336,-0.031283607863345664,0.05752140653726001,0.8072781724217466,0.31395322052180796,-0.25925601433264184,0.025573310543088423,-0.03159280261027626,-0.00020049864030336623,0.0002716530087513242,-0.0009160805560091412,-0.0024169531837213505,-0.0006500636857146433,0.0011237230281712822,-0.02394931441967887,-0.034959658726256455,0.009397536762578998,0.0003154364514560695,-0.004395043020490389,0.0013861958341104246,11.75779291238545
1781531072.56277,0.05058111976470246,0.7974942500895523,0.3165245394148622,-0.2596613767239834,0.025224152320172832,-0.0313005742231008,0.0563644723277123,0.8055502003751255,0.3143657682680274,-0.25925467251786,0.025505580156167218,-0.03161475382157215,-0.00019451506550926718,0.0003023206116975136,-0.0010224399882925918,-0.002424074728618934,-0.0002923328179297392,0.0008856702208145856,-0.02378240555020686,-0.03590449020552536,0.008472871444888206,-0.0017249516135547803,-0.0041019499742934,0.0018172712603445717,10.149177047234172
1781531072.5727456,0.05024092616875419,0.7971174314784849,0.3166155669383526,-0.2596804008582999,0.02524328044414137,-0.031315699526655666,0.0563644723277123,0.8055502003751255,0.3143657682680274,-0.25925467251786,0.025505580156167218,-0.03161475382157215,-0.00018724690892385417,0.0003231090308769264,-0.0010948671322389505,-0.002363056203487884,-1.629308298104848e-05,0.0006830653770281431,-0.024182215179250163,-0.03562669360864697,0.008811144705067518,-0.0010600099120879663,0.0014708630722650813,7.330815641489651e-05,10.661660418623178
1781531072.5827768,0.05009799906907687,0.7969125196028429,0.3166483514753473,-0.2597084327833489,0.025267162734537107,-0.031327306513274755,0.0563644723277123,0.8055502003751255,0.3143657682680274,-0.25925467251786,0.025505580156167218,-0.03161475382157215,-0.0010917080387392228,-0.0010121333783785803,-0.0008137736168540965,-0.0024080201354862427,0.0002698743637566535,0.0005530223075761406,-0.024922238253615395,-0.034830633313552996,0.010004229191722443,3.15969615281018e-05,0.00011883319217387013,0.0018872865890983052,10.912763276246368
1781531072.592748,0.04976769379487392,0.7965644787150593,0.3167654273360908,-0.2596278031760557,0.02529473177089714,-0.031337714110108134,0.0563644723277123,0.8055502003751255,0.3143657682680274,-0.25925467251786,0.025505580156167218,-0.03161475382157215,-0.0009640076147696069,-0.0007185733457817602,-0.0007053380787278639,-0.0012621551616524489,0.0005608127200937359,0.0004601552927726394,-0.02464250090512798,-0.03641455937128919,0.009155215154915599,-0.002565762371946935,-0.004608816800649727,0.0030007937391472814,11.402589372876603
1781531072.602777,0.04943667953322604,0.7962119210108546,0.316882284744783,-0.25955883493494386,0.02531731375401236,-0.03134674182265047,0.0563644723277123,0.8055502003751255,0.3143657682680274,-0.25925467251786,0.025505580156167218,-0.03161475382157215,-0.0008492781875402426,-0.00047380617905638735,-0.0006093515903064574,-0.0003690480819007688,0.000763450453508935,0.0003779812676158643,-0.02457004642041765,-0.03557559548083626,0.009250165252999798,-0.0031863412787995473,-0.002926068985710755,0.001944507586911373,11.896664644608835
1781531072.612747,0.049104997860049675,0.795855363299292,0.3169989317726902,-0.2595004919934012,0.025335540894778408,-0.03135448896833863,0.055134612452969356,0.8037780847783029,0.31483625371058627,-0.25932757609850327,0.02540699689388015,-0.03151696690483609,-0.0007464152665909421,-0.00027131006361794384,-0.0005245751110322975,0.00031022913088472653,0.0008943811631180758,0.00030606751538906295,-0.024190850876456563,-0.03409903358331447,0.009107000824902189,-0.00330274399686831,-0.003190868874643388,0.0015355929031987696,10.188372989512954
1781531072.6227431,0.04873290090654287,0.7955319802189579,0.3171069989438173,-0.2594517072201363,0.025350006101063638,-0.03136106491678993,0.055134612452969356,0.8037780847783029,0.31483625371058627,-0.25932757609850327,0.02540699689388015,-0.03151696690483609,-0.0006543818359496127,-0.00010531384467173666,-0.00044987193021277065,0.0008106970778814215,0.0009680005902943526,0.0002438092023060732,-0.0247149788905176,-0.03412269347973534,0.008976570133157998,-0.003688783885705796,-0.006273064249626621,0.0030046211293526487,10.683465497746631
1781531072.6327827,0.048372109730375555,0.7952058948740478,0.3172193070842942,-0.259368984664747,0.02535937790523124,-0.031438305349536025,0.055134612452969356,0.8037780847783029,0.31483625371058627,-0.25932757609850327,0.02540699689388015,-0.03151696690483609,-0.0004762441647164802,5.383317188557978e-05,-0.0003452488033448359,0.001646533038561433,0.0011778115067228665,-0.000571321612508915,-0.026232898327057243,-0.034708139244676174,0.010678666814214857,-0.000709606100674058,-0.00712683424313531,0.004042395979220169,11.175545902086517
1781531072.6427767,0.04800906573931295,0.7948771252578,0.3173307760256745,-0.25930090032068454,0.0253663548476184,-0.031502485959300636,0.055134612452969356,0.8037780847783029,0.31483625371058627,-0.25932757609850327,0.02540699689388015,-0.03151696690483609,-0.00032720552767023716,0.0001809100031304263,-0.00025688551307078116,0.002227729624622838,0.0013027725604531572,-0.001166430459854046,-0.026617742446191913,-0.03468363324503019,0.00958825256860379,-0.00047304889362461344,-0.0006188804059460849,0.0005668149459017451,11.671466828749722
1781531072.6527927,0.048022820891532335,0.7948917764021055,0.31733729817146966,-0.2592456474433985,0.025371345345020613,-0.031555124755108674,0.055134612452969356,0.8037780847783029,0.31483625371058627,-0.25932757609850327,0.02540699689388015,-0.03151696690483609,-0.00020341528489369764,0.0002806315581286299,-0.000182694835687518,0.0026022238395200085,0.001360738777296288,-0.0015803951580824034,-0.02648515300315864,-0.033253891450213194,0.008320140843726254,-0.0005227355979190097,0.0024737856131441236,-0.0006931202911870928,11.653294777251569
1781531072.6627681,0.04765603175297949,0.7945585587861996,0.3174473437126996,-0.25920152110209177,0.02537471004131553,-0.03159767498296244,0.05388221457631759,0.8021209115566874,0.31530027292802176,-0.2593857553754144,0.025353186180933962,-0.031482667386581925,-0.00010146232324953337,0.0003571294584208095,-0.00012082162264727685,0.0028115914603009597,0.0013669219504913056,-0.0018473037974048485,-0.02619900452339253,-0.03246469799309493,0.009074587885941463,0.0013469655072105892,0.0019585819842142583,-0.0005287710339083873,10.028182533707277
1781531072.6727679,0.04728767704803141,0.7942235199329046,0.3175567676378114,-0.25916693931251966,0.025376763872610786,-0.03163150160392844,0.05388221457631759,0.8021209115566874,0.31530027292802176,-0.2593857553754144,0.025353186180933962,-0.031482667386581925,-1.83315921660843e-05,0.00041401472614156326,-6.962053572194619e-05,0.0028915039201222207,0.001334137051322303,-0.0019967226403478943,-0.026293969306730478,-0.032580465598575206,0.009441474103666749,0.0007771226044387939,-0.0012121596797397926,-0.00010916204378761788,10.533208820045184
1781531072.6827698,0.04691605925796923,0.7939255172572335,0.3176068861223609,-0.2591465844378541,0.025386157248030505,-0.03165543217523721,0.05388221457631759,0.8021209115566874,0.31530027292802176,-0.2593857553754144,0.025353186180933962,-0.031482667386581925,3.544973830584255e-05,0.0007016866699053353,-0.00040436844432433324,0.0028046152383683193,0.0013546316942773487,-0.0020049065832852034,-0.027463434432575436,-0.0336026861469158,0.008592372524775883,-2.7932950668379494e-05,-0.0011884515189877476,0.00033740911480363377,11.00055780727388
1781531072.6927695,0.04654348974859916,0.79362048093455,0.31766505862553795,-0.2591319868491459,0.025393328591332587,-0.03167346118269937,0.05388221457631759,0.8021209115566874,0.31530027292802176,-0.2593857553754144,0.025353186180933962,-0.031482667386581925,7.817476233566885e-05,0.0009237309005081957,-0.0006679713194338099,0.002662742422646259,0.0013329069354790415,-0.0019561594337696485,-0.02778006260738818,-0.033975868600919036,0.007027016462269617,-0.001778906754254463,0.0011227760444861448,-0.00046490847494779977,11.476341501276448
1781531072.7027547,0.04617007706418396,0.7933092774094028,0.3177302768959209,-0.25912210250813833,0.02539863860301117,-0.031686574894954356,0.05388221457631759,0.8021209115566874,0.31530027292802176,-0.2593857553754144,0.025353186180933962,-0.031482667386581925,0.00011148271095177671,0.0010902774390664934,-0.0008711207556392126,0.002483555334414922,0.0012801434622565083,-0.001866089925797224,-0.026706630392468986,-0.03295838915593107,0.009292656833585582,0.0014201484159272028,0.0002542218279713293,-0.0011652954611133214,11.959384626127555
1781531072.7127144,0.04579591795222593,0.7929926796918131,0.31780164109142994,-0.2591160201614253,0.025402408549883182,-0.031695646814650966,0.05253567541478871,0.800492444896897,0.31572867786180814,-0.2593543057561546,0.02543479926357395,-0.03151911171418553,0.00013680883872180437,0.001210161606675749,-0.0010231656844873825,0.0022813147876694557,0.0012055681520881094,-0.001747524301047473,-0.026752283837199485,-0.03129163820714212,0.010082829866623729,0.003532931227205875,0.0035989290772447387,-0.002185150041573394,10.294075254092602
1781531072.7227697,0.04579994105769202,0.7930171149487023,0.31777419385979794,-0.2591129529834873,0.02540492134047212,-0.0317014420488701,0.05253567541478871,0.800492444896897,0.31572867786180814,-0.2593543057561546,0.02543479926357395,-0.03151911171418553,0.00015540646725428054,0.0012910674215245337,-0.0011322587232269806,0.002067336957224536,0.0011166914058734184,-0.0016108528745679817,-0.02771653416896187,-0.03128664750821258,0.0081351886629172,0.0012307751133585193,0.0019950698574276887,-0.0010656562813981672,10.268145444128699
1781531072.732712,0.04543910939062529,0.7926990173757487,0.31786695723824,-0.2591619356657245,0.02541169926631026,-0.03164068655102696,0.05253567541478871,0.800492444896897,0.31572867786180814,-0.2593543057561546,0.02543479926357395,-0.03151911171418553,0.00024306312165956893,0.0013674550820120003,-0.0011444622561163128,0.0012900851194705561,0.0008961795708927628,-0.0007751188792252518,-0.02915914981355983,-0.03181121000565137,0.010585820592886312,0.003925400757626896,-0.003951409581042164,0.0011822864102137055,10.755045353431862
1781531072.7427692,0.045075614853725854,0.7923762024273014,0.3179620517856634,-0.2592042964106348,0.02541679003582309,-0.031588687260190595,0.05253567541478871,0.800492444896897,0.31572867786180814,-0.2593543057561546,0.02543479926357395,-0.03151911171418553,0.0003103516739039982,0.0014114500006721475,-0.0011397574258481973,0.0006724013714861255,0.000706428438191741,-0.0001277161727188873,-0.029728945390427117,-0.032508978891284734,0.008547900429856013,0.0014046202922011657,0.0014069495884011592,-0.0011909502965510175,11.24783776926695
1781531072.7527697,0.04470977426017142,0.7920492963164183,0.31805911976390405,-0.25924053607394393,0.025420476958403215,-0.03154467194525279,0.05253567541478871,0.800492444896897,0.31572867786180814,-0.2593543057561546,0.02543479926357395,-0.03151911171418553,0.00036043664628655325,0.001428883435566816,-0.0011215386305611177,0.00019118481169016902,0.0005449188151780838,0.0003608554972340536,-0.028395398956604912,-0.03145659572322003,0.007160996091716012,0.0005393182030288237,0.0009921939897275707,-0.0014934551682027784,11.745741623793863
1781531072.762769,0.044306240548070794,0.7917593639150761,0.31814834514410667,-0.2592711974692016,0.025423010790428302,-0.031507843485392456,0.051022708571227426,0.7988163484085471,0.31623072935596097,-0.25920736896474705,0.025427249433605414,-0.03155629663242096,0.0003960764191742028,0.0014247731250825102,-0.0010927020376080808,-0.00017460889737375368,0.0004089902211632493,0.0007170472108883858,-0.026132856109231866,-0.02897098525015466,0.006261210917454875,0.0012021449019890512,-0.0027796605881237947,-0.0005553848254377544,9.929210600955233
1781531072.772727,0.04431530145724207,0.7917716928443276,0.3181442423144117,-0.259296839990714,0.025424611035125055,-0.031477407924238365,0.051022708571227426,0.7988163484085471,0.31623072935596097,-0.25920736896474705,0.025427249433605414,-0.03155629663242096,0.0004196683816147581,0.0014034201560110054,-0.00105570715066266,-0.0004439071041775792,0.00029594910962773977,0.0009643013932045966,-0.026700760290497765,-0.02855668870238726,0.007342889453260483,0.002047821157428077,-0.0014299648340266465,-0.00047709937558236407,9.91352682214504
1781531072.7827842,0.04389801919172989,0.7914626804200725,0.31823578766898,-0.2593375135782302,0.025366244964180495,-0.03139456606409173,0.051022708571227426,0.7988163484085471,0.31623072935596097,-0.25920736896474705,0.025427249433605414,-0.03155629663242096,0.0003525886430986079,0.0012666344028233723,-0.0010347135636149876,-0.0008621083677546259,-0.0005842572961630983,0.0015695064885979857,-0.0283409337752185,-0.03027836335411642,0.007454567519515006,7.553007163848443e-05,5.1624962664520736e-05,-0.0009903939825385128,10.43349847738751
1781531072.7927713,0.04348086294822623,0.7911533167951357,0.31832822660369153,-0.2593709747108639,0.02531730517637265,-0.03132641819439136,0.051022708571227426,0.7988163484085471,0.31623072935596097,-0.25920736896474705,0.025427249433605414,-0.03155629663242096,0.0002942711738250179,0.00114077692853351,-0.0010047496040905524,-0.0011518579849381266,-0.0012277728808726327,0.001980002541453668,-0.02796320565301462,-0.03058364734850189,0.008514045008807602,0.000551074480580917,-0.0032252281002056265,-0.00017577489866943627,10.954496045622658
1781531072.8027744,0.04306383238345353,0.7908437166251759,0.31842139872716424,-0.2593981149651284,0.025276767172467407,-0.03127114576635452,0.051022708571227426,0.7988163484085471,0.31623072935596097,-0.25920736896474705,0.025427249433605414,-0.03155629663242096,0.00024372676060384802,0.0010252871251368106,-0.0009679641441654879,-0.0013374309377346258,-0.001676329411843222,0.0022333737999407468,-0.027935699610154918,-0.02953376966073254,0.006070063790921081,-0.002985860842326133,-0.0006694228949063394,0.0008668405015890736,11.476306026743204
1781531072.812772,0.043061265070940415,0.7908393725735496,0.31842048277790597,-0.25941977559961915,0.025243633505273477,-0.03122703368981765,0.0496496595884201,0.797381757600224,0.3166178589149295,-0.2591701815461208,0.02541345630493952,-0.03156674485043609,0.00020006279713124443,0.0009195835826611607,-0.0009261686759870447,-0.0014398674886456381,-0.0019665316168153125,0.002362081679891724,-0.02654086473649356,-0.026748049781499045,0.006526139003487839,-0.0007024605758336029,0.004585004043997411,-0.001555939889407899,9.458287209985833
1781531072.8227232,0.04264448452261445,0.790529593778715,0.3185147495342447,-0.259436737109491,0.025216954271856107,-0.03119249135000232,0.0496496595884201,0.797381757600224,0.3166178589149295,-0.2591701815461208,0.02541345630493952,-0.03156674485043609,0.00016247554074620116,0.0008230755589276203,-0.0008808808987086723,-0.0014772082441845468,-0.0021301407428065415,0.0023938607050507108,-0.027989932714536384,-0.027371494074640464,0.007601099763339885,-0.0002601067829042476,0.00013611442081011132,0.002230196668750779,9.981123221412908
1781531072.832747,0.042203069742964415,0.7902263144917182,0.3185729212569528,-0.259495063048959,0.02523636715198574,-0.03125439467602538,0.0496496595884201,0.797381757600224,0.3166178589149295,-0.2591701815461208,0.02541345630493952,-0.03156674485043609,-4.978492669451776e-06,0.0007948449034150856,-0.0010712317714189903,-0.0019357956261557448,-0.0015196623035335713,0.0015339330189375827,-0.029274728232722865,-0.02945993323806416,0.008724930987695258,-9.907127225567894e-05,0.0021507831390015133,0.0007269135212345282,10.510677198292438
1781531072.8427176,0.04176544627210588,0.7899223010101932,0.31863677159851,-0.25954238676814173,0.025253679933787465,-0.03130818100429071,0.0496496595884201,0.797381757600224,0.3166178589149295,-0.2591701815461208,0.02541345630493952,-0.03156674485043609,-0.00013934301241674458,0.0007621105991042431,-0.001210466747346067,-0.0022264129828959644,-0.001020645347011778,0.0008476374844638128,-0.029632257714717718,-0.030070282355251502,0.006929748316936412,-0.003138498139008082,-0.0009951635621992592,0.002094764846924044,11.039942058707664
1781531072.8527727,0.04133117659674379,0.7896176922174889,0.31870556985262793,-0.2595801713963427,0.025268945607088922,-0.031354413211901924,0.0496496595884201,0.797381757600224,0.3166178589149295,-0.2591701815461208,0.02541345630493952,-0.03156674485043609,-0.0002454416240668274,0.0007261756633228949,-0.0013069030051495129,-0.002383220759637507,-0.0006188043776447901,0.00031022264671624574,-0.028210254722776315,-0.028854390517458493,0.007264994150161535,-0.0026359440885219323,-0.0038657831036285548,0.0023790846940780104,11.56876862546656
1781531072.8627748,0.04089986378461537,0.7893126044406489,0.3187786685054495,-0.2596097743268503,0.025282259858421696,-0.03139371981832137,0.04819178098609994,0.7959220696836746,0.31699794445096996,-0.2592523996421914,0.025374794211993956,-0.031481564888637625,-0.0003275047464264253,0.000688126678649589,-0.0013677596557769333,-0.002435477039971193,-0.00030077522843063013,-0.00010093174844115499,-0.027706328512442785,-0.026437245848518885,0.008222778781480167,-0.00042147415502227976,-0.0014113680058000936,0.0013118034348073974,10.00140317306897
1781531072.8727648,0.04047114894485147,0.7890071349421115,0.3188554946490155,-0.2596324365774658,0.025293747741545802,-0.031426761329739844,0.04819178098609994,0.7959220696836746,0.31699794445096996,-0.2592523996421914,0.025374794211993956,-0.031481564888637625,-0.0003892330001916409,0.0006488627115524168,-0.0013992828374313985,-0.0024079658384891993,-5.425000633066011e-05,-0.0004062300513305042,-0.02793218721073611,-0.026170291060805654,0.007913819946543324,-0.0008438598497204231,-0.005055127680046025,0.0031024010612917974,10.529718625618083
1781531072.8827703,0.040058824376893024,0.7886928094049486,0.3189532099393168,-0.2595681811870617,0.025355039582885208,-0.03145140573247615,0.04819178098609994,0.7959220696836746,0.31699794445096996,-0.2592523996421914,0.025374794211993956,-0.031481564888637625,-0.0003462446727502501,0.0005588002705195994,-0.0012568660740534172,-0.0014370864752466727,0.0006677058207619741,-0.0004500582540428939,-0.031172461210225686,-0.026933999773608313,0.008699461829976182,5.379615256132866e-05,-0.0016282933831699622,0.0030338455242900847,11.055779055079253
1781531072.8927424,0.03964642546781453,0.7883794992456361,0.3190512500592407,-0.25951280448492675,0.025406105981578664,-0.03147157313882534,0.04819178098609994,0.7959220696836746,0.31699794445096996,-0.2592523996421914,0.025374794211993956,-0.031481564888637625,-0.00030734752603917936,0.0004794199939931656,-0.001126611950605214,-0.0006703036354798416,0.0011903677788724424,-0.0004705716035625172,-0.03054840827965214,-0.027540987256602995,0.007737238486800095,-0.0005493280248712527,0.00304520395771431,-0.0019548573518444194,11.581430553589636
1781531072.9027724,0.0392028480543785,0.7881109585295736,0.31913897963354837,-0.2594655958135215,0.025448112653067012,-0.03148783471929985,0.04819178098609994,0.7959220696836746,0.31699794445096996,-0.2592523996421914,0.025374794211993956,-0.031481564888637625,-0.00027222753572426274,0.0004096209010470495,-0.0010077721199563767,-7.743205710015262e-05,0.0015493984482204477,-0.0004730560015302497,-0.029921307355252766,-0.027798898655316474,0.007106917277857674,-0.0005352957572246238,-0.0027430507086644114,-0.00052136285919296,12.099520832072095
1781531072.912771,0.03875918147129037,0.7878432512208058,0.3192268790399395,-0.2594257991886041,0.02548218108723499,-0.031500725213681274,0.04672740567725103,0.7945790512384477,0.3173742564801185,-0.259300971963977,0.025280068989503857,-0.03144741235781186,-0.00024058475109405052,0.00034839775042798697,-0.0008996011984423218,0.000368905409247518,0.001775997743359966,-0.0004619650993459927,-0.02973013050683256,-0.027344160337962612,0.00606195325939265,-0.002681935477657743,-0.00033532781882830275,-0.0012376986687145778,10.596971700598266
1781531072.9227688,0.03876091306884045,0.7878377226000913,0.3192306374708817,-0.2593926453451726,0.025509368929011123,-0.031510737442201564,0.04672740567725103,0.7945790512384477,0.3173742564801185,-0.259300971963977,0.025280068989503857,-0.03144741235781186,-0.00021213432004364016,0.00029483489554893146,-0.0008013656261572811,0.0006932325191593426,0.0018971677981755362,-0.0004410071624481042,-0.030956688738953315,-0.028615088270291713,0.006024049656728952,-0.002855538882123001,-0.0004381781509427672,-0.0007891984982618945,10.59984276643063
1781531072.9327672,0.038317054949129674,0.7875714351933132,0.31931867282514764,-0.2593653761126012,0.025530657025500503,-0.03151831934357484,0.04672740567725103,0.7945790512384477,0.3173742564801185,-0.259300971963977,0.025280068989503857,-0.03144741235781186,-0.00018660712058950663,0.0002481002161874731,-0.0007123506299402569,0.0009172638078913415,0.0019360263475278394,-0.0004132305330862361,-0.034041712800048744,-0.028779483907873667,0.007192058077941635,-0.0013499453984736887,-6.90585335286058e-05,0.0003631687547427059,11.1185177487314
1781531072.9427123,0.03831807700708553,0.7875803174134225,0.31931268196996104,-0.25933285992309063,0.025468287775475495,-0.03145652418262143,0.04672740567725103,0.7945790512384477,0.3173742564801185,-0.259300971963977,0.025280068989503857,-0.03144741235781186,-0.00018360007948625267,0.0002782816667796332,-0.0007086626277039856,0.001155238450023876,0.000893741008086907,0.00010912150384019922,-0.03536230587810596,-0.028977296718002275,0.0063734185726076606,-0.002800301812052457,0.007042879640512578,-0.002394314247552066,11.11110153027553
1781531072.9527123,0.03787354043575904,0.7873262877073184,0.31939217873868514,-0.2593065724093147,0.02541501008483893,-0.03140443664987819,0.04672740567725103,0.7945790512384477,0.3173742564801185,-0.259300971963977,0.025280068989503857,-0.03144741235781186,-0.00017885970819102879,0.0002989844137417698,-0.0006967225234747288,0.0013019205782485237,8.832999420795137e-05,0.0004975205218684577,-0.03424457665071985,-0.027535100284868472,0.009005640194435522,0.0012462977454703436,-0.00014131018271742348,0.00030138812164214913,11.621769176618452
1781531072.9627206,0.037428929010862026,0.7870709670120032,0.3194727295063474,-0.2592856708068815,0.025370003030968258,-0.031361048236105485,0.04672740567725103,0.7945790512384477,0.3173742564801185,-0.259300971963977,0.025280068989503857,-0.03144741235781186,-0.00017278793127080896,0.0003118155870842416,-0.0006783091465580244,0.0013761857777794537,-0.0005175533692132038,0.0007749202154532719,-0.033637912461352754,-0.026900406683476902,0.007457452917268849,-0.0008525049701686811,0.0027105132154651487,-0.00020639648612525913,12.13410837715638
1781531072.9727836,0.036984239198729583,0.7868145288883767,0.3195541686114971,-0.2592693763443157,0.02533242506749711,-0.03132536523486169,0.045044014780420305,0.7931614141656886,0.31773886306465154,-0.25937268771703514,0.025385323777862734,-0.03148566300081021,-0.00016572427323842943,0.00031816508846218774,-0.0006549325163009436,0.0013941589966808396,-0.0009573531595191014,0.0009615576974881876,-0.03262853956945234,-0.02702165330114913,0.00805598240595045,0.0016508408559883243,0.002563503830898923,-0.0008091179532637488,10.418170155021743
1781531072.9827437,0.036510916356623256,0.7865622632369267,0.31962225481937034,-0.25923814075477136,0.025411888851378794,-0.03139287606767287,0.045044014780420305,0.7931614141656886,0.31773886306465154,-0.25937268771703514,0.025385323777862734,-0.03148566300081021,-0.00031682682543839285,0.0003728299002688361,-0.0006894393171950729,0.0016012436446378303,0.00017470084809039887,0.0003668100606481899,-0.03376250826054204,-0.02829200376747301,0.007065641212587295,-0.0007294241407302156,-0.0008466471271418266,0.0006179611958020315,10.95032995815789
1781531072.9927187,0.03604173728988592,0.7863085758975186,0.3196931996504365,-0.25921335039053683,0.02547848510250672,-0.031449942095673464,0.045044014780420305,0.7931614141656886,0.31773886306465154,-0.25937268771703514,0.025385323777862734,-0.03148566300081021,-0.0004341133800445242,0.00041198921017729666,-0.0007084045543468963,0.0017125766908677607,0.0010181246273682984,-8.886141660960714e-05,-0.034872484162751204,-0.028520656883674025,0.006427919748721641,-0.0005704937212295709,-0.0032316869274375253,0.002684510638753962,11.481368552433803
1781531073.0027745,0.03602168602432142,0.7863151054804776,0.31968241947827897,-0.25919406704185743,0.025533616944648507,-0.031497620481775554,0.045044014780420305,0.7931614141656886,0.31773886306465154,-0.25937268771703514,0.025385323777862734,-0.03148566300081021,-0.0005227672199211412,0.000438204931228043,-0.0007146531325671482,0.001749118332650121,0.0016222017233946675,-0.0004278532050720738,-0.034038540115593395,-0.02740909715381035,0.007409319467958367,0.001198619608717382,-0.000907784999208083,0.0007890130324993849,11.491378086603794
1781531073.0127158,0.03555933692832728,0.7860591009515989,0.31975794504346977,-0.25917943714805086,0.02557864957309164,-0.031536960195794383,0.045044014780420305,0.7931614141656886,0.31773886306465154,-0.25937268771703514,0.025385323777862734,-0.03148566300081021,-0.0005873121509619632,0.0004536977068423649,-0.0007106139425769187,0.0017286207021838431,0.0020304099551547057,-0.0006701404808277273,-0.03146266012406357,-0.02545605937149137,0.006270431044509448,-0.0003590565997590354,-0.002432984375986196,0.0006830351722807305,12.01992757824297
1781531073.0227728,0.03509976305723714,0.785802174277703,0.3198352892267655,-0.2591686939235916,0.025614882385171178,-0.031568975371622066,0.04335211983812898,0.7917879391739514,0.3180942245772967,-0.25936643846763796,0.02539442618215859,-0.03143672602884583,-0.0006316852474400074,0.00046038608054669,-0.0006983671891065452,0.001665946282111347,0.0022806870614951154,-0.0008333373456688798,-0.031467414961589404,-0.023999677853943788,0.00690182532803406,0.0006783221097164414,0.003630060748269678,-0.0005412570324067693,10.342247335367716
1781531073.0327656,0.03466501538702947,0.7855379371674351,0.31992156522672877,-0.2592331185768472,0.0255879379692574,-0.03158965683649717,0.04335211983812898,0.7917879391739514,0.3180942245772967,-0.25936643846763796,0.02539442618215859,-0.03143672602884583,-0.0005141066860505153,0.00041205189170578845,-0.0006665735410755128,0.0007866231593407011,0.001804939735480529,-0.0010359282517725128,-0.031164362893557868,-0.02383380087184096,0.007081391216266675,0.0011283878722699809,0.0015680390754506035,-0.0010842772029486508,10.856679173432225
1781531073.0427527,0.034229087520806,0.7852739439483654,0.3200079355472388,-0.2592879931543553,0.025563915986385632,-0.03160570608323987,0.04335211983812898,0.7917879391739514,0.3180942245772967,-0.25936643846763796,0.02539442618215859,-0.03143672602884583,-0.00041320351993646634,0.0003680293867033349,-0.0006326042904320632,0.00010624736799717371,0.0013990682737222494,-0.001159371110605205,-0.033799803828266646,-0.025507122866655314,0.008518725760119033,0.0024057000170761185,-0.005320340383422958,0.00020389414570938654,11.372077300931167
1781531073.0527742,0.0337658834316524,0.7850568911973765,0.32008286636344896,-0.25933421028970416,0.025542741619214215,-0.03161784533950028,0.04335211983812898,0.7917879391739514,0.3180942245772967,-0.25936643846763796,0.02539442618215859,-0.03143672602884583,-0.00032696545902560656,0.00032802599556610885,-0.0005973189493177888,-0.00040644100265627603,0.0010566632403196535,-0.0012201309153855272,-0.03672057628472485,-0.025423800476066502,0.009666635923759482,0.004294227975625368,0.002240036954360272,0.0003450454000229616,11.880977714710204
1781531073.062774,0.033773447541148936,0.7850547022911225,0.32008499526278844,-0.2593726757437471,0.025524280764321894,-0.03162672277961591,0.04335211983812898,0.7917879391739514,0.3180942245772967,-0.25936643846763796,0.02539442618215859,-0.03143672602884583,-0.00025359287464575753,0.0002917559247205982,-0.000561424187206838,-0.000779453803368033,0.0007711847610250733,-0.0012322604189163096,-0.03460901055436569,-0.025816004901478718,0.0061826387097000295,0.0003702114854126944,0.0009822902204199568,-0.001740657722214622,11.876472953509118
1781531073.072806,0.033308414566894075,0.7848380322285822,0.3201598359407923,-0.2594042803255747,0.025508358587998714,-0.031632913338446006,0.04164798705571815,0.7905351801265168,0.31848321139924307,-0.25927162736972315,0.02539343241780445,-0.031425669861427086,-0.0001914780545635566,0.0002589424418001476,-0.0005254950213636154,-0.001037602513455486,0.0005361743060143486,-0.0012076202301898305,-0.03574281756381117,-0.024461949385222222,0.005910815022638245,-0.0001746419645925424,0.0019176552876106444,0.0008214393914662541,10.238019013491693
1781531073.0827591,0.032842597709884694,0.784621532706844,0.32023459199845195,-0.25942987926311606,0.02549477454193627,-0.03163692133144254,0.04164798705571815,0.7905351801265168,0.31848321139924307,-0.25927162736972315,0.02539343241780445,-0.031425669861427086,-0.00013918772325666653,0.00022931959501151547,-0.0004899934961404357,-0.0012026215625097827,0.00034541112904659817,-0.0011561037482771441,-0.03481854594881182,-0.02447109436813206,0.006161650890359202,-0.0001385485364588583,0.0016280633569917095,-0.0005634251585830786,10.750508887452984
1781531073.0927694,0.032355776486590375,0.7844194579163504,0.32027911470920195,-0.2594473045748048,0.025447855601546054,-0.03162740728250474,0.04164798705571815,0.7905351801265168,0.31848321139924307,-0.25927162736972315,0.02539343241780445,-0.031425669861427086,-0.0002274321829064169,0.0002924182053639841,-0.0006543647797547147,-0.0012639952112962105,-0.0002140873211427868,-0.0010609409929512468,-0.03665043031211146,-0.025608771834953983,0.004729894144297223,-0.003266187357318153,0.0018983142254627417,-0.00142405235604953,11.268207670772409
1781531073.1027708,0.031871271334064,0.7842154306302127,0.3203278686335695,-0.2594607775213137,0.025408832104127255,-0.031618513222720995,0.04164798705571815,0.7905351801265168,0.31848321139924307,-0.25927162736972315,0.02539343241780445,-0.031425669861427086,-0.00029539066928518476,0.00033936684014060554,-0.000778026167101006,-0.0012753791109533532,-0.0006274410710419091,-0.0009606005228279913,-0.03793868769444464,-0.025096956177954537,0.007949050194919316,0.0005924778085952982,0.005215585599050981,-0.0025305105972873434,11.786694375872656
1781531073.1127229,0.03138878441037772,0.7840096976556408,0.320380320847929,-0.25947092032679914,0.025376792581022656,-0.03161032728273534,0.04164798705571815,0.7905351801265168,0.31848321139924307,-0.25927162736972315,0.02539343241780445,-0.031425669861427086,-0.000346203017924205,0.00037275582123858896,-0.0008674398273424441,-0.0012489963557182388,-0.0009199787618332815,-0.0008591265068019424,-0.03684127842031414,-0.024292819477202528,0.008957843963189148,0.0021476969063787413,0.005804792985339148,-0.002956309468387894,12.305778506708295
1781531073.1227787,0.030908051205048942,0.7838024795616537,0.32043599910333626,-0.25947829034194103,0.0253508629239263,-0.03160289607498769,0.03984244548532684,0.7893000155796083,0.3188127452655796,-0.25929090969504615,0.02548986765096961,-0.03147356593479449,-0.0003826070634660589,0.0003948364041133003,-0.0009282273698667042,-0.0011950389271624354,-0.0011139853937182872,-0.0007595802951443777,-0.032875941641442676,-0.021804741365727354,0.007921974254280066,0.0012331691273205774,-0.0030341965231798227,-0.0008652004822215612,10.615142789711387
1781531073.1327457,0.030915470331708356,0.7838165028655987,0.3204458803615034,-0.25949666676915983,0.025365275333280035,-0.0315961088295139,0.03984244548532684,0.7893000155796083,0.3188127452655796,-0.25929090969504615,0.02548986765096961,-0.03147356593479449,-0.00031387213930130625,0.0004571569386307366,-0.0008088041487667462,-0.0012671246026731311,-0.0008593870348745355,-0.000564690365003043,-0.033587923467894736,-0.022964466516624392,0.006765859531346763,-0.001109795056728079,-0.001813079393214568,-0.0023893374215489273,10.603156479066252
1781531073.142769,0.030450290171256753,0.7836135992690907,0.3205274455113511,-0.2595109514756985,0.02537829274208714,-0.031590101303202486,0.03984244548532684,0.7893000155796083,0.3188127452655796,-0.25929090969504615,0.02548986765096961,-0.03147356593479449,-0.0002547165088412892,0.0005013935479952566,-0.0007026860232821209,-0.0012864512117531212,-0.0006451024342661639,-0.00040320739704321557,-0.037598272120527444,-0.024735961356426313,0.005762631726552718,-0.0035388203899588536,0.0009221733024912867,-0.0016003741699346969,11.112520363670164
1781531073.152754,0.02998433136762552,0.7834087299138831,0.32060807226935173,-0.2595217793896192,0.025389908595743416,-0.03158484243182756,0.03984244548532684,0.7893000155796083,0.3188127452655796,-0.25929090969504615,0.02548986765096961,-0.03147356593479449,-0.00020400044009014068,0.0005305523449980266,-0.0006085934957480202,-0.001265718242456931,-0.00046688884836434616,-0.00027117572266935114,-0.037815187591763985,-0.02464919394798471,0.00530815213600861,-0.00330845681683422,-0.0019886703966474927,-0.0010648718364249694,11.623805736645558
1781531073.1627712,0.029517671412069055,0.7832021573995005,0.32068784910276316,-0.25952972086309595,0.025400156348117653,-0.0315802884450352,0.03984244548532684,0.7893000155796083,0.3188127452655796,-0.25929090969504615,0.02548986765096961,-0.03147356593479449,-0.00016070204898440316,0.0005472376074731083,-0.0005253470432539357,-0.0012155375246209344,-0.00032058003914341073,-0.00016482524085149257,-0.035561435224445506,-0.023047173088088006,0.006197352368025167,-0.0018268341551671418,-0.005968714230548663,0.0001730686679826114,12.136756092496208
1781531073.1727777,0.02905038199944191,0.7829941145256939,0.32076685789371306,-0.259535282251138,0.02540909851490447,-0.03157638725271014,0.038041581154141246,0.7881228201373938,0.31914839536977246,-0.25936037440794846,0.025442363416203317,-0.0315278156569293,-0.00012390700492551023,0.0005536980320954095,-0.0004518623456910042,-0.00114466620328979,-0.000202181115862258,-8.062811069434532e-05,-0.03456950493063813,-0.0206124384211333,0.005217477719259106,-0.0008383826735701612,0.0024512307066522237,-0.0022226725048710115,10.476865200638402
1781531073.1827722,0.02858841992642624,0.7827863413088678,0.3208150652480849,-0.2595511400176519,0.025340687847311694,-0.03151408056569019,0.038041581154141246,0.7881228201373938,0.31914839536977246,-0.25936037440794846,0.025442363416203317,-0.0315278156569293,-7.030948953936446e-05,0.0005519371508097041,-0.0005968614275109506,-0.001209717804240835,-0.0010765276902086596,0.00039371141463202716,-0.0348722655347304,-0.019928101774783446,0.006480340009702085,0.0004394295594487407,-0.0007500331631231636,-0.0014407139085359235,10.982625003511405
1781531073.1927738,0.028104008483174698,0.7826262405943853,0.3208546363147037,-0.2595633850778882,0.025284011050757726,-0.03146227792715299,0.038041581154141246,0.7881228201373938,0.31914839536977246,-0.25936037440794846,0.025442363416203317,-0.0315278156569293,-2.639195052390765e-05,0.0005435299584677885,-0.0007056999572120295,-0.001225344866308175,-0.0017021804771005801,0.0007383372764343025,-0.03962747608246783,-0.022302371374468843,0.006662475927365819,-0.0010155879266120534,0.004389758016756593,-0.0032754225975559783,11.483858037502886
1781531073.2027726,0.028111105120611542,0.7826306324363784,0.320836986839111,-0.25957258736293676,0.025237677289592364,-0.03141976375289911,0.038041581154141246,0.7881228201373938,0.31914839536977246,-0.25936037440794846,0.025442363416203317,-0.0315278156569293,9.198283532429877e-06,0.000529893813710115,-0.000784130671809723,-0.0012035121988040447,-0.00212436910733195,0.0009763406684446653,-0.04238176112735008,-0.023134995756144718,0.00851720986446231,0.0013856052387876945,5.795607032698968e-05,6.7366432460496645e-06,11.473004015776114
1781531073.2127206,0.02762434998980514,0.7824683461302575,0.3208825410849093,-0.2595792573575717,0.02520036138609205,-0.03138537294836037,0.038041581154141246,0.7881228201373938,0.31914839536977246,-0.25936037440794846,0.025442363416203317,-0.0315278156569293,3.765261633214019e-05,0.0005122327901372673,-0.0008371570120259837,-0.0011542099633359045,-0.002382552107435207,0.0011279413542402436,-0.04191262552822636,-0.021904853070615578,0.00945067930862295,0.0021927335495016474,0.00498058060455458,-0.0015040923411680934,11.979108597467613
1781531073.2227736,0.027136636491574866,0.7823052037971469,0.3209305168832178,-0.2595838470066838,0.025170823622174154,-0.031358010151404964,0.036040571620802375,0.7870034611448549,0.31952113985013825,-0.25934424023250807,0.02550380324549395,-0.031568397665358475,6.001789389587749e-05,0.000491564485010555,-0.0008691175049608424,-0.0010856753367344044,-0.002510783790994053,0.0012106542202143858,-0.03737633396350785,-0.021243036577015848,0.006509631778258126,-0.001377149844076933,-0.004198981670186513,0.0006609795082183512,10.165629666290037
1781531073.23272,0.02664808805171713,0.7821413448249059,0.32098059891900915,-0.25958675199592274,0.025147922237526377,-0.03133666224057326,0.036040571620802375,0.7870034611448549,0.31952113985013825,-0.25934424023250807,0.02550380324549395,-0.031568397665358475,7.721165061630769e-05,0.0004687439034023409,-0.0008837619293662186,-0.0010046065771355472,-0.002538137094264213,0.0012394880934333801,-0.03660610682381116,-0.020682398847523025,0.005903567783250054,-0.0016230390438429728,-0.004565801363436973,0.0016152194526887888,10.676560470393053
1781531073.2427726,0.02613579903779063,0.7819893391315342,0.3210287295010443,-0.25955955905669226,0.025173162950933525,-0.031373560156206334,0.036040571620802375,0.7870034611448549,0.31952113985013825,-0.25934424023250807,0.02550380324549395,-0.031568397665358475,-4.176169092978406e-05,0.0005337505932928984,-0.000892448709164685,-0.000588083922910061,-0.0018912439460684947,0.000785698171652104,-0.03788896973649164,-0.021036950197858766,0.005099560551477321,-0.0034793554362335423,-0.001083176398997349,4.450144416981277e-05,11.203515789303227
1781531073.2527661,0.026119038045009896,0.7820008017609378,0.32101869981855125,-0.2595361763696058,0.025195886381035537,-0.031405737444670706,0.036040571620802375,0.7870034611448549,0.31952113985013825,-0.25934424023250807,0.02550380324549395,-0.031568397665358475,-0.00013674113235891616,0.0005791730566989853,-0.0008881139914580579,-0.00025990147898422554,-0.001354780580048879,0.00042418055083435244,-0.03835720108482823,-0.021244470634034177,0.005292487270090655,-0.002184581673649314,0.0005756237746994727,-0.00019484525816873332,11.211873851683503
1781531073.2627695,0.025611977344646812,0.7818446354365298,0.32107096264577906,-0.2595162885362125,0.025216101604871533,-0.03143349696453536,0.036040571620802375,0.7870034611448549,0.31952113985013825,-0.25934424023250807,0.02550380324549395,-0.031568397665358475,-0.00021125542898815553,0.0006082982801387559,-0.0008733808904236336,-6.892277247731379e-06,-0.0009157429115589855,0.0001416955403350315,-0.03640483633694872,-0.020447150343304864,0.00525984492329527,-0.0022331213830002364,-0.0044739506396887264,0.00022236163408036937,11.737589699909767
1781531073.2727108,0.02510707232035779,0.7816868100381863,0.32112488083876334,-0.2594995635802485,0.025233884088225134,-0.03145718657125332,0.03415669063673871,0.7859497976706347,0.319792908992763,-0.25946027999590165,0.02539881088944318,-0.031554267639327796,-0.0002683966850120992,0.0006239714707197932,-0.0008504869297738608,0.00018286685907116065,-0.0005617206283201516,-7.384034492900814e-05,-0.03707960306123487,-0.018598133206853603,0.006334944728438717,0.0009088633559813775,-0.0003191617925499855,-0.00022928405137563368,10.09171958712301
1781531073.2828083,0.024604057840213644,0.7815275563831515,0.32118021746936215,-0.2594856661952262,0.02524935697728914,-0.03147717830751505,0.03415669063673871,0.7859497976706347,0.319792908992763,-0.25946027999590165,0.02539881088944318,-0.031554267639327796,-0.0003108672927274418,0.0006286471352365773,-0.000821331739850754,0.0003200408268436151,-0.0002810880121147782,-0.00023331350239714013,-0.03543793178313001,-0.01773328061188319,0.004885968537384712,-0.0010672614903843858,-0.003933241029277912,0.0006897758968860391,10.617609719669044
1781531073.2927673,0.02414329591660441,0.7813580242546759,0.3212250300587428,-0.2594691062733939,0.025295088196844784,-0.03155562498485785,0.03415669063673871,0.7859497976706347,0.319792908992763,-0.25946027999590165,0.02539881088944318,-0.031554267639327796,-6.0358231545659376e-05,0.0005741056829185954,-0.0008568389246874753,0.00048724271725431685,0.0004518786107189793,-0.0009072211860777593,-0.03750695772893032,-0.018085580847916928,0.0040167471465113284,-0.002407940797192784,-0.0032893652130486658,0.0007055551842126302,11.108709541271743
1781531073.3027186,0.023678115391288303,0.7811888455583549,0.3212726231528822,-0.2594556053037028,0.025333365936455854,-0.03162069327917265,0.03415669063673871,0.7859497976706347,0.319792908992763,-0.25946027999590165,0.02539881088944318,-0.031554267639327796,0.0001415085173094101,0.0005230467673671443,-0.0008744861202112377,0.000599182910956779,0.0009886958275090558,-0.001387325292848525,-0.03686396932599283,-0.017420833837429293,0.005196615812230714,0.000540607562606243,-0.005184141785262681,0.0009119395343473935,11.604169861978255
1781531073.3127668,0.023209050882669665,0.7810199967701197,0.32132261466964923,-0.25944476523654253,0.02536501104922939,-0.031673956609771056,0.03415669063673871,0.7859497976706347,0.319792908992763,-0.25946027999590165,0.02539881088944318,-0.031554267639327796,0.00030176866707554465,0.000475430507138198,-0.0008775721879248224,0.0006666536200603513,0.0013638509629839988,-0.0017090769304561706,-0.03693425983550025,-0.01720795592288107,0.003838841381434249,-0.002291956503378686,0.00034756880443259186,-0.00035017753187971054,12.103460354852619
1781531073.3227668,0.022736576333969128,0.7808514530129783,0.32137466536754195,-0.25943621513165155,0.02539082018047356,-0.03171691699610141,0.03229649042374,0.7850537677407982,0.3200464078284567,-0.259494048774856,0.025261054309525965,-0.03150940778078215,0.0004265974973052814,0.00043118126454058436,-0.0008689298695508504,0.0006989582492922572,0.001607609290507516,-0.0019033730169976495,-0.035959570341368895,-0.01606324969594097,0.006049883074178316,0.0016556417143072035,-0.0002041347552621482,-0.0004544894645947903,10.526902420255823
1781531073.3327653,0.022737883693384683,0.7808559427079593,0.321363184846501,-0.2594811876398958,0.02535840686027191,-0.0316629149264627,0.03229649042374,0.7850537677407982,0.3200464078284567,-0.259494048774856,0.025261054309525965,-0.03150940778078215,0.00038995761654861644,0.00042281542891915404,-0.000906899594894285,0.00011692826104638837,0.0009386820301345077,-0.0012167413420019304,-0.03859436072976535,-0.016648554825535542,0.005588712639853145,0.0009317004287993312,-0.00017638243605959923,0.0006072272915269313,10.522480665089
1781531073.3427665,0.02222237869369438,0.7807574016744201,0.32138352390131925,-0.259511493491711,0.02530822276075062,-0.03164905846702547,0.03229649042374,0.7850537677407982,0.3200464078284567,-0.259494048774856,0.025261054309525965,-0.03150940778078215,0.0003178370979922547,0.0004954021688401202,-0.0010399950034823845,-0.00023028586553194873,0.0002677465986333697,-0.0010783284318207158,-0.04016852095502622,-0.017855563476992683,0.006831581227006644,0.0020349077879691395,-0.0007217725545653048,-0.001691975932996186,11.033329865370424
1781531073.3527722,0.02170775684157965,0.7806562855227638,0.3214082007296613,-0.2595367464713233,0.02526603005599437,-0.03163638243540738,0.03229649042374,0.7850537677407982,0.3200464078284567,-0.259494048774856,0.025261054309525965,-0.03150940778078215,0.0002559133631968749,0.0005473956063807616,-0.001133662631544749,-0.00048413550899435986,-0.00024229303648345133,-0.00094510447314402,-0.040917369218999314,-0.018144898740774955,0.005311262813065991,0.00038158471078032573,0.004189934637134088,-0.002684592085272746,11.546151247825835
1781531073.3627393,0.02119391800245138,0.7805529257780823,0.3214366411226762,-0.25955752227036716,0.025230979963006384,-0.03162493806501426,0.03229649042374,0.7850537677407982,0.3200464078284567,-0.259494048774856,0.025261054309525965,-0.03150940778078215,0.00020295996924203614,0.0005821984840029706,-0.0011944918319834316,-0.0006610824005028577,-0.0006178173526678636,-0.000819414890162255,-0.04081415281730086,-0.017600511132358644,0.004119062696254504,-0.0008510544550118104,0.003591757231820802,-0.0006420164641059324,12.06057384023077
1781531073.3727372,0.020680772349920426,0.780447618057148,0.3214683395620009,-0.2595743747727829,0.02520224099658419,-0.03161472998021608,0.030337212089940113,0.7841958054931986,0.3203149546141098,-0.2594725863371765,0.0252845904238701,-0.03153998358510675,0.0001578786973514663,0.0006027602538489444,-0.0012281884566217142,-0.0007755656331712741,-0.000882274493589928,-0.0007028108515426942,-0.03872187848702801,-0.015988047698052735,0.003761737133778192,-0.0006147777224142659,0.000775718034242461,0.0002829626340255615,10.422381414361132
1781531073.3827817,0.02015157166504483,0.7803220518009089,0.3215025342522241,-0.2594954985316795,0.025222066718219027,-0.031646616227186425,0.030337212089940113,0.7841958054931986,0.3203149546141098,-0.2594725863371765,0.0252845904238701,-0.03153998358510675,2.532221045236361e-05,0.0005035447935656648,-0.0012037301951258648,0.00017885092043101703,-0.0004871054133052027,-0.0009068809603687996,-0.038446478611364604,-0.016020838311879622,0.0038065435794985454,-0.0013463314784169038,0.0013244486547142557,-0.0013080733910897167,10.961915157975488
1781531073.392769,0.02013381120173772,0.7803124939609235,0.321491908968257,-0.259429303951822,0.025239390100217696,-0.031672744157218324,0.030337212089940113,0.7841958054931986,0.3203149546141098,-0.2594725863371765,0.0252845904238701,-0.03153998358510675,-8.141143653818838e-05,0.0004175168619183747,-0.001168843275636627,0.000889065517509434,-0.00017768211761239668,-0.00103496197424182,-0.0405137474712115,-0.016925699943390243,0.004445657019300025,-0.0008222957568103873,0.002198703953546365,-0.0029837119220699993,10.98065206141311
1781531073.402772,0.019610266013036497,0.7801894338413043,0.3215309880149428,-0.2593744231103285,0.025254363881802355,-0.031693842509236195,0.030337212089940113,0.7841958054931986,0.3203149546141098,-0.2594725863371765,0.0252845904238701,-0.03153998358510675,-0.0001660627772472857,0.0003431655854520869,-0.0011260265621867414,0.0013968677921507243,5.902423231968592e-05,-0.0011026005071158268,-0.04184973382575166,-0.016654257983053117,0.005542780264167495,0.0010569762650758916,0.00335402395027244,-0.0024568320151611323,11.515082421843141
1781531073.412708,0.019597471699525238,0.7801821032556633,0.32152455638349103,-0.25932952140697635,0.02526716693625164,-0.03171059496293198,0.030337212089940113,0.7841958054931986,0.3203149546141098,-0.2594725863371765,0.0252845904238701,-0.03153998358510675,-0.0002319144168890883,0.0002791301204430143,-0.0010773865542745582,0.0017391097695197812,0.0002347663599991653,-0.001123099711290198,-0.040837310176158347,-0.015399728527571925,0.0062348960795446514,0.0014239832919958238,0.0022025440909421343,-0.001731089144003799,11.528875302716848
1781531073.4227717,0.019078265972478154,0.7800610472374928,0.3215672122901291,-0.25929332573733344,0.025277992802458016,-0.03172363271753938,0.028316670856071313,0.7833782359545105,0.32056128669804207,-0.2594724942770999,0.02529779363144602,-0.03158683064997292,-0.00028183975410095967,0.00022418730627941685,-0.0010246880801967053,0.0019479351781216561,0.0003600190858282569,-0.0011077176140311179,-0.03869497315762351,-0.013807063038342705,0.00422360796654189,0.0006177272011267728,-0.00025495943089984637,-0.00036749176637469337,9.867307235224969
1781531073.43282,0.018560819291654918,0.7799408320107096,0.3216112531261306,-0.2592646439183761,0.025287040691100104,-0.03173353037171053,0.028316670856071313,0.7833782359545105,0.32056128669804207,-0.2594724942770999,0.02529779363144602,-0.03158683064997292,-0.0003183472785882872,0.0001772400093423643,-0.0009693993216157161,0.0020510801380450075,0.0004440129796103202,-0.0010658717131277855,-0.03702340329788518,-0.013307132488107592,0.00406150434103664,0.00048415412192814075,-0.001996234315387483,-0.001028789143094718,10.39686563921534
1781531073.4427702,0.018061475269514557,0.779844022044841,0.32166042854249777,-0.25932896741122935,0.025297782692777382,-0.031622811668035655,0.028316670856071313,0.7833782359545105,0.32056128669804207,-0.2594724942770999,0.02529779363144602,-0.03158683064997292,-0.00028190994037768084,0.00026651399254203127,-0.0009185663822382806,0.0010944502813323652,0.00019878492891510594,0.0002484987298634407,-0.03883762531455646,-0.013584738068039098,0.00456309715636462,0.0014909717600440364,0.0006691398934075047,-0.001948553165491222,10.902651845861525
1781531073.4527724,0.01756089717320928,0.7797444041493184,0.3217098917041111,-0.25938407777836936,0.02530658930375229,-0.03152986204155969,0.028316670856071313,0.7833782359545105,0.32056128669804207,-0.2594724942770999,0.02529779363144602,-0.03158683064997292,-0.00024908693832612153,0.00033480374657593784,-0.0008661198944957589,0.00034772068142581295,9.608862260201831e-06,0.0012265101309195372,-0.0403785696263398,-0.01314349878719741,0.0036136288250529142,0.0007083667330031895,-0.0001133309393542981,-0.00010565804379714172,11.410990078224573
1781531073.4627674,0.017059203273919105,0.7796423356345856,0.32175954190131256,-0.2594307767168332,0.025313703606744342,-0.03145277033252329,0.028316670856071313,0.7833782359545105,0.32056128669804207,-0.2594724942770999,0.02529779363144602,-0.03158683064997292,-0.00021958132907064313,0.00038538262428675844,-0.0008130426436978133,-0.00022129744611580821,-0.00013239266330588667,0.0019257281956971864,-0.03750390121089619,-0.013210575301184052,0.0036674104661750142,0.0009928779068311818,-0.003932034458843503,0.0006795940732221083,11.921549525786803
1781531073.4727826,0.016556510412771744,0.7795381371942792,0.32180930028569044,-0.25946989511478646,0.025319354274248917,-0.03138967052827153,0.026345882278449806,0.7826896915435397,0.3207692147065667,-0.259423289927417,0.025218857274677875,-0.03160161566954654,-0.00019311269971653583,0.0004211028002410515,-0.0007601315759140083,-0.000641586590589747,-0.00023516211609799002,0.0023969163095054194,-0.037033979658676094,-0.012413078936430056,0.0036964934755094273,0.0019059281154205677,0.0003915728675468531,-0.0008965946296211566,10.33662780372657
1781531073.4827147,0.01604284751935651,0.7794842311501898,0.32184564734715715,-0.25950226299411433,0.0253237529024255,-0.03133878151701562,0.026345882278449806,0.7826896915435397,0.3207692147065667,-0.259423289927417,0.025218857274677875,-0.03160161566954654,-0.00016941746070130186,0.0004444421984457241,-0.0007080243523454468,-0.0009389335235036596,-0.0003057241114028702,0.0026843515714795596,-0.03870222330755462,-0.013584472871778176,0.0026171193078170295,-0.0003188011139066123,0.0007361150743840096,-0.0014304539581277617,10.8437174811108
1781531073.492766,0.015539027755117903,0.7794380000976879,0.3218471732186942,-0.25965269632854615,0.02527460042128693,-0.03136086752093084,0.026345882278449806,0.7826896915435397,0.3207692147065667,-0.259423289927417,0.025218857274677875,-0.03160161566954654,-5.4061770797189825e-05,0.0005108527009148788,-0.0009306972000041549,-0.002472439389808785,-0.0007297405502112669,0.0020206083862556886,-0.04158408299324174,-0.014195922634655982,0.004190829429046162,0.0011662789924585706,-0.0002682040102855176,0.0008850044641549107,11.33682479803552
1781531073.5027318,0.015551538919801863,0.7794517835928683,0.32181950974544493,-0.25977700266864,0.025233428317853468,-0.031381404139587954,0.026345882278449806,0.7826896915435397,0.3207692147065667,-0.259423289927417,0.025218857274677875,-0.03160161566954654,3.922769757497857e-05,0.0005576922469163649,-0.0010976601053701573,-0.003553770949434283,-0.0010274489440794073,0.0014679788369996371,-0.0422673958252878,-0.013860856955674085,0.005027066422829346,0.00132937076721123,0.0009469702739940933,0.0016935211182818532,11.318348647665022
1781531073.512769,0.01504370706263912,0.7794005483119595,0.32183006513900664,-0.25987833032518326,0.025199362516985957,-0.03140021886403291,0.026345882278449806,0.7826896915435397,0.3207692147065667,-0.259423289927417,0.025218857274677875,-0.03160161566954654,0.00011362092343653946,0.0005882272498895649,-0.0012177849751959509,-0.004266703379722342,-0.001222374364176956,0.0010137298788125246,-0.04159050009535233,-0.013232826877146674,0.003246143966750274,-0.0013595524187640577,0.0005743615703484794,0.001611219672323557,11.818757610118903
1781531073.5227299,0.014534252503771746,0.7793473049299128,0.3218442697907047,-0.2599596672361703,0.025171553683679626,-0.031417229313495706,0.024286294656336915,0.7820132562466349,0.32097452601796855,-0.2593875831119618,0.025257589222769772,-0.031569813302256736,0.00017190211541910118,0.0006052864939638553,-0.0012987874235022838,-0.004684090988477088,-0.0013349556835736958,0.0006456281435243515,-0.03997505710655508,-0.012203981843924929,0.0038666439811069794,-0.0011247147817715546,-0.0020682170069731306,0.002816076790370795,10.147220151290375
1781531073.5327585,0.014023390560325904,0.7792923302392343,0.3218616477834753,-0.26002379937491105,0.025149194220025706,-0.03143242292769777,0.024286294656336915,0.7820132562466349,0.32097452601796855,-0.2593875831119618,0.025257589222769772,-0.031569813302256736,0.00021651051729200497,0.0006113116026406346,-0.001347357058884348,-0.00486861114345867,-0.0013827602032451653,0.00035214951082691604,-0.04025111137190991,-0.012236323821027895,0.0037295737380665882,-0.0022861835227142913,-0.0026452433558133387,0.0021720407898619754,10.654464972419046
1781531073.5427763,0.013511310077347299,0.7792358692304332,0.3218817832152696,-0.2600732851207733,0.025131529876193603,-0.031445839843702056,0.024286294656336915,0.7820132562466349,0.32097452601796855,-0.2593875831119618,0.025257589222769772,-0.031569813302256736,0.0002495775365993155,0.0006084024594145475,-0.001369275076194271,-0.004873600265309516,-0.0013807229970116963,0.00012261671958840745,-0.04468599887485005,-0.012901322147744835,0.003032102770347595,-0.003882045698688043,0.0011426571778544617,0.0019910459623750393,11.164107081951707
1781531073.5527139,0.012987705217095679,0.7791557942904946,0.32191591816910536,-0.25987430716809357,0.02519731981907003,-0.03148153316454125,0.024286294656336915,0.7820132562466349,0.32097452601796855,-0.2593875831119618,0.025257589222769772,-0.031569813302256736,0.0002110432735186622,0.00047550815997198946,-0.0012024483280070118,-0.0021598140174063883,-0.00043487392229502595,-8.259210181834435e-05,-0.046781920745592905,-0.013327206387894197,0.0036727239793950058,-0.003936351867850657,-0.0031544369815007752,0.003748060159715378,11.69228084376801
1781531073.5627198,0.012983222187706908,0.7791406038673272,0.3219167957351438,-0.2597049682099053,0.025253065429334587,-0.031511573070098844,0.024286294656336915,0.7820132562466349,0.32097452601796855,-0.2593875831119618,0.025257589222769772,-0.031569813302256736,0.00017743486910358743,0.000362799013055383,-0.0010532880521973674,-6.734660913978877e-05,0.00028572491083490956,-0.00023408411291715297,-0.04518488482463158,-0.01260282356628537,0.004612108295917666,-0.0025977759437701867,-0.0005050063345504683,0.001522155174525423,11.700403888043747
1781531073.5727713,0.01246082877990939,0.7790648054158421,0.3219523299388255,-0.25956247170705854,0.025299758173587872,-0.03153655661766179,0.022130280052293172,0.7813886728315225,0.321167758121908,-0.25952650774635677,0.025212333601085435,-0.03148423518245537,0.00014820666438716064,0.0002677221039986424,-0.0009201999582592556,0.0015023112578433045,0.0008178259862551517,-0.0003411819985801563,-0.041996455542390405,-0.011140697487830111,0.004281527101037272,-0.0020275787803909987,-0.0029696323159189015,0.0014751801873031758,9.97568045852344
1781531073.5827203,0.01193895047887846,0.7789908060910442,0.32198840942258916,-0.25944398761715887,0.025338388935140177,-0.03155706923390755,0.022130280052293172,0.7813886728315225,0.321167758121908,-0.25952650774635677,0.025212333601085435,-0.03148423518245537,0.00012286511742260183,0.00018800460309035004,-0.0008017005417135845,0.0026372799579866897,0.001194126553884068,-0.00041208591679700845,-0.040509546933958376,-0.010860457235862712,0.0025940819956869004,-0.004137662870365889,-0.003864793863088182,-0.0003514834589204336,10.501734710816056
1781531073.5927668,0.011393142376016628,0.7789261828384448,0.32200360328789973,-0.2595139752785727,0.025300827791694402,-0.031536330452808056,0.022130280052293172,0.7813886728315225,0.321167758121908,-0.25952650774635677,0.025212333601085435,-0.03148423518245537,-6.612982472292654e-05,0.00015631808636731178,-0.0008992544986069456,0.0015797608164373031,0.0006090509170369972,-0.00025355124519198507,-0.041898950555775125,-0.010448417031873781,0.003467935329907725,-0.0011470389822807391,-0.002677484030998727,0.0001955478958601049,11.047561703237347
1781531073.6027675,0.01085125735830995,0.7788617472468907,0.3220219596966987,-0.25957428306946795,0.025268756526307223,-0.0315185166540492,0.022130280052293172,0.7813886728315225,0.321167758121908,-0.25952650774635677,0.025212333601085435,-0.03148423518245537,-0.00021701195821074924,0.0001289002925707896,-0.0009661737285482052,0.0007441554304541541,0.00015400213854517304,-0.00012782515505803683,-0.04123943152539057,-0.010078894229765177,0.0027269237223679433,-0.0005314808645026428,0.0031205861684026896,-0.0025004072673558255,11.590140903890253
1781531073.612765,0.010312813642921156,0.7787974801873232,0.32204303129652334,-0.25962568719113216,0.02524167634811203,-0.03150338239210826,0.022130280052293172,0.7813886728315225,0.321167758121908,-0.25952650774635677,0.025212333601085435,-0.03148423518245537,-0.00033538632230923666,0.00010525672622169797,-0.0010076522875669283,9.769524318706691e-05,-0.00019116598310278275,-3.0123151218231238e-05,-0.039134099003865774,-0.009409570988955335,0.0025029282257874154,-0.0005645370243463116,-0.0015928013742759315,-0.001394496659076873,12.129834903500935
1781531073.6227655,0.010295867043544314,0.7787959968459222,0.3220324335171295,-0.25966901295492145,0.02521907693472958,-0.031490670364023754,0.020072910546668155,0.7808749466244034,0.32131649196759404,-0.25960529929015136,0.02518425765132215,-0.03151371903295126,-0.0004261643985073297,8.49425963314912e-05,-0.0010281821835285685,-0.00038934952163202467,-0.00044455605099475354,4.390678799411322e-05,-0.039955956550134474,-0.008655218480268193,0.002317972229654313,0.0004218150315356813,0.000592541927161182,-0.0006873616353330806,10.021236657507616
1781531073.6327198,0.00979453979793723,0.7787910107283039,0.322022073429189,-0.259717890578114,0.025240292175646495,-0.031533553106248474,0.020072910546668155,0.7808749466244034,0.32131649196759404,-0.25960529929015136,0.02518425765132215,-0.03151371903295126,-0.00024653316750885575,0.00010765225173312459,-0.0011756678358980895,-0.000868772697542688,-5.2216036390118135e-05,-0.00035372240448056704,-0.04070608270241488,-0.00823144997712258,0.0026576545516944256,0.0009804631444071243,-0.0008364177721718599,0.00023462845649338456,10.511210171353525
1781531073.6427686,0.009290339671448941,0.7787853051107397,0.32201662731056147,-0.25975819638417474,0.02525826399632769,-0.03156932019559236,0.020072910546668155,0.7808749466244034,0.32131649196759404,-0.25960529929015136,0.02518425765132215,-0.03151371903295126,-9.920621235755847e-05,0.00012451889005583183,-0.0012791684527813766,-0.001204208141627794,0.0002431809814162211,-0.0006419687529854638,-0.040725947235980366,-0.008392084009594923,0.002177094025689326,0.0005357043623480113,-0.0015070232713458019,0.00022668296885952242,11.005481626590644
1781531073.6527658,0.008783603658045386,0.7787789670441553,0.3220154425545011,-0.25979097618261415,0.02527331403547861,-0.03159877658031299,0.020072910546668155,0.7808749466244034,0.32131649196759404,-0.25960529929015136,0.02518425765132215,-0.03151371903295126,2.0320955319472965e-05,0.0001364811937046154,-0.0013460476061570273,-0.0014225765303382816,0.00045785591350890184,-0.0008403685024565475,-0.03953068389865398,-0.008315362710468614,0.0018399992637198523,0.00045471561205005377,-0.002283607142880966,0.0006537669229284254,11.503482618288261
1781531073.662783,0.00827463194547333,0.778772074915083,0.3220179442428049,-0.2598172196030889,0.02528576318406439,-0.031622698152454554,0.020072910546668155,0.7808749466244034,0.32131649196759404,-0.25960529929015136,0.02518425765132215,-0.03151371903295126,0.00011601666938813597,0.00014435485461285815,-0.0013826806050431346,-0.0015472530954823173,0.0006061721633709561,-0.0009660187587872768,-0.03866535736730778,-0.008156180897747325,0.002681094611448799,0.0009134400111684436,-0.002300305830176414,-0.00013108663380141905,12.004727513428618
1781531073.672766,0.007763691865616233,0.7787646991632556,0.3220236265297715,-0.2598378470886737,0.025295923001071863,-0.031641817791804694,0.018012912017044747,0.7804585540664811,0.321448117635598,-0.259557433887419,0.025236067812920426,-0.03151080581785996,0.00019136857045109633,0.00014884649562043882,-0.00139456862584656,-0.0015983167340954043,0.0007007081910688123,-0.0010337210908383488,-0.040251623183924605,-0.007598517880259841,0.003270555994443587,0.0015542061040411115,-0.0008179116499277553,0.0009680703762331694,10.404175538354886
1781531073.6827586,0.007773900433476871,0.7787666248403524,0.32201183984885645,-0.2598537020436037,0.02530408953769281,-0.0316568160854125,0.018012912017044747,0.7804585540664811,0.321448117635598,-0.259557433887419,0.025236067812920426,-0.03151080581785996,0.00024943421951702835,0.0001505662281982762,-0.0013864414092916524,-0.0015928268901218945,0.0007523607445515631,-0.0010561519562958456,-0.041038181356271596,-0.008197093632654773,0.0026049616119177715,-0.0005553297237842006,-0.005241671359288045,0.0012252489160972033,10.393159550800066
1781531073.6927662,0.007259711364114454,0.7787584585309858,0.32202260065325683,-0.25986554705862863,0.02531053913377046,-0.03166831580519924,0.018012912017044747,0.7804585540664811,0.321448117635598,-0.259557433887419,0.025236067812920426,-0.03151080581785996,0.00029288717884057535,0.00015003895634954845,-0.0013623494776303896,-0.0015451136649368583,0.0007704682423843405,-0.0010440485620426218,-0.04493721157979256,-0.008308824228062695,0.003310152635651596,-0.0005664833769696263,0.0011369297937351315,-0.0015230212584764937,10.901911752053858
1781531073.702762,0.007262314670961421,0.7787598554562709,0.3220270231901471,-0.2597536406967958,0.025312465004853957,-0.031589303034474936,0.018012912017044747,0.7804585540664811,0.321448117635598,-0.259557433887419,0.025236067812920426,-0.03151080581785996,0.00026227266114221457,0.00015784956813969748,-0.0012043442070679012,-0.00017649867019538658,0.00048563523592246206,-9.129577492210036e-05,-0.04495210742117351,-0.007733361347304746,0.0033375567000323994,-0.0006967066115876312,-0.00035467978970383693,-0.00033769322361431827,10.899360160442068
1781531073.712769,0.0072643348486387,0.778760988185164,0.3220315825872091,-0.2596593508168371,0.025313668525368538,-0.03152265032966986,0.018012912017044747,0.7804585540664811,0.321448117635598,-0.259557433887419,0.025236067812920426,-0.03151080581785996,0.00023437288733674282,0.00016211960328549143,-0.0010622415539481313,0.0008537877421002167,0.00025892620301958723,0.0006250708914778116,-0.042150385041085085,-0.007261352872897768,0.0019493074057592803,-0.002273741932509114,0.004483126099497884,-0.0030958922454743694,10.897434212526825
1781531073.7227387,0.006742966532901038,0.7787520764538435,0.32205642321415723,-0.25958084136020665,0.025314299164912457,-0.03146708319939025,0.01587013670091869,0.7800744526925152,0.32158312297596703,-0.2596031295841037,0.025265138945709253,-0.03152375460357604,0.00020900595550710628,0.00016349325287582685,-0.0009347056800676609,0.0016023746819170208,8.197317748681349e-05,0.001144711967266027,-0.039698266691770026,-0.006760111124105265,0.00112188463612078,-0.0024435977435537546,-0.00024085635303397213,-0.00028931661913661765,9.234604880991162
1781531073.7327704,0.006181178163839728,0.7787420556218688,0.32207911164246605,-0.25961172771059443,0.02530999553448665,-0.031400821978828694,0.01587013670091869,0.7800744526925152,0.32158312297596703,-0.2596031295841037,0.025265138945709253,-0.03152375460357604,-7.936258254308341e-05,0.00014891127803614597,-0.0008703643602339443,0.0010720387143567391,-0.0001581448792111674,0.0017065997563712584,-0.04074472701052332,-0.006178239260399185,0.0012407515179549515,-0.0014179871363233264,0.0005420227525456045,0.00020592984282186995,9.792711792164507
1781531073.7427704,0.005650415486606517,0.7787381851998803,0.32208856397302404,-0.2596786933674919,0.02528482221624495,-0.031299063301826066,0.01587013670091869,0.7800744526925152,0.32158312297596703,-0.2596031295841037,0.025265138945709253,-0.03152375460357604,-0.00016194950729388628,0.00017216397461993863,-0.0009089931884800333,0.00019605559890788302,-0.0006919009715847639,0.0025230608130268886,-0.04182996768125763,-0.006069271039223506,0.0011233478038330763,-0.0011131083200084115,0.0030853402307523064,-0.0009060045598331474,10.319097979554275
1781531073.7527695,0.005120626765465996,0.7787332621610866,0.32209997143895946,-0.259735260120019,0.02526367463142276,-0.031215876977496365,0.01587013670091869,0.7800744526925152,0.32158312297596703,-0.2596031295841037,0.025265138945709253,-0.03152375460357604,-0.00022619600853556986,0.00018864912279216504,-0.0009284855080464133,-0.0004656583419045229,-0.0010728782127982428,0.003065747003257868,-0.03952682850297793,-0.005709364153206012,0.0006876621534202184,-0.0010771643189989464,-0.0019150262140533716,0.0005831462017155894,10.84517810954193
1781531073.7627134,0.004591694740716233,0.7787274341103518,0.32211304426135623,-0.2597824864315383,0.025246120883524403,-0.03114888357014632,0.01587013670091869,0.7800744526925152,0.32158312297596703,-0.2596031295841037,0.025265138945709253,-0.03152375460357604,-0.00027490524177391175,0.00019949258122543972,-0.0009323685647312616,-0.0009487140080998474,-0.0013289572829489672,0.0033884475028132834,-0.03667998031113722,-0.004779186908123953,0.0013642424368774172,0.0006603883697957775,-0.004449851120063209,0.0014510334740812146,11.370951089467294
1781531073.7727542,0.004586395646496412,0.7787308471365588,0.32210736707916793,-0.25982142116632556,0.025231739312261636,-0.0310958569553674,0.01386847308115069,0.7797883545051161,0.3216471418260069,-0.2596346792227595,0.025302439706248903,-0.03153233610433383,-0.0003105243779529147,0.00020566964497320634,-0.0009236717219735025,-0.0012846839885219958,-0.001484446475969133,0.003537486493524539,-0.03546292883874103,-0.004676318990832127,0.0010955140576475355,2.5993727066541447e-05,-0.0016457206547428,0.001528981488613663,9.353453406155298
1781531073.7827682,0.00405889532162446,0.7787236067850325,0.32212306410773645,-0.2598530772654328,0.025220127416385685,-0.031054746819965187,0.01386847308115069,0.7797883545051161,0.3216471418260069,-0.2596346792227595,0.025302439706248903,-0.03153233610433383,-0.000335183805027041,0.00020802238267868825,-0.0009049862715103104,-0.0015012508276963188,-0.0015603121731694325,0.0035523268283890255,-0.036666642599127684,-0.004556820329443947,0.0017749651781065001,0.0007352986739342074,-0.005231207667520159,0.0037495169999004706,9.878664157964955
1781531073.7928019,0.0035523771966041737,0.7787821873650401,0.3221082579622117,-0.259763902685217,0.02529606496180903,-0.03112575937378162,0.01386847308115069,0.7797883545051161,0.3216471418260069,-0.2596346792227595,0.025302439706248903,-0.03153233610433383,-0.0001955293574456647,0.00030214173697336685,-0.0009476360009088527,-0.0003446474433932622,-0.00038929999337480544,0.0026284973242627968,-0.03899046815936564,-0.00443584887436439,0.0022352784952889967,0.0007188897590568081,0.00024151756757336115,0.0016367291786852296,10.37529925852718
1781531073.8027697,0.003043745111404282,0.7788384619891547,0.32209709350100807,-0.2596886468080553,0.0253596645262244,-0.03118790691634571,0.01386847308115069,0.7797883545051161,0.3216471418260069,-0.2596346792227595,0.025302439706248903,-0.03153233610433383,-8.094096080626653e-05,0.00037386978513901547,-0.0009698665482990945,0.0005314003719109863,0.000498745725307616,0.0018643538995998293,-0.039752452066443435,-0.004543412159896576,0.0023729083766057067,0.0008850909409673695,0.0010709791148798059,0.0020795490812626906,10.875637356988598
1781531073.8127692,0.0025332751771888666,0.7788927208512987,0.3220890895084299,-0.259625879300891,0.025412278258735155,-0.031241712129572913,0.01386847308115069,0.7797883545051161,0.3216471418260069,-0.2596346792227595,0.025302439706248903,-0.03153233610433383,1.2073131762625175e-05,0.0004267138266939502,-0.000975423440969323,0.0011732550409385759,0.001150468592722238,0.0012407745726252047,-0.03712514492015655,-0.004304766271861244,0.0011261528534670239,-0.0016137037203184665,-0.002747895148114302,0.004265386306841826,11.379111956467865
1781531073.8227463,0.0020212076608013925,0.778945220569069,0.32208381328936736,-0.25957418665935106,0.025455220037610582,-0.03128779477016784,0.011983313786422145,0.7795687595599008,0.3217447172455561,-0.2596162955000492,0.025238924105792426,-0.03140228748741132,8.658936924323372e-05,0.000463728707067464,-0.0009675247598037906,0.0016220655022873847,0.0016072852460298367,0.0007395842560173784,-0.035117976999217475,-0.0039611848552530025,0.0014126047196961929,-0.0012718500433229801,-0.00030130377164141315,0.003154673853886896,9.98735928352167
1781531073.832729,0.0015077516891624334,0.7789961880506887,0.322080877956411,-0.25953220669834526,0.025489739123511823,-0.03132683039200425,0.011983313786422145,0.7795687595599008,0.3217447172455561,-0.2596162955000492,0.025238924105792426,-0.03140228748741132,0.0001453118288896648,0.00048756734569982174,-0.0009489243895218233,0.0019139478872045406,0.001905562402127704,0.0003438148434330121,-0.03412231904727328,-0.0037707610782062337,0.000890400815008274,-0.002119820721358485,-0.006175918711617549,0.004814831433340364,10.49658246336531
1781531073.8427203,0.0009804807636275227,0.7790412843034019,0.3220970051300763,-0.25954268422980575,0.02546332396064188,-0.03133411429870446,0.011983313786422145,0.7795687595599008,0.3217447172455561,-0.2596162955000492,0.025238924105792426,-0.03140228748741132,0.00010403230626908653,0.0004683363907642561,-0.0008278884628883456,0.0015927487514712357,0.0014391679373009542,0.00015544445398332118,-0.036704673416164756,-0.00326222114582191,0.0014248587320206739,-0.0010258738482881121,-0.002983982477033076,0.002376136217285406,11.021101189413793
1781531073.8527308,0.0009755254605948557,0.7790428105716564,0.3221060166308901,-0.25955295442521575,0.025439793084573115,-0.03134003923226927,0.011983313786422145,0.7795687595599008,0.3217447172455561,-0.2596162955000492,0.025238924105792426,-0.03140228748741132,6.957601880945946e-05,0.0004469639988393096,-0.000720233883060935,0.0013084880057190808,0.0010503195013710812,1.0051024199426794e-05,-0.03832724080940308,-0.002858113133378589,0.0012024259767096865,-0.0006822680951018095,-0.004216247140707684,0.003099447320295031,11.02626697528668
1781531073.862777,0.0004497010099544356,0.7790869287804475,0.32212040421269783,-0.2595627881907581,0.02541906742973077,-0.031344783769019835,0.011983313786422145,0.7795687595599008,0.3217447172455561,-0.2596162955000492,0.025238924105792426,-0.03140228748741132,4.1033837498243524e-05,0.00042414332869829073,-0.0006246855820294365,0.0010596847472139216,0.0007302177505876715,-9.91616767742277e-05,-0.0361961743564337,-0.002086674777808525,0.001071381493382837,-8.481564222116128e-05,-0.001353538849878428,0.0010866511529378459,11.549784641923326
1781531073.8727746,-7.552073361808003e-05,0.7791306731010259,0.32213399944744764,-0.2595720258122744,0.025401010966070947,-0.031348514023860005,0.010141981237370257,0.7794220905491112,0.3218046120254031,-0.2596573886106942,0.025239743307077234,-0.03131587244756662,1.7601000242105614e-05,0.00040044918074991947,-0.0005400665705829335,0.0008442588644863797,0.00047038779212418884,-0.00017827613325290459,-0.03349979582333683,-0.0014530734818286395,0.0005343531536351643,5.036286479992855e-05,0.002327496319510334,-0.0017577163073799699,10.226962732404974
1781531073.882725,-0.000600210723962267,0.7791741064551211,0.32214685909812435,-0.2595805639321338,0.025385448705361302,-0.03135138222564769,0.010141981237370257,0.7794220905491112,0.3218046120254031,-0.2596573886106942,0.025239743307077234,-0.03131587244756662,-1.4332749386838409e-06,0.0003763540571815173,-0.0004652935081857962,0.0006597382058824139,0.0002628298289211775,-0.00023267356586803415,-0.03501776869236465,-0.0012318465520494931,8.433871729281593e-05,-0.0006502241595035331,0.0020693539460690654,6.574157550985857e-05,10.750503118634748
1781531073.8927677,-0.0010987206361655708,0.7792319742316886,0.322136189575944,-0.25971594900175266,0.0253820361635666,-0.03139035943782076,0.010141981237370257,0.7794220905491112,0.3218046120254031,-0.2596573886106942,0.025239743307077234,-0.03131587244756662,0.0001598941920210673,0.00043450580056757194,-0.0005943139497375657,-0.0008795189792864198,0.00030674680155448803,-0.0006279596911723084,-0.03761334812937673,-0.0010862794559595938,0.0005457161580956193,-0.0002596788190303816,0.0010615084922976764,-0.0006161052560125921,11.24719816202617
1781531073.902769,-0.001600521989514215,0.7792874840033409,0.32212805133214967,-0.25982899614953414,0.025379037152571504,-0.03142251255117298,0.010141981237370257,0.7794220905491112,0.3218046120254031,-0.2596573886106942,0.025239743307077234,-0.03131587244756662,0.000287377529493035,0.00047568282925187664,-0.0006903575351478518,-0.002008757000833266,0.00033125348528168517,-0.000906946834879862,-0.04038091553010921,-0.0005751860159103475,0.0015145486461468813,0.0015626390753241393,0.001960272943454014,0.0005661329889724977,11.747728033143476
1781531073.9127698,-0.0015836645974477395,0.7792978389675287,0.32211593010769124,-0.25992221186782627,0.02537643104782661,-0.031448672514945264,0.010141981237370257,0.7794220905491112,0.3218046120254031,-0.2596573886106942,0.025239743307077234,-0.03131587244756662,0.00038607636511388006,0.0005027112579390082,-0.0007587112160468412,-0.0027998713313130315,0.00034054646434927214,-0.001091158049340327,-0.03991450779118768,-0.0008106692321974402,0.0004565352637171648,-0.00010998994971583322,0.004428537845181752,-0.0029242817109815106,11.730435953001487
1781531073.9227695,-0.002090881871830874,0.7793494866799971,0.32211187312797185,-0.2599980170218895,0.025374191414952563,-0.031469625977299395,0.008251884530766695,0.7793771757152999,0.321841172262284,-0.25964716012357425,0.02538610980117051,-0.03137375959991995,0.00046041716097734286,0.0005180390927674624,-0.0008039700744675232,-0.0033159861581035363,0.0003381863919428034,-0.0011993142062311152,-0.03931345758083106,-0.0005511408663625853,0.0006623722187886658,-0.0003208494261359737,-0.0009855359750434393,-0.00041848640810033177,10.34634536926258
1781531073.9327667,-0.0025932630227849993,0.7794520356055851,0.32209530361844196,-0.2600587020541476,0.02537228822665738,-0.03148610485850997,0.008251884530766695,0.7793771757152999,0.321841172262284,-0.25964716012357425,0.02538610980117051,-0.03137375959991995,0.0005142620031089929,0.0005237797857471204,-0.0008301155537501503,-0.00361192576466207,0.00032716001134123563,-0.0012475241308560494,-0.04065905684747764,-0.0006791514470509029,0.0002760147050379752,-0.0014423476126272392,-0.0014445401007206465,0.0017064055525778242,10.848382930541515
1781531073.9427483,-0.0031259833147408976,0.7795426293116219,0.32208005475961715,-0.2600738703306701,0.025363242834184785,-0.03142849459627886,0.008251884530766695,0.7793771757152999,0.321841172262284,-0.25964716012357425,0.02538610980117051,-0.03137375959991995,0.00034330295900427007,0.00046018571784467346,-0.0008287026614550414,-0.0033990514663742324,3.4255738257440006e-05,-0.0005291402588762467,-0.040592837634143106,-0.0005202437158671543,0.0008703013450525175,-0.0013793070680618213,-0.0023188938417041424,0.001044295116237189,11.381577942003632
1781531073.9527223,-0.0036563449712602265,0.7796335813494234,0.32206608904202755,-0.26008349535428515,0.0253557278278167,-0.03137956125568099,0.008251884530766695,0.7793771757152999,0.321841172262284,-0.25964716012357425,0.02538610980117051,-0.03137375959991995,0.00020171163114939843,0.00040330308717046874,-0.0008170679252928939,-0.003146510186833937,-0.0001861538963499993,2.360071533022499e-05,-0.03939977513112772,-0.0006158085241994865,0.0008151625245081689,-0.0017677126493717602,-0.0022601607526445463,0.00036284626182493955,11.913112997028312
1781531073.9627647,-0.004184626065140591,0.7797248848986192,0.32205323949748954,-0.26008870347494484,0.025349565109009875,-0.03133846869277321,0.008251884530766695,0.7793771757152999,0.321841172262284,-0.25964716012357425,0.02538610980117051,-0.03137375959991995,8.549002334170615e-05,0.00035252897880527664,-0.0007973747912259953,-0.0028711606492477005,-0.00034621035715567397,0.00043710198645941883,-0.03757377082354621,-0.00018176360249604133,0.0007188176427814428,-0.001691827013465231,-0.0010839749549127532,-0.00120898823110564,12.44317764843557
1781531073.9727726,-0.00419655631563025,0.7797210593006629,0.32204936088306246,-0.26009045954464927,0.025344584259463288,-0.03130437578146446,0.008251884530766695,0.7793771757152999,0.321841172262284,-0.25964716012357425,0.02538610980117051,-0.03137375959991995,-8.892808546764422e-06,0.00030730198765860844,-0.0007714621236733318,-0.0025862588165707807,-0.0004566634113148323,0.0007349577102858573,-0.03711867604528896,-0.0004200051849498357,-9.334665976930517e-05,-0.0029796135010039322,0.0014850305235675168,-0.001622133719508114,12.454929864449165
1781531073.982766,-0.004712681881227637,0.7798125736240336,0.3220402362144076,-0.25999992693897267,0.02533967207433685,-0.031346128209768426,0.006276206842303789,0.7793529435845576,0.32187697726449477,-0.25971577110576227,0.025337465442840434,-0.03133401321501264,-1.7109094455728063e-06,0.000266777397722631,-0.000695165205518858,-0.0013040449596875541,-0.00034106382270575645,0.00020058561594141309,-0.03826344151463386,-5.15344234916769e-05,-0.00028369326500042667,-0.0034483048036457378,-0.00044106362531957054,-0.0009713049535678871,10.999708570506373
1781531073.9927673,-0.0052014526887355405,0.7799094510813737,0.32203136527851484,-0.2599562110927709,0.025345819889379007,-0.031478818547573034,0.006276206842303789,0.7793529435845576,0.32187697726449477,-0.25971577110576227,0.025337465442840434,-0.03133401321501264,0.0002128151230327882,0.0002528466615154382,-0.0006402320220144508,-0.0006479054540477547,0.00013349983186413392,-0.0012035151235788924,-0.041452669545202485,-0.0003056974306568221,-0.0006640313845017482,-0.004158305163535544,0.0025248978466598233,-0.002090516524354318,11.492180148402802
1781531074.0027359,-0.00569378288893917,0.7800060854096456,0.3220229907050512,-0.25991882025578966,0.025351161273463596,-0.031589322739223616,0.006276206842303789,0.7793529435845576,0.32187697726449477,-0.25971577110576227,0.025337465442840434,-0.03133401321501264,0.0003823342787245348,0.00023845961655934658,-0.000588020747324447,-0.00013854887607621011,0.00048542639539584823,-0.002222615218594279,-0.04447333035853088,0.0001622425491442045,-0.00045300937060414436,-0.0036602614762953276,-0.00016110997575425424,0.0008184082859176875,11.988685012734473
1781531074.0127697,-0.005674747929501394,0.7800068344327635,0.3220230121886819,-0.2598871918813657,0.02535575122069278,-0.03168017882511119,0.006276206842303789,0.7793529435845576,0.32187697726449477,-0.25971577110576227,0.025337465442840434,-0.03133401321501264,0.0005135751422267399,0.00022388855765822664,-0.0005386561178183357,0.0002468861136958766,0.0007358303593031897,-0.0029253522087341623,-0.04437438193668406,0.00047263631697455903,-0.0001865856508136332,-0.003556122901779418,-0.004182459355089422,0.0020040860073897173,11.969720940697941
1781531074.0227764,-0.006172926001630484,0.7801030201886106,0.32201539004933083,-0.2598607467649501,0.025359651708070086,-0.03175382629303283,0.006276206842303789,0.7793529435845576,0.32187697726449477,-0.25971577110576227,0.025337465442840434,-0.03133401321501264,0.0006124242654369405,0.0002093544074135856,-0.0004922021986197115,0.0005289207240394697,0.0009033114473961264,-0.0033718135050892135,-0.042333022136856226,0.0004356240582271652,-0.0007369966029062294,-0.003628829775730661,0.0029075017843761975,-0.0023222097370298907,12.472476962371054
1781531074.0327282,-0.006673490083648409,0.7801990441610397,0.3220080439953425,-0.25983890907264273,0.02536292822433972,-0.031812564012342615,0.00417078017155792,0.7793582355265474,0.32185777863604026,-0.25989391840025544,0.025341902771512714,-0.031374327738833446,0.0006840176504183869,0.00019503404888867695,-0.0004486735378347694,0.0007257610837424224,0.0010040759273434957,-0.003614035462704935,-0.041876391380802305,0.0013091356685912357,-0.00019518367472746848,-0.002576396042071265,0.0010735644147827719,-0.0011998423404993002,10.877855312790098
1781531074.0427432,-0.007209455445782931,0.7803043949672054,0.3219820465013989,-0.2598962435997457,0.025328555519613882,-0.03174541852946934,0.00417078017155792,0.7793582355265474,0.32185777863604026,-0.25989391840025544,0.025341902771512714,-0.031374327738833446,0.000479489353658494,0.0002451073353228277,-0.0005543643021972401,2.258338563215648e-06,0.000343248520129582,-0.0026077217228616294,-0.042611446117105,0.0015598516872485666,-0.00030715956252671297,-0.0025514267798671425,-0.005395257429217057,0.00031232104357301434,11.42017613242897
1781531074.052729,-0.007228081133949968,0.7803124779524154,0.32196684058785485,-0.2599444097493952,0.025299958096920427,-0.031686545893731585,0.00417078017155792,0.7793582355265474,0.32185777863604026,-0.25989391840025544,0.025341902771512714,-0.031374327738833446,0.0003092239111226469,0.00028219906651663515,-0.0006321856517013518,-0.0005398943836469458,-0.00016128974897559347,-0.0017823454462049455,-0.044419733758714657,0.002074599790331375,-0.000552136169452828,-0.002451679993123891,0.0008002920613059641,-0.0010605274632184709,11.439253130290682
1781531074.0627797,-0.007758671032055556,0.7804148752546378,0.32194604875933697,-0.25998438773999444,0.025276470392537442,-0.031635483657524124,0.00417078017155792,0.7793582355265474,0.32185777863604026,-0.25989391840025544,0.025341902771512714,-0.031374327738833446,0.00016862120412529803,0.00030839956378977257,-0.0006866481076655957,-0.0009313287803616895,-0.0005349135094940322,-0.0011151320408502238,-0.043113588628537404,0.002526665912718703,7.786113019651884e-05,-0.0004062090081157499,0.0012548648686241278,-0.001953957783243666,11.976480499255231
1781531074.0727696,-0.008287061077072957,0.7805160762642592,0.32192734774941467,-0.2600171361629034,0.025257453880307867,-0.031591671459385295,0.00417078017155792,0.7793582355265474,0.32185777863604026,-0.25989391840025544,0.025341902771512714,-0.031374327738833446,5.361252390944347e-05,0.00032552488397012024,-0.00072166857640721,-0.0011991213912083106,-0.0008002190421128683,-0.0005846879860753024,-0.03979249161225982,0.002562107374318184,-0.0005866282887852958,-0.0012480634856008516,-0.004266995578438278,-0.0003546325394070532,12.511724246143286
1781531074.08275,-0.008800835105665395,0.7806676526743057,0.3218963976121005,-0.2600435711741921,0.02524230778489933,-0.03155449092339076,0.002035381353171828,0.779452241265662,0.32184040047671714,-0.2599950684980543,0.02536533632028659,-0.03143849077534197,-3.939268198711383e-05,0.0003351479004308728,-0.0007406377948775155,-0.0013669439188544197,-0.0009771022715281722,-0.0001712401356935385,-0.03854461781108144,0.0029943025650851058,-0.00018640798574124759,-0.0004596795094966868,-0.003961245460305575,-3.3166255606445956e-05,10.90430867658317
1781531074.0927181,-0.009302292726810817,0.7808121293293574,0.32185069598053656,-0.2598692352213051,0.025258784818110502,-0.03157037670920779,0.002035381353171828,0.779452241265662,0.32184040047671714,-0.2599950684980543,0.02536533632028659,-0.03143849077534197,-2.817060659889679e-05,0.00030995042093544234,-0.0007820783867135118,0.0006898081165998269,-0.0006512591443600653,-0.0002738628620481361,-0.03752973477342868,0.0032777833552789944,4.271107049151312e-05,-0.0005477731576221186,-0.000686692378212603,-0.003535540900195856,11.418942818277456
1781531074.1027143,-0.009803747598798495,0.7809568605002465,0.3218090431488678,-0.2597232344638606,0.025273288396979066,-0.031583647094867134,0.002035381353171828,0.779452241265662,0.32184040047671714,-0.2599950684980543,0.02536533632028659,-0.03143849077534197,-1.880487557268156e-05,0.0002857951743382162,-0.0008054360540049055,0.002211980159793149,-0.0003892873568799266,-0.00034326407860975827,-0.040203818114663004,0.003628284499580732,-0.00014386481733113515,-0.0010783325927353304,-0.0032710525111924638,-0.0008454346458469455,11.934397205744128
1781531074.1127632,-0.009803405772768552,0.78095479184009,0.32179295393050167,-0.25960246070701537,0.02528591588081963,-0.031594594800659806,0.002035381353171828,0.779452241265662,0.32184040047671714,-0.2599950684980543,0.02536533632028659,-0.03143849077534197,-1.1048041283863818e-05,0.0002627826758312939,-0.0008139812695919283,0.003291943683301419,-0.00018234354382496947,-0.00038587237413855563,-0.042548424442307636,0.003992188570968704,-6.478316233905117e-05,-0.0011395564160905257,0.004130289895808612,-0.003473174880952332,11.933850594707192
1781531074.1227086,-0.010304864111864537,0.7810999750791215,0.32175787369996167,-0.25950389456105505,0.025296791669286556,-0.03160350271768403,0.002035381353171828,0.779452241265662,0.32184040047671714,-0.2599950684980543,0.02536533632028659,-0.03143849077534197,-4.6810730674726e-06,0.00024097913653362558,-0.0008105271700698126,0.0040110139220255825,-2.2295288992148492e-05,-0.0004072382363293438,-0.04255243813466494,0.004315125151851212,-8.762565021910842e-05,-0.0005636521587022057,-0.0015781126511166881,-0.00010027521473486982,12.4500399809097
1781531074.1327658,-0.010806327827730116,0.7812453621384079,0.3217254297931683,-0.2594246658232759,0.025306057004353066,-0.03161063861634639,3.708976381411322e-05,0.7796266808085808,0.3218319132207428,-0.2600408558873793,0.025462128880604062,-0.03159486755185266,4.894720282705033e-07,0.00022042239021306025,-0.0007974841094778211,0.00443999623249148,9.823449788468839e-05,-0.0004121021969115658,-0.041069738228360846,0.004578163987795454,-0.0007557131986084418,-0.0006131412447253438,-0.00031709107025463043,-0.0009871233048323945,10.964085599469286
1781531074.1427689,-0.011322758728619254,0.7813882194566508,0.32169639102838216,-0.259340274789488,0.025265417332440254,-0.031610564989310655,3.708976381411322e-05,0.7796266808085808,0.3218319132207428,-0.2600408558873793,0.025462128880604062,-0.03159486755185266,-8.927546659220938e-05,0.0001859176355189894,-0.0007568425214575441,0.004876734219323283,-0.0003411480925741702,-0.00048011905279751087,-0.04205648590544072,0.004807820688686637,-0.0009750104753220469,0.00013874274459527494,0.004537909062323916,-0.001796672278563194,11.496414329881617
1781531074.1527698,-0.01184072630533015,0.7815307259018694,0.3216650956098508,-0.2593254976219399,0.025224053556564874,-0.03159155546052325,3.708976381411322e-05,0.7796266808085808,0.3218319132207428,-0.2600408558873793,0.025462128880604062,-0.03159486755185266,-0.00019071972725617718,0.0001479458679257638,-0.0007583505536692863,0.004500622748109258,-0.0007935099965168241,-0.0003429668893425679,-0.04353431859890246,0.005426428099660257,-0.0005248049962549232,0.0008718395575711226,-0.0054983193907971305,0.0038351284364250746,12.030616376769814
1781531074.1627662,-0.012356277801752509,0.7816738373963529,0.32163577316085273,-0.2593171985246436,0.025190049829541428,-0.03157544920622886,3.708976381411322e-05,0.7796266808085808,0.3218319132207428,-0.2600408558873793,0.025462128880604062,-0.03159486755185266,-0.000269739843597347,0.00011558852798253644,-0.0007499520899207497,0.004095621862110257,-0.0011107270653959713,-0.00023080674232463683,-0.0430119436161804,0.00564939110316783,-0.0007036784913922295,0.0015219855411448338,-0.0029815903745622637,0.0006536616350023564,12.562837284355439
1781531074.1727676,-0.012869719069566599,0.7818174831681173,0.3216081169295384,-0.2593139802864136,0.025162491536707243,-0.03156195907065171,3.708976381411322e-05,0.7796266808085808,0.3218319132207428,-0.2600408558873793,0.025462128880604062,-0.03159486755185266,-0.000329757193799643,8.814830017507956e-05,-0.0007337073742431363,0.0036800608475614054,-0.0013180020567551472,-0.00014044458705808496,-0.04218647784182754,0.006246745796134478,-0.0008720557817636302,0.002108741391423855,0.0018774664648270327,-0.001860221648591684,13.09333471732629
1781531074.18275,-0.012879523459576239,0.7818145727527515,0.32160392706994206,-0.2593146569712037,0.02514051694344044,-0.03155079833722488,-0.002131960455040327,0.7798919117105056,0.3217955949849787,-0.2600016136684454,0.02538967692132199,-0.03153298783252341,-0.0003737591527554929,6.500309352645157e-05,-0.0007113697352111098,0.0032679623385227325,-0.001437227841272067,-6.889002893813769e-05,-0.04105441571426122,0.006554022823846897,-0.0009838067943481817,0.0032040177578371723,-0.003341937991673579,0.0005037010769223502,10.919865961150494
1781531074.1927688,-0.01337609785868166,0.7819751743231809,0.32157132749675393,-0.2594694173841073,0.025176898552797145,-0.03157593691174117,-0.002131960455040327,0.7798919117105056,0.3217955949849787,-0.2600016136684454,0.02538967692132199,-0.03153298783252341,-0.00031198568326775377,0.00013289892253266056,-0.0007930686811352297,0.001228390930643716,-0.0008267463080619135,-0.00022466468942789267,-0.04100017856498577,0.007252604108972925,-0.0015229487141908912,0.0035059537987349523,-0.0005684041900146882,-0.0005685997810872732,11.437696663734839
1781531074.2027135,-0.013873214969198109,0.7821337617675633,0.32154057872982,-0.2596007129446987,0.02520828260714647,-0.03159708019882569,-0.002131960455040327,0.7798919117105056,0.3217955949849787,-0.2600016136684454,0.02538967692132199,-0.03153298783252341,-0.00025844242503820385,0.0001857199069360436,-0.0008486054160626285,-0.000333416166124183,-0.0003467053315703049,-0.00033522816807759657,-0.042019265619719956,0.007777576665144284,-0.0011951482791013844,0.003697212189690088,-0.0021932504185147353,0.0007936272657160629,11.95608558579919
1781531074.2127678,-0.014370825651543283,0.7822905750274722,0.3215113854134871,-0.25971083301123976,0.025235063691595894,-0.031614650595895744,-0.002131960455040327,0.7798919117105056,0.3217955949849787,-0.2600016136684454,0.02538967692132199,-0.03153298783252341,-0.00021218460689413057,0.00022576991530861377,-0.0008824361235701744,-0.0014944994916345703,2.246153733031906e-05,-0.00040889089635392687,-0.042924262807339256,0.00827730632165602,-0.0008858879953474939,0.0036806734961698324,-0.005395981564091006,0.0009942418511178714,12.474942167675964
1781531074.2227345,-0.014850695177277726,0.7824956266173307,0.32146969607645076,-0.2598020725820771,0.025257663333678737,-0.03162906247876912,-0.002131960455040327,0.7798919117105056,0.3217955949849787,-0.2600016136684454,0.02538967692132199,-0.03153298783252341,-0.0001723614779795219,0.0002550602527207061,-0.0008984131456028151,-0.0023235518802441485,0.0002984495505808729,-0.00045288945290586753,-0.04268510022214932,0.00817623010947952,-0.0009112547420493229,0.002590741858745292,-0.0002619427936408959,-0.0012769166812122493,12.986599029355228
1781531074.2327273,-0.015330971628648717,0.7826993167763605,0.3214291040298349,-0.25987666805907245,0.025276511721062045,-0.03164071287690602,-0.0042242335204096815,0.7802674932243301,0.3217347793216833,-0.25983617480565596,0.025309276603761033,-0.03153482147190123,-0.0001382085443015762,0.00027534187684045416,-0.0008998552631712536,-0.0028811311847918766,0.0004970676058087212,-0.0004734577849769381,-0.04188319972144034,0.008103352886829411,-0.0006553763631699202,0.0019649658370711033,-0.003961602433210335,-0.00029276256006845766,11.373954219059689
1781531074.2427628,-0.015767878758114123,0.7829020958463333,0.3213852692953771,-0.25980397019170254,0.02525459925934559,-0.03160661941460825,-0.0042242335204096815,0.7802674932243301,0.3217347793216833,-0.25983617480565596,0.025309276603761033,-0.03153482147190123,0.00016130295123418972,0.00030604248388739166,-0.0008645633711524637,-0.0017822222019632556,0.00011633062656075949,-0.00012364410417671642,-0.04312084468446365,0.00794914138190124,-0.001800524006745624,-0.0002757126611779827,-0.0021889051088035223,-0.0009313289510855629,11.845633524988488
1781531074.2527285,-0.015727930637203003,0.7829070218720257,0.32137890664820645,-0.25974118560546194,0.025236092062942195,-0.03157780785911911,-0.0042242335204096815,0.7802674932243301,0.3217347793216833,-0.25983617480565596,0.025309276603761033,-0.03153482147190123,0.0003996988665420471,0.00032681023797306196,-0.0008252770919747547,-0.0009100626741782856,-0.00017212879035617164,0.00014184183413907403,-0.0448021599502694,0.008589788065680106,-0.0017677990192208862,-0.0009190419007948868,-0.0004584767447139478,-2.351216524425882e-05,11.807997467676394
1781531074.2627645,-0.0161775239582619,0.7831078970279818,0.32133804784490605,-0.2596875471765137,0.025220643273670573,-0.03155374226868306,-0.0042242335204096815,0.7802674932243301,0.3217347793216833,-0.25983617480565596,0.025309276603761033,-0.03153482147190123,0.0005860121165363425,0.0003393410158424579,-0.0007832820230724483,-0.00023167221183086593,-0.0003835513810989131,0.00033687729869016973,-0.04635792268089941,0.008658388939935976,-0.002354005322833095,-0.0022212375045297414,-0.0017150238423190598,0.001271872526554574,12.292536024926433
1781531074.2727664,-0.016632316880445707,0.7833080183278462,0.32129838161879576,-0.25964222979153967,0.025207909221532487,-0.03153389121253486,-0.0042242335204096815,0.7802674932243301,0.3217347793216833,-0.25983617480565596,0.025309276603761033,-0.03153482147190123,0.0007281540230518461,0.0003451005926686496,-0.0007396445306669578,0.0002829642619900785,-0.0005314653353452711,0.0004737883482675085,-0.04563907400611552,0.008551146342448428,-0.0029867502897019246,-0.002905402895060341,0.004843263251659937,-0.0016852160953167781,12.782635429746104
1781531074.2827709,-0.017091651362178238,0.7835074977333449,0.3212597340946746,-0.2596043874714737,0.025197558036045065,-0.0315177411841131,-0.006460077899160754,0.780690531197716,0.32164214855742335,-0.2598652824166312,0.02531387909641425,-0.03155861024488532,0.0008330352786304415,0.00034535145140063257,-0.0006952414761050168,0.0006608184207682513,-0.000627745357404986,0.000563401407226846,-0.04339489278765358,0.008972721005513315,-0.0020756379449738027,-0.0022784592667851058,-0.0013665779453047346,0.00249553874080936,11.005084987573248
1781531074.2927654,-0.017646078459190292,0.7837112793241995,0.32121271438813037,-0.259612072905462,0.025113153655111242,-0.03143521805581641,-0.006460077899160754,0.780690531197716,0.32164214855742335,-0.2598652824166312,0.02531387909641425,-0.03155861024488532,0.00030274143919185273,0.0003796230460168034,-0.000713129167154426,0.0004825660388494925,-0.0016810154345306971,0.0011358057065339175,-0.041647693200778026,0.009368345915957184,-0.0012977175274937558,-0.001161075790287214,0.0040647946088414036,-0.0007660549873294175,11.594651416855564
1781531074.3027678,-0.018190750648565433,0.7839138542808377,0.32116767030245796,-0.2596190201562495,0.025043387169811693,-0.031367212901602715,-0.006460077899160754,0.780690531197716,0.32164214855742335,-0.2598652824166312,0.02531387909641425,-0.03155861024488532,-0.0001268002594762392,0.0004023251526173587,-0.000718452854651486,0.00033579755104794673,-0.002424179210845734,0.0015336017621165566,-0.04005261673548835,0.009708520796006195,-0.002307476486769341,-0.0013909251598577253,0.0016888829378639025,-0.0022586050505604117,12.174712500352753
1781531074.3127644,-0.01872682605610865,0.784115395747355,0.32112433397906265,-0.2596252228689513,0.024986497934323504,-0.031311947154219394,-0.006460077899160754,0.780690531197716,0.32164214855742335,-0.2598652824166312,0.02531387909641425,-0.03155861024488532,-0.00047001811501079966,0.0004154519261091667,-0.0007136230408827083,0.00021663655079576867,-0.002914648884619152,0.0017896802612783465,-0.04290293292597891,0.011082550221540269,-0.0020587171543308136,-0.00020888388307447822,0.002927052530976415,-0.0018065622237514534,12.746408885130009
1781531074.322707,-0.018771679242752647,0.784119376996694,0.32111846989700193,-0.25963069697199237,0.024940814292752744,-0.03126773946781551,-0.006460077899160754,0.780690531197716,0.32164214855742335,-0.2598652824166312,0.02531387909641425,-0.03155861024488532,-0.0007395885881342286,0.00042072554970628456,-0.0007007034675382909,0.00012142283064875001,-0.0032023582837605894,0.0019325644673157893,-0.04454221384277185,0.011600926640697298,-0.0017556474289641979,0.0007260930877037123,-0.0024289063107278365,0.0022288453200791283,12.79088544613246
1781531074.3327663,-0.01929354902579821,0.7843192982133889,0.32107788005663396,-0.25963547460035713,0.02490477702273175,-0.03123302736412807,-0.008550556889308891,0.7811982622311495,0.32154661384666217,-0.25990702716966857,0.02530802526847431,-0.031559899377244016,-0.0009466211882977007,0.00041962805323967673,-0.0006814533565087714,4.675837760214499e-05,-0.0033302711492509264,0.0019867244731339947,-0.04256771702190836,0.011677283385721134,-0.001929343423274948,0.0007842497275337946,-0.005724010848020983,0.0026274335961045427,11.196984282074268
1781531074.3427656,-0.019809605411803075,0.7845185737732409,0.32103835779236595,-0.25963959910040746,0.024876953822454473,-0.031206380198423672,-0.008550556889308891,0.7811982622311495,0.32154661384666217,-0.25990702716966857,0.02530802526847431,-0.031559899377244016,-0.001100826749775565,0.0004134298990291979,-0.0006573651782374452,-1.0465344662280313e-05,-0.0033349527583643795,0.0019729236193898807,-0.0403543470632442,0.012173875300004796,-0.0017095795276881385,0.0013260536903098256,-0.008455717710977029,0.002300984558026525,11.749424095893048
1781531074.3527684,-0.019774851828828693,0.7845290138572905,0.3210216706023025,-0.2596614257917592,0.0249721504275513,-0.03132127088952534,-0.008550556889308891,0.7811982622311495,0.32154661384666217,-0.25990702716966857,0.02530802526847431,-0.031559899377244016,-0.0007754425294160425,0.000433861840045398,-0.000744338320187099,-0.00021688529555328225,-0.001644603581653043,0.0008125195785949884,-0.041717496874391566,0.01229047087901908,-0.0025384508181401475,0.0006610785984874717,-0.004461047363504464,0.0014180464401445164,11.719823748425963
1781531074.3627746,-0.020228205538867748,0.7847344523551812,0.3209717722463364,-0.25967962071404777,0.025053485282855226,-0.03141901479001513,-0.008550556889308891,0.7811982622311495,0.32154661384666217,-0.25990702716966857,0.02530802526847431,-0.031559899377244016,-0.0005044071688547079,0.00044476658370313306,-0.0008047265012377494,-0.0003656140277400058,-0.00033306341340791227,-7.917004795429954e-05,-0.042528062210867676,0.012389411081636664,-0.0020875727574402895,0.0011046273320487006,-0.0008233669729377502,-0.00022413222132056793,12.2148500376103
1781531074.3727665,-0.0202018629998258,0.7847416540465995,0.3209602269176667,-0.2596945949630989,0.025122207966967736,-0.03150123537483476,-0.008550556889308891,0.7811982622311495,0.32154661384666217,-0.25990702716966857,0.02530802526847431,-0.031559899377244016,-0.0002804359070279278,0.0004478849749284225,-0.000843007809848105,-0.0004670450720680131,0.0006587471825158621,-0.0007451137605300005,-0.044296591967190005,0.01260905896824284,-0.002186998797146798,0.0010855372401524972,-0.0007473115712356901,0.0016872331599203565,12.192309431328546
1781531074.3827171,-0.02063913688041969,0.7849919811623486,0.3209014057704679,-0.25970674497050494,0.025179599913818462,-0.03156957402716255,-0.010681243145311436,0.7818122123275167,0.3214471895966909,-0.2598486416759667,0.025194816362531514,-0.031497377115290756,-9.708438341298874e-05,0.0004447131782819194,-0.0008630572517278011,-0.0005302607420180343,0.0013838463969296309,-0.00122368551687919,-0.04308767931860004,0.012409712822498205,-0.0019296808989890807,0.0008685416861354701,-0.0015852960600736543,0.001268207970192392,10.467495281472196
1781531074.3927655,-0.021079470962515574,0.7852412062998299,0.3208443675854815,-0.25971644531990906,0.025226931353283355,-0.031625640616832054,-0.010681243145311436,0.7818122123275167,0.3214471895966909,-0.2598486416759667,0.025194816362531514,-0.031497377115290756,5.1335454929990715e-05,0.00043653197757169724,-0.0008682165936898554,-0.000563112260744249,0.0018892596557888454,-0.0015487663801972544,-0.04107734515563235,0.012550102298331882,-0.002697552333905099,-0.0006176925929044977,-0.006683612667812845,0.0030294789505835073,10.965606949815228
1781531074.4027686,-0.0215454900496846,0.7854724480366152,0.3207812798621676,-0.2596851928545297,0.025231200117715513,-0.03160197006133186,-0.010681243145311436,0.7818122123275167,0.3214471895966909,-0.2598486416759667,0.025194816362531514,-0.031497377115290756,2.175484170469605e-06,0.00032984306011160213,-0.0008911850629236202,-0.00016696516808140886,0.0016618480141875772,-0.001118049194300222,-0.041863370621464585,0.012188810279198572,-0.0027051702724303186,-0.0002928550836443205,0.002901799601777154,-0.00033062033150326364,11.483580540052579
1781531074.412735,-0.022010645313336883,0.7857053504038501,0.32072064613581414,-0.2596587192612386,0.025233578904233278,-0.03158067628283509,-0.010681243145311436,0.7818122123275167,0.3214471895966909,-0.2598486416759667,0.025194816362531514,-0.031497377115290756,-3.7316386126467246e-05,0.0002400166150208111,-0.0008983313137489512,0.00013442297249270999,0.0014459682669528563,-0.0007647210410173074,-0.04075961714440335,0.01296458339652639,-0.0013153695905515775,0.00167663730693387,0.0017417642833438053,-0.0006405713484982144,12.00165584270768
1781531074.4227314,-0.022014924766269695,0.7856952775478951,0.3207113973176092,-0.2596365509728067,0.02523447650200339,-0.03156174631191641,-0.010681243145311436,0.7818122123275167,0.3214471895966909,-0.2598486416759667,0.025194816362531514,-0.031497377115290756,-6.854656284082652e-05,0.00016486510229922626,-0.0008926853621689413,0.00035656206349448955,0.0012446378454501342,-0.00047905000180605646,-0.03893249960728346,0.01253367785687148,-0.002460019097588494,-0.0001585885243986086,-0.001243997142651166,0.00029176315031100643,12.002996495413782
1781531074.4327242,-0.02247867991606849,0.7859309963182494,0.32065470445697297,-0.2596182153120972,0.02523423975410699,-0.03154510569730455,-0.01270916955204443,0.7824385541168456,0.32135055794109063,-0.25981370269716086,0.02509944461089031,-0.03146684130145766,-9.274875570373762e-05,0.00010244647727109037,-0.0008768417138757847,0.000513242302565719,0.0010597194413251875,-0.0002518921744836983,-0.038846477109697644,0.012591455080087676,-0.0025203728742831796,1.580934064401455e-05,0.008081648122841284,-0.0035821706881085935,10.398302618902674
1781531074.4427633,-0.022413603493158827,0.7859202335744253,0.32065144763772285,-0.2596575185762731,0.025237569177144925,-0.03158550706611342,-0.01270916955204443,0.7824385541168456,0.32135055794109063,-0.25981370269716086,0.02509944461089031,-0.03146684130145766,0.0003440105430068725,1.6578112628819685e-05,-0.0008552400062220684,3.920768815487578e-05,0.0010921866158653294,-0.0006412086442271379,-0.03846676403355617,0.01321384885112758,-0.0027574441430591183,0.00042464563654269385,-0.004251626278108006,0.0020724952282630623,10.33377400464422
1781531074.452751,-0.022818012883088105,0.7861554254453672,0.3205997937068642,-0.2596905915626737,0.025239550061003646,-0.03161866164580805,-0.01270916955204443,0.7824385541168456,0.32135055794109063,-0.25981370269716086,0.02509944461089031,-0.03146684130145766,0.0006902702192399859,-5.256476667521814e-05,-0.0008270619760058143,-0.0003170420739776362,0.0010866158486454254,-0.0009153605847009156,-0.037996266400807714,0.013865362103547826,-0.002311201593761742,0.0013140996718207126,-0.0019038705685958269,-0.0007533920689417301,10.796642667967008
1781531074.4627652,-0.02323063334681513,0.7863919328609768,0.3205488554805077,-0.25971809109521404,0.025240466616818003,-0.03164547883315727,-0.01270916955204443,0.7824385541168456,0.32135055794109063,-0.25981370269716086,0.02509944461089031,-0.03146684130145766,0.0009594917665570312,-0.00010740476490077647,-0.0007939616948481147,-0.0005752884948084333,0.0010526973289202793,-0.0010957188767535305,-0.038104147336905626,0.013912643631610766,-0.003737718378268703,-0.0006861757863359816,-0.0011540420075070172,-0.0018843554063068322,11.268235474754835
1781531074.4727628,-0.02365044519764162,0.7866295924362732,0.3204985082537692,-0.25974066188150857,0.025240560856475414,-0.031666813506451924,-0.01270916955204443,0.7824385541168456,0.32135055794109063,-0.25981370269716086,0.02509944461089031,-0.03146684130145766,0.0011634578618972696,-0.00015006791573274117,-0.0007573293769559881,-0.0007530357128884243,0.0009984674668740412,-0.0012008635065727494,-0.038964970321075175,0.013704706868628458,-0.0038256686619346112,0.00023138175610170952,-3.872526640348634e-05,0.0007588220225183932,11.747438172534176
1781531074.4827125,-0.024076540398807786,0.7868682600039796,0.3204486465294642,-0.2597589218998836,0.025240036560537416,-0.03168345628790381,-0.014668280156719948,0.7831200963367353,0.32119268553705116,-0.25981001196124953,0.02518165598307931,-0.03151783046057603,0.0013124541748071132,-0.0001824152349551557,-0.0007183258034628475,-0.0008656023966886635,0.0009305035925070468,-0.0012467747220640825,-0.036589252650365854,0.013451658590446211,-0.003153759189014676,0.0010188142136412985,0.0007973795698211892,-0.0009855143773208536,10.154687868374479
1781531074.4927104,-0.024508111625231702,0.7871078083731999,0.3203991810919835,-0.25977345218274034,0.025239063297602504,-0.031696128007899074,-0.014668280156719948,0.7831200963367353,0.32119268553705116,-0.25981001196124953,0.02518165598307931,-0.03151783046057603,0.0014154342876119882,-0.00020607140813657662,-0.0006779128645146896,-0.0009262504202343953,0.0008541097711992154,-0.0012470474294889182,-0.03687584435726931,0.013589022780236234,-0.003228182890791059,0.0006922652468279818,0.0017887790148295622,-0.0004052641475988378,10.646773216276436
1781531074.502732,-0.024977487148653985,0.7873558136145401,0.3203394904801097,-0.259664244894795,0.025203831465506088,-0.03156715806692266,-0.014668280156719948,0.7831200963367353,0.32119268553705116,-0.25981001196124953,0.02518165598307931,-0.03151783046057603,0.0012271465474408697,-0.00013723331160889554,-0.0006587052904530449,0.00033187708305678894,2.8142903534731723e-05,0.00015063623904960043,-0.03710613217136999,0.014826081956031648,-0.0029051104357396573,0.0010769368457071928,0.0018768890840997236,-0.0013108794468914132,11.178058483709288
1781531074.5127676,-0.025446378111020327,0.7876033964437601,0.3202817809317991,-0.25957270356107476,0.025174127278159597,-0.03145881309223003,-0.014668280156719948,0.7831200963367353,0.32119268553705116,-0.25981001196124953,0.02518165598307931,-0.03151783046057603,0.0010604450119224707,-8.02330504465061e-05,-0.0006349395008122124,0.0012654643639760483,-0.000591495381421313,0.0011937510507991915,-0.03779731677965174,0.014975510158495858,-0.0023726462771716597,0.0011491262969708382,0.0047089557370409915,-0.0022420125998693654,11.708848045901526
1781531074.5227733,-0.025454619937204687,0.7876062434140703,0.3202750642251349,-0.2594969037508833,0.025149380006655786,-0.031368886818926855,-0.014668280156719948,0.7831200963367353,0.32119268553705116,-0.25981001196124953,0.02518165598307931,-0.03151783046057603,0.0009131845796824253,-3.345813688435303e-05,-0.0006078156347669159,0.0019303299822925322,-0.001039577722033795,0.0019426462504024047,-0.03722347119990324,0.014478521825574105,-0.0030375056405998325,0.00012965080922353815,-0.00047841582361714545,0.00023683406211622135,11.718048913177974
1781531074.5327682,-0.025894021281591073,0.7878981702123361,0.32020770072340615,-0.25943497281035854,0.025129025888122714,-0.031295222116278554,-0.016575508203432787,0.7838412537179468,0.32103994950247333,-0.25978092577190753,0.025255526972307596,-0.03153017384558683,0.0007833968824095515,4.515456500741823e-06,-0.0005783396820635315,0.0023756525018693336,-0.001346853968854856,0.002450593150485429,-0.0347356042148878,0.014235035038379012,-0.002963622534470772,0.0004434793488675658,-2.9385972639412998e-05,-0.0005871466637046234,10.197347471794517
1781531074.5427778,-0.026360366364421035,0.7882040142787659,0.3201389653946263,-0.25943595374555395,0.025156063822886487,-0.03136602503976346,-0.016575508203432787,0.7838412537179468,0.32103994950247333,-0.25978092577190753,0.025255526972307596,-0.03153017384558683,0.0005307101250498202,9.572336520181537e-05,-0.0005893216397218673,0.0021248308423451987,-0.000716297568231933,0.0015119224022668537,-0.03440574245017484,0.014895314116908405,-0.0025151095136097742,0.0012484031568911725,-0.0001250728138621243,-0.00071001049921349,10.751227897514296
1781531074.552769,-0.02682205572991595,0.7885075462636967,0.320071609918788,-0.2594387690139255,0.02517908460127294,-0.0314270881086748,-0.016575508203432787,0.7838412537179468,0.32103994950247333,-0.25978092577190753,0.025255526972307596,-0.03153017384558683,0.00032113534409700003,0.00016772971337133236,-0.0005906703569373,0.0018787373237612486,-0.00022424208106117853,0.0007672184683919741,-0.03593031880232174,0.015729239503412536,-0.002863463667582555,0.0017911183341499785,0.0006435539877273224,-0.0008022950320823417,11.300606350295157
1781531074.5627716,-0.02727961032031326,0.7888090281414281,0.32000541589955817,-0.2594428814168398,0.025198465347221255,-0.031479181954338326,-0.016575508203432787,0.7838412537179468,0.32103994950247333,-0.25978092577190753,0.025255526972307596,-0.03153017384558683,0.00014882522562555556,0.00022340917071552132,-0.0005842686777369683,0.0016429224270954248,0.00015057198677161028,0.00018823295575906757,-0.03738941378202772,0.016416820530801908,-0.00404542529838931,0.001088638658049881,-0.007449035424626537,0.0026534039374963812,11.845963220724624
1781531074.5727658,-0.027733505034687366,0.7891086988841463,0.3199401949528779,-0.25944785297282924,0.025214588276122996,-0.031523129492712285,-0.016575508203432787,0.7838412537179468,0.32103994950247333,-0.25978092577190753,0.025255526972307596,-0.03153017384558683,8.613521890761815e-06,0.0002652763231813799,-0.0005717263041482955,0.0014212636517817081,0.0004272824902206557,-0.00025073613702704644,-0.038706085471111,0.01702673501386798,-0.0039019360627005357,0.0013550160056035642,0.00036934759830231645,0.0008749083037398395,12.387749268311874
1781531074.5827408,-0.028184171003359054,0.7894067756908778,0.3198757850886719,-0.25945333203166826,0.025227828951046583,-0.03155977029178829,-0.018387872570498953,0.7846205606230989,0.3208708389600738,-0.25973345403149745,0.025258183164916126,-0.03152400181017241,-0.00010405381160249932,0.0002955248287844063,-0.0005544132705754687,0.001216278834571041,0.0006229138519194873,-0.0005727792838160264,-0.037641124612017185,0.016716669078712897,-0.0046557652917224145,0.0005661583180494663,-0.00034287008493056367,0.0012313832904581649,10.948308082424544
1781531074.5927649,-0.02820040690085435,0.7894140064681182,0.3198741255835887,-0.25945904125258,0.025238547666137645,-0.03158993341696477,-0.018387872570498953,0.7846205606230989,0.3208708389600738,-0.25973345403149745,0.025258183164916126,-0.03152400181017241,-0.00019318165464889407,0.00031606291733814196,-0.0005334898529621539,0.0010293981305907075,0.0007524410378550589,-0.0007983981287498648,-0.03633295227409622,0.017480732710101213,-0.0029149406347723614,0.0036535629231489917,-0.0006561132738062076,0.0005576639291108207,10.966147482520933
1781531074.6027708,-0.02860582258425901,0.7896968642679936,0.31979754848860265,-0.259340501404499,0.02517352993738009,-0.03149863256549751,-0.018387872570498953,0.7846205606230989,0.3208708389600738,-0.25973345403149745,0.025258183164916126,-0.03152400181017241,-3.4803314250109576e-05,0.00028129586611874577,-0.0005414094436061739,0.0021863826364946423,-0.00027081752666946587,6.979105614582067e-05,-0.038100577989617974,0.017708944971418738,-0.003640584780180824,0.0033556556553666645,0.002809027855173687,0.00012938968815617198,11.45981298342257
1781531074.6127641,-0.029015035790752083,0.7899805456068889,0.31972357600148543,-0.25924281426578777,0.0251190615831276,-0.0314219719542847,-0.018387872570498953,0.7846205606230989,0.3208708389600738,-0.25973345403149745,0.025258183164916126,-0.03152400181017241,9.277955868979557e-05,0.0002498215065650134,-0.0005409068709727468,0.002993425252829968,-0.0010300906437805497,0.0007183926046364339,-0.040547201546647274,0.018318300898511896,-0.004556816345737815,0.001486272832471197,0.002941197459466341,0.000870498962386731,11.957518531555946
1781531074.6227298,-0.02942759340958199,0.790264977425829,0.3196518671751991,-0.2591634243758668,0.025073990098849253,-0.03135837796888742,-0.018387872570498953,0.7846205606230989,0.3208708389600738,-0.25973345403149745,0.025258183164916126,-0.03152400181017241,0.0001940240525909942,0.00022138924357362335,-0.0005336495798797416,0.0035161771655287965,-0.0015707867474154442,0.0011847087823370522,-0.03940015727907841,0.019655264897838955,-0.0029373718353066032,0.002975691907567916,-0.004178910509070437,0.0011586061013419005,12.458762758000756
1781531074.6327667,-0.02984308509377547,0.7905500867259397,0.31958211081921367,-0.25909991636776736,0.025037194367226512,-0.03130631416100864,-0.02031819676299168,0.7855404617601063,0.3206824003330999,-0.2596122365570308,0.025241678655139488,-0.03147975348194479,0.000272841932381147,0.00019575935967120443,-0.0005210617394016143,0.003811610435289423,-0.0019329114604587669,0.0015016790146576572,-0.037691037938603185,0.019298571439195705,-0.0037712490992277714,0.0017766859262371394,-0.0005583623596385736,-0.00027214771876993396,10.818062535711794
1781531074.642709,-0.03028250037472491,0.7908401395814281,0.31950990300225,-0.25910018620819264,0.024987396026785458,-0.031217192028130447,-0.02031819676299168,0.7855404617601063,0.3206824003330999,-0.2596122365570308,0.025241678655139488,-0.03147975348194479,0.00018222358501452182,0.0002082058699493571,-0.0005417487986804547,0.003368531158896748,-0.0024965964581464186,0.002138645669794134,-0.03632324675130896,0.01880686906585382,-0.004949939932724966,0.0008960498763199726,0.002093278721945823,-0.002004123872185539,11.346747616275781
1781531074.652762,-0.030709293139246783,0.7911428056385644,0.3194316248122233,-0.25918935505782914,0.024990399116344042,-0.031243919945726298,-0.02031819676299168,0.7855404617601063,0.3206824003330999,-0.2596122365570308,0.025241678655139488,-0.03147975348194479,0.00020881905808577917,0.0002686386114841315,-0.0006388526804988629,0.0020345728115038595,-0.0021179874262376892,0.0016316216686383775,-0.03813270323289201,0.020121488748285277,-0.004610720011688085,0.0013417224543119028,0.0025226631056380375,-0.0018893938234113053,11.871208036115934
1781531074.662723,-0.030705268489453763,0.7911541712089195,0.31941815955670794,-0.25926627021552295,0.02499442023299636,-0.03126834747971617,-0.02031819676299168,0.7855404617601063,0.3206824003330999,-0.2596122365570308,0.025241678655139488,-0.03147975348194479,0.00022752324035099793,0.0003137484699453673,-0.0007087101576928294,0.0009793895564415276,-0.0017763291444980612,0.0012070715498437995,-0.038807178908358116,0.02111754539641518,-0.004205705226972128,0.0036525160872789585,-0.0033751217537148913,0.0008548648769546545,11.874480938847606
1781531074.6727674,-0.03110039276787563,0.7914949172088924,0.319332712475287,-0.25933189872497536,0.02499909405168954,-0.031290383011294776,-0.02031819676299168,0.7855404617601063,0.3206824003330999,-0.2596122365570308,0.025241678655139488,-0.03147975348194479,0.0002396555052375744,0.0003459859415463046,-0.0007558097875848983,0.00016196669414500953,-0.0014717100004809508,0.0008559354776727748,-0.03809816390123622,0.02053127846949187,-0.005281990576958508,0.0013765807520116332,-0.003817996569249132,0.0011317508645309199,12.390841282691099
1781531074.6827369,-0.031496129931397374,0.7918341301696231,0.3192492250845476,-0.2593872741005634,0.02500412902792748,-0.031310023287963146,-0.022200247029436904,0.7865324848901205,0.3204585377263858,-0.2595117004387332,0.025223624184919524,-0.03148522221584689,0.00024635828317726106,0.00036748132506912707,-0.0007840432285200199,-0.0004549349572990243,-0.0012031820880747885,0.0005694161656130921,-0.037257780481032635,0.02086157562573345,-0.0033111096009118914,0.003998250970477336,-0.0006760528771470884,0.0010198699112378157,10.769555174766639
1781531074.692733,-0.03189238672472313,0.7921720024132763,0.31916741367703017,-0.259433451371723,0.02500929685310993,-0.031327331379367454,-0.022200247029436904,0.7865324848901205,0.3204585377263858,-0.2595117004387332,0.025223624184919524,-0.03148522221584689,0.0002486174837618252,0.0003800808803459785,-0.0007967736531064154,-0.0009047063470324244,-0.000969047055872988,0.00033915373087948906,-0.03537642604822958,0.02010859177449573,-0.004728624103225158,0.0020483529214918865,-0.0035894462676694743,0.0010110566642006322,11.287547611317045
1781531074.7027187,-0.03227238598366754,0.7924920486672491,0.3190943298269337,-0.25937976955461556,0.025040242433689963,-0.031332403114127536,-0.022200247029436904,0.7865324848901205,0.3204585377263858,-0.2595117004387332,0.025223624184919524,-0.03148522221584689,0.00035075168555962123,0.00028654930054348337,-0.0007288489065197884,-0.0002186440859326314,-0.0005222907493314117,0.0003352846401153188,-0.036876447948276624,0.020978021979906832,-0.0043374168101484025,0.002165138564670597,-0.003325724390684546,0.0010299037629430776,11.782421089059783
1781531074.7127633,-0.03265520961405044,0.7928135455079593,0.31902155205611527,-0.25933442803885637,0.025066654994913673,-0.031337088349280784,-0.022200247029436904,0.7865324848901205,0.3204585377263858,-0.2595117004387332,0.025223624184919524,-0.03148522221584689,0.0004282979007165205,0.0002078337887754185,-0.0006650854878728005,0.0003013845315859516,-0.0001732557413918061,0.0003232070309939627,-0.03829097895507312,0.02246436171892558,-0.004439610641929342,0.0022466095422908187,-0.0015427534569660978,0.0007359829987126001,12.28099722934574
1781531074.7227485,-0.03264209295538325,0.7928051730901444,0.31902326788936164,-0.2592965767576113,0.02508894814084539,-0.03134135595517143,-0.022200247029436904,0.7865324848901205,0.3204585377263858,-0.2595117004387332,0.025223624184919524,-0.03148522221584689,0.00048512295103988627,0.0001420096241105451,-0.0006054706188321838,0.0006827750326313152,9.300618816244599e-05,0.00030530989940644356,-0.03884632128014208,0.02185964821409851,-0.004786524140630427,0.001157323898692302,0.001109820234031239,0.0005338995508356028,12.265348062773954
1781531074.732783,-0.033029522935398146,0.7931290919464713,0.318950865885021,-0.25926537375145153,0.025107544523529368,-0.031345194002227364,-0.024106981941112715,0.7876032663348788,0.32021911648088114,-0.259420898680098,0.025136350362376714,-0.03140278379052451,0.0005245935754602679,8.736834580179447e-05,-0.0005499414749592547,0.0009498488945064473,0.00028996090458411434,0.0002835424737517499,-0.03732366642019039,0.0216088789492557,-0.0061324873107620565,-0.0012247935085349818,0.0031044639819306314,-0.001100306470282986,10.57142119387624
1781531074.7427213,-0.03343062150857477,0.7934583313651341,0.3188675945954966,-0.2591953340202169,0.02506827323892713,-0.03127551242408527,-0.024106981941112715,0.7876032663348788,0.32021911648088114,-0.259420898680098,0.025136350362376714,-0.03140278379052451,0.00045709291046276885,9.114320382670679e-05,-0.0005426479019979191,0.0015919416027753352,-0.0003507308170233559,0.0008777615820463633,-0.035923989728109736,0.021687526227711418,-0.004965186964316679,1.9614344621019153e-05,-0.004006001652322091,0.0012505076513377826,11.092278967783697
1781531074.7527735,-0.033831702082003576,0.7937878583067575,0.31878606542037247,-0.25913790995571806,0.025035344430911488,-0.03121776800119555,-0.024106981941112715,0.7876032663348788,0.32021911648088114,-0.259420898680098,0.025136350362376714,-0.03140278379052451,0.0003971133575327975,9.301868156699008e-05,-0.0005299169175321574,0.0020294627835841495,-0.0008211775008452938,0.0012989660548406727,-0.03625364087828585,0.02209540493488461,-0.005194801509681921,0.0005206529250635162,0.0007088911266718576,-0.00048706131510087964,11.613483328411847
1781531074.7627413,-0.0342327401230797,0.7941176482793463,0.31870603872498077,-0.2590915097410065,0.025008070019255868,-0.03117054787359763,-0.024106981941112715,0.7876032663348788,0.32021911648088114,-0.259420898680098,0.025136350362376714,-0.03140278379052451,0.00034393155328465037,9.334562360120145e-05,-0.0005129822395913812,0.002301729642560897,-0.001151188303202239,0.001579006268386515,-0.03728550960700934,0.022491429257025655,-0.0055246101955016185,-0.0006892227484473941,-0.0005628998630811167,0.00031595714457301644,12.134972401018313
1781531074.77273,-0.034633713600242914,0.7944476744801621,0.31862729802251755,-0.25905463904016823,0.024985779466925262,-0.031132505454230963,-0.024106981941112715,0.7876032663348788,0.32021911648088114,-0.259420898680098,0.025136350362376714,-0.03140278379052451,0.0002968806666347542,9.242530005733579e-05,-0.00049288752895197,0.00244272460684671,-0.0013669422372485235,0.001745610867613306,-0.035596912083431596,0.02312385967763022,-0.005526481982075257,0.0008241623081349272,-0.002819717533113559,0.0004721197902816391,12.65669341838308
1781531074.7827291,-0.03503460346007738,0.794777909276358,0.3185496492587099,-0.25902591744399406,0.02496783377075107,-0.03110238065760454,-0.025929712630505197,0.7887098642728472,0.3199400777647478,-0.259424257853735,0.02511162842767023,-0.031389791937188244,0.0002553476985408435,9.051536662710008e-05,-0.00047051064928839046,0.002481502763758379,-0.0014911818042198655,0.0018226611680318239,-0.034808614493545414,0.02325621318740206,-0.005933063496023176,0.0006021902463231214,-0.0014356306623991883,0.0003963686114444821,11.029664483268016
1781531074.7927182,-0.03503691636173608,0.7947772491882832,0.3185471458724344,-0.2590040876729807,0.024953635080584347,-0.031079012687330265,-0.025929712630505197,0.7887098642728472,0.3199400777647478,-0.259424257853735,0.02511162842767023,-0.031389791937188244,0.00021877063219844626,8.783520174455741e-05,-0.0004465852433889423,0.0024426320105021457,-0.0015434521360023724,0.0018305020796512965,-0.03455073853709614,0.023579295122038896,-0.006321380299130587,0.0012976444041579156,0.0008955495471419059,-0.0004480778470479022,11.031526583879044
1781531074.8027072,-0.03541017188939126,0.7951177962750373,0.31845988030467326,-0.2590826468980304,0.025007230180047024,-0.031189473686721786,-0.025929712630505197,0.7887098642728472,0.3199400777647478,-0.259424257853735,0.02511162842767023,-0.031389791937188244,0.0003927554265892156,0.00010933470739751174,-0.000537477663473878,0.0013481026280913449,-0.0005009097067707896,0.0006152289224105652,-0.03586039991457319,0.024336913852841754,-0.005094172032273155,0.0031260197465529972,-0.0032388209565903845,0.00232638309157096,11.538270443394113
1781531074.8127255,-0.03574951241940937,0.7954951363412448,0.3183633870807604,-0.2591499810866435,0.025052601483912973,-0.03128304897952039,-0.025929712630505197,0.7887098642728472,0.3199400777647478,-0.259424257853735,0.02511162842767023,-0.031389791937188244,0.0005274491384230113,0.0001252085515699468,-0.0006036332703492534,0.0004911077608898368,0.00029393962876125856,-0.0003121777445450908,-0.03611767922415898,0.02416010106141471,-0.004116467625595382,0.00495944594803594,0.0007110349860922334,0.0010860845697123077,12.039698436809463
1781531074.822763,-0.03609207275262854,0.7958712296383601,0.31826869728645324,-0.2592070607720166,0.025090570269621804,-0.0313614103522846,-0.025929712630505197,0.7887098642728472,0.3199400777647478,-0.259424257853735,0.02511162842767023,-0.031389791937188244,0.0006288943179544346,0.00013636512801718274,-0.0006490925689899951,-0.00016445229202782167,0.0008814446398112038,-0.0009985093558322155,-0.03408829200678926,0.023053590838605333,-0.005516204909414148,0.0024077884223783876,-0.003075255440199231,0.0018383430575210757,12.544011712897714
1781531074.8327508,-0.03643743935652666,0.7962462172153997,0.31817555150358573,-0.25925489399403967,0.025121954301634775,-0.0314262269758262,-0.02772360603041285,0.7899236912454111,0.319680585673665,-0.25926447819260223,0.025075752606522173,-0.031330792434558316,0.0007023630549643538,0.00014359344342987061,-0.0006773614115523334,-0.0006511396268599604,0.0012975126453108237,-0.0014854242326745952,-0.03416891312102476,0.023516031330367188,-0.004855738476817862,0.0036080332319532804,-0.001826689846966408,0.0020768300931103497,10.870618829191748
1781531074.842752,-0.03678524870396008,0.7966202316050714,0.3180837277288821,-0.2592944892908874,0.025147546339571614,-0.031479120364774016,-0.02772360603041285,0.7899236912454111,0.319680585673665,-0.25926447819260223,0.025075752606522173,-0.031330792434558316,0.0007524421315196172,0.0001475766662524044,-0.000691472022557064,-0.0009979744199704328,0.0015737403106151223,-0.001809594274591405,-0.03417418764013339,0.023307984941681563,-0.006898832435011577,-0.0002817868868418563,0.00046960097213188793,-9.760444152613326e-05,11.38011318166163
1781531074.8527625,-0.036807549159565,0.796610603734947,0.3180836696043953,-0.2592768613533342,0.025080013994475348,-0.03145047087983166,-0.02772360603041285,0.7899236912454111,0.319680585673665,-0.25926447819260223,0.025075752606522173,-0.031330792434558316,0.0005576353697889934,8.494573972281221e-05,-0.0006246641325292706,-0.0007041077157896466,0.0006092354377957652,-0.001498849643650315,-0.036546037537609946,0.02465773062348492,-0.007031939646713333,-0.0005461147515608032,-0.0033574294500356796,0.003250709215163536,11.392232544531094
1781531074.862765,-0.03718769159569987,0.7969716160508395,0.31799835995645775,-0.2592613525252557,0.025023024856779097,-0.031424901106535355,-0.02772360603041285,0.7899236912454111,0.319680585673665,-0.25926447819260223,0.025075752606522173,-0.031330792434558316,0.00039418392520428655,3.3590964614925475e-05,-0.0005631174232153362,-0.0004646453092054645,-0.00013011095017328468,-0.0012249935071227006,-0.03686133354041068,0.02594849023574893,-0.005635732572272222,0.0010500194538706614,-0.0016424037425845242,0.0011136795039982644,11.91939776220601
1781531074.872707,-0.03756526533247672,0.7973337540178674,0.31791333809490974,-0.25924785590380944,0.02497549535828414,-0.031402338586683995,-0.02772360603041285,0.7899236912454111,0.319680585673665,-0.25926447819260223,0.025075752606522173,-0.031330792434558316,0.0002579747831790788,-8.060901723436805e-06,-0.0005065741078287133,-0.0002725021163095375,-0.0006805160049697692,-0.0009862723873057143,-0.03602198184111109,0.025992025842480008,-0.006624807382955672,-0.000496397848696034,0.0031063898668573895,-0.0012576932504621842,12.44549927139367
1781531074.8827295,-0.037940569672325106,0.7976968949179432,0.3178285533661656,-0.2592362363027367,0.024936354685308082,-0.03138264674251452,-0.02951986163307857,0.7911835840248123,0.31936073330774845,-0.25924318410866654,0.025083467986164676,-0.03131110886524448,0.0001453609383931037,-4.139576196185888e-05,-0.0004547638439766173,-0.00012107397218868144,-0.0010742877974432297,-0.0007804108393717252,-0.03294272033860318,0.025769534732674376,-0.005073918694649557,0.0006328186436922155,0.0016117894679205536,-0.002609721569146451,10.755422727452308
1781531074.8927424,-0.038313872679750546,0.7980609260458539,0.31774395840407843,-0.25922634105762776,0.02490457088821829,-0.03136564469150811,-0.02951986163307857,0.7911835840248123,0.31936073330774845,-0.25924318410866654,0.025083467986164676,-0.03131110886524448,5.3115696514243764e-05,-6.763156646769861e-05,-0.00040740963547543585,-4.297896470319273e-06,-0.001339921109596931,-0.0006048045818550634,-0.0330115230236406,0.02662331556364207,-0.0050295530985236345,0.0007980139889608107,0.0012962994338552311,-0.002087303742444862,11.280355697074041
1781531074.902748,-0.03866115005397057,0.7984344066928871,0.31764656742958386,-0.25930444901412847,0.02494283860037738,-0.03134606126062155,-0.02951986163307857,0.7911835840248123,0.31936073330774845,-0.25924318410866654,0.025083467986164676,-0.03131110886524448,0.00012852598893387922,-3.512718893509518e-05,-0.00048757062014131547,-0.0008620042609188574,-0.0008449760995992706,-0.000225084420181002,-0.03482722983757751,0.0272311279763013,-0.006088712395240979,0.0003828602633773222,-0.0037813475419615993,-0.0003682724873778896,11.793046596010134
1781531074.9127655,-0.03901044992006132,0.7988072905880951,0.3175510095460598,-0.25936935221265695,0.024975828830527957,-0.0313295907960814,-0.02951986163307857,0.7911835840248123,0.31936073330774845,-0.25924318410866654,0.025083467986164676,-0.03131110886524448,0.00018743479232956843,-8.588450162198777e-06,-0.0005457436916876983,-0.0014810583557511706,-0.0004510032438136733,6.55925039301017e-05,-0.035998428048079456,0.028055431457085313,-0.006933481141322751,7.815726975581742e-07,0.0015436749091541084,-0.0019929400557387443,12.307203902173564
1781531074.9227679,-0.03900072950913046,0.798810342832995,0.31754272386036253,-0.25942258506519866,0.02500396156139395,-0.03131590329932667,-0.02951986163307857,0.7911835840248123,0.31936073330774845,-0.25924318410866654,0.025083467986164676,-0.03131110886524448,0.00023235020900726975,1.2824961209986054e-05,-0.0005855283450184151,-0.0019043533984092903,-0.0001434690204577373,0.000281594649089588,-0.034380421071043714,0.02659509971080102,-0.007357974379151006,-0.0005754859441171659,-0.003712862088037629,-0.00027492930512163015,12.302823413840024
1781531074.932772,-0.03935334597833432,0.7991822584437784,0.3174501163477661,-0.2594656166836494,0.025027684483919677,-0.03130467538795509,-0.0312628863915122,0.7925362038610428,0.3190514548619252,-0.25923564297334334,0.025130425904595022,-0.03139779798685369,0.00026546298658011643,2.985256768242343e-05,-0.0006100471579347749,-0.002169386231983734,9.088198407424845e-05,0.0004357321376344983,-0.03267312148046557,0.025682254960470483,-0.00726203758001259,-0.0009939940703352886,-0.0016841891620609352,-0.0008758386932621277,10.59197162381169
1781531074.9427726,-0.039707312854924855,0.7995537766376903,0.31735868316342314,-0.25949982704083746,0.02504745378941786,-0.031295597490133664,-0.0312628863915122,0.7925362038610428,0.3190514548619252,-0.25923564297334334,0.025130425904595022,-0.03139779798685369,0.00028868134983734247,4.314361066590585e-05,-0.0006220002857607803,-0.0023085840004286873,0.00026398473404059766,0.0005392967672723214,-0.03158286239407625,0.02549195387279351,-0.007749834935149887,-0.002655631109963846,-0.005367977387397695,0.0009963843436356509,11.109461822913726
1781531074.9527106,-0.040038505722584154,0.7999601397192398,0.3172590326234693,-0.25957714037378044,0.025007904308888884,-0.03127161939619151,-0.0312628863915122,0.7925362038610428,0.3190514548619252,-0.25923564297334334,0.025130425904595022,-0.03139779798685369,0.00018920816315011658,6.241040377778448e-05,-0.0006127292755896609,-0.002906944318951252,-0.0002496384835082145,0.0006225329731162408,-0.03342239200391927,0.026689451889431733,-0.006972785509210537,-0.001464316373277747,-0.001511959764652613,0.0011988317460491858,11.633533244522855
1781531074.9627647,-0.04004889989186886,0.799962642402435,0.3172562217447816,-0.25963951446303335,0.024974714802767473,-0.03125206113996869,-0.0312628863915122,0.7925362038610428,0.3190514548619252,-0.25923564297334334,0.025130425904595022,-0.03139779798685369,0.00010695629994033621,7.708646483727592e-05,-0.0005975228554592347,-0.00327570554078951,-0.0006276451625343983,0.0006678535808434372,-0.03462324778885393,0.02824539823793021,-0.005931266391519902,-5.223541458745612e-05,0.002717691378489965,-0.0012123625512600886,11.643405197038076
1781531074.9727032,-0.04037717020409952,0.8003681498734995,0.317157795640211,-0.25968898755232384,0.024947198733464626,-0.031236350330303503,-0.0312628863915122,0.7925362038610428,0.3190514548619252,-0.25923564297334334,0.025130425904595022,-0.03139779798685369,3.957146749173944e-05,8.789124885956927e-05,-0.0005777443283474931,-0.0034623416670239078,-0.0008936920189289427,0.0006835260306391124,-0.03354727298863074,0.02842488698746226,-0.005654929196557166,0.00019868189039529973,-0.0018753447669886446,0.0005786757965776223,12.16533982289067
1781531074.9827197,-0.040704224024292995,0.8007733097287184,0.31705984819460353,-0.25972744000755743,0.024924686502763915,-0.031223952669332894,-0.03292523447521384,0.7938794849956385,0.3187132332548366,-0.25929860724530535,0.025065245563273608,-0.03135977684037078,-1.5024677556697933e-05,9.54513680261541e-05,-0.0005545460505218514,-0.003507408687425102,-0.0010685688425166012,0.000676556069483889,-0.03271403650757965,0.02786948398676835,-0.0059828006379734145,-0.0009492796547193997,-0.0030213902070784656,0.0017257132048354902,10.524788834580402
1781531074.9927652,-0.04103020095656935,0.801178170699831,0.31696231639112954,-0.25975658242374944,0.024906539512956627,-0.031214377043312452,-0.03292523447521384,0.7938794849956385,0.3187132332548366,-0.25929860724530535,0.025065245563273608,-0.03135977684037078,-5.866261911149584e-05,0.0001003109629715462,-0.0005288964343696973,-0.0034451690145469605,-0.0011703482669424615,0.0006528124133366638,-0.031220841436390888,0.026787202719815918,-0.00608749493535545,-0.0021467818011608438,-0.002161667582104183,0.0007666030185362169,11.04658338745937
1781531075.002724,-0.04132564791050126,0.8015822252881946,0.3168892575640879,-0.2597806354304758,0.024957921383959247,-0.03128862612738112,-0.03292523447521384,0.7938794849956385,0.3187132332548366,-0.25929860724530535,0.025065245563273608,-0.03135977684037078,0.00011230064405102016,7.469579908745825e-05,-0.000366788395900592,-0.003311742978518679,-0.00029241036666676737,-5.7501625784153396e-05,-0.03326920385434929,0.027169079219317285,-0.006964040126502131,-0.00345303038244183,0.004920723342857731,0.00012335034351256636,11.54235856394894
1781531075.0127738,-0.04162446026198411,0.8019860981915314,0.31681296154075117,-0.25979782861575923,0.025001409797135166,-0.03135109390514913,-0.03292523447521384,0.7938794849956385,0.3187132332548366,-0.25929860724530535,0.025065245563273608,-0.03135977684037078,0.0002481223985953872,5.318616160596089e-05,-0.00023200483341076725,-0.00312112091399462,0.0003734116321130245,-0.0005881311187730493,-0.03252755841033842,0.028147086909242496,-0.007638338525591655,-0.003930875130485107,0.0013398326871400606,-0.0009538704597135415,12.041791369409571
1781531075.0227194,-0.04160702548147835,0.8019863795365827,0.31683005750192045,-0.25980941076144004,0.02503779373874848,-0.03140302427735782,-0.03292523447521384,0.7938794849956385,0.3187132332548366,-0.25929860724530535,0.025065245563273608,-0.03135977684037078,0.0003540124939432723,3.524487944449886e-05,-0.00012086447123518926,-0.0028928614080837643,0.0008620748004681207,-0.0009696069946324851,-0.03201263419099807,0.027947504694478938,-0.00771927254584441,-0.0045607567132228055,-0.0054049629439117735,0.002600567364317894,12.026703001688231
1781531075.0327694,-0.041911393884920975,0.8023899281774,0.31674839137894256,-0.2598164712435138,0.02506785875818296,-0.031445637747379365,-0.03456544746656287,0.7952802447268446,0.31834793284890206,-0.2594723841085902,0.025064736784643937,-0.03134013598366685,0.0004345325218526948,2.0395511394551357e-05,-3.0112496748493724e-05,-0.0026426493470374066,0.0012046211626480358,-0.0012288871089234051,-0.03118032654474546,0.028885241005792903,-0.006151911132309749,-0.0022472671200759933,0.003710111357409277,-0.002151012067037827,10.34741805778668
1781531075.0427642,-0.042218023862456586,0.8027933537736668,0.31666452922658633,-0.25981995016965775,0.025092366344846573,-0.03148010386854476,-0.03456544746656287,0.7952802447268446,0.31834793284890206,-0.2594723841085902,0.025064736784643937,-0.03134013598366685,0.0004936658702341167,8.2164055540592e-06,4.312230781515779e-05,-0.002382837830947656,0.001428309486504557,-0.0013895143935165307,-0.029810037384852796,0.028517693961094225,-0.007241271898052443,-0.0038640251471143347,-0.005025859552908362,0.001667389615015299,10.855532267008256
1781531075.052764,-0.04252858740033777,0.8031954788328975,0.3165493715086823,-0.259969149383259,0.025124382169620096,-0.03152303921607137,-0.03456544746656287,0.7952802447268446,0.31834793284890206,-0.2594723841085902,0.025064736784643937,-0.03134013598366685,0.0005240091223153413,-2.078113987150433e-05,-0.00012536677666667712,-0.00373993414751586,0.001729915369910934,-0.001600850903920579,-0.030345107672835294,0.029392414391249108,-0.006741372387430728,-0.002699099620701741,-0.0015572262469981273,-0.0005984393987389522,11.370899324725295
1781531075.0627165,-0.04284057407653747,0.8035976362818479,0.31643658945524256,-0.26009116081035,0.025150146316553768,-0.031557325763054644,-0.03456544746656287,0.7952802447268446,0.31834793284890206,-0.2594723841085902,0.025064736784643937,-0.03134013598366685,0.0005417281428030295,-4.379627268487828e-05,-0.0002590367658244848,-0.0046543886393692144,0.001908540753673651,-0.0017153831015373519,-0.029943183804040242,0.028499505952659696,-0.007910901630201549,-0.0030794815329140525,0.0006100994302043165,-0.0009529068597398343,11.887386435160431
1781531075.072766,-0.04315379595883212,0.8039998310061716,0.3163259153904585,-0.2601894612225197,0.025170522556758224,-0.031584192477076,-0.03456544746656287,0.7952802447268446,0.31834793284890206,-0.2594723841085902,0.025064736784643937,-0.03134013598366685,0.0005490882511155094,-6.171726016445228e-05,-0.0003630611855746252,-0.005212155399871155,0.001990132854056337,-0.0017542469062115508,-0.03028881425970663,0.028636992082873017,-0.005311232536496616,-8.757001730253696e-05,0.0019376004647304748,-0.0011488284148938675,12.404816375486652
1781531075.082773,-0.04314894767355872,0.8039986264981599,0.316313492076141,-0.26026730477986354,0.025186305157612,-0.03160476356897203,-0.03456544746656287,0.7952802447268446,0.31834793284890206,-0.2594723841085902,0.025064736784643937,-0.03134013598366685,0.0005480392427990451,-7.532172742722218e-05,-0.0004419688430921486,-0.0054874004623751416,0.0019967887809888398,-0.001735350283936,-0.02922922479198809,0.028165375291162302,-0.007632851927712211,-0.003158986191606697,-0.0010890579645248272,-0.00037078975273963744,12.402645111901496
1781531075.0927918,-0.04346342420411898,0.8043993288709121,0.31620362096956145,-0.2602223230456508,0.025148703415151852,-0.03155386318769719,-0.0360704871623469,0.7967090093232063,0.31799350288541883,-0.2596004161573061,0.025047564806005784,-0.03136217475110328,0.0005341591635287849,-7.006945909373552e-05,-0.0004785551320463632,-0.004411036634233615,0.0012393654762540463,-0.0011147400034160681,-0.029444061114000355,0.029933600758984,-0.0062747001308110836,-0.0024122847865059244,2.0759285683175052e-05,-0.0001650270830387761,10.816663539287212
1781531075.102744,-0.04371306374661337,0.80481518564427,0.31607362213139367,-0.26014760668621145,0.0251263421757566,-0.03154872421220291,-0.0360704871623469,0.7967090093232063,0.31799350288541883,-0.2596004161573061,0.025047564806005784,-0.03136217475110328,0.0006574549218159114,-0.00017176400894257176,-0.0005800658030801774,-0.0031151080499312593,0.0008540666425684634,-0.0010016486129008635,-0.029326326495043797,0.03160925640926291,-0.006474094192599872,-0.0027805718160905006,0.0013228791539458015,-0.0027106943629233073,11.305087947655611
1781531075.1127627,-0.0439665080268254,0.8052335432282062,0.31594737145828533,-0.2600818762298197,0.025107012036444942,-0.03154331220386147,-0.0360704871623469,0.7967090093232063,0.31799350288541883,-0.2596004161573061,0.025047564806005784,-0.03136217475110328,0.0007481028249670627,-0.0002512252389198352,-0.0006542058217723673,-0.0020588426390679435,0.0005420007074662136,-0.0008894955683435839,-0.03124703009195406,0.032830663162367116,-0.006273606091791792,-0.002236615236311811,0.0026576331433936203,-0.0009566229670613242,11.79836758229185
1781531075.122768,-0.044223270916509155,0.8056541029327416,0.31582441329208705,-0.2600246778576988,0.02509048199887176,-0.031537843583177544,-0.0360704871623469,0.7967090093232063,0.31799350288541883,-0.2596004161573061,0.025047564806005784,-0.03136217475110328,0.0008113933055541816,-0.00031183130214674777,-0.0007054339862818561,-0.001211061850708801,0.00029334690633522756,-0.000781115441243044,-0.030609101426317318,0.031117686873656878,-0.007301617606661275,-0.0038021268898343155,0.0021841000169050035,-0.0014046165736229064,12.295833940379238
1781531075.1327589,-0.04448291993205633,0.8060765958587643,0.31570433470102005,-0.2599754379799335,0.025076502379963284,-0.03153248207528858,-0.0360704871623469,0.7967090093232063,0.31799350288541883,-0.2596004161573061,0.025047564806005784,-0.03136217475110328,0.0008519200271329369,-0.00035653300336190274,-0.0007376200165195571,-0.000542697792917431,9.901133293562989e-05,-0.0006785288268852654,-0.02807992639439194,0.030334219271499097,-0.006546207730429822,-0.002020359776773767,-0.0017605368110298729,-0.0003164736023178758,12.796913439674144
1781531075.1427696,-0.04447098533611664,0.8060676328997457,0.3156924292121449,-0.2599335089710737,0.02506481631854074,-0.031527347445212,-0.037558815894093434,0.798242221522783,0.31766287460995846,-0.259743057129166,0.02516873765197092,-0.03145030154551294,0.000873659099417721,-0.0003879006938031238,-0.0007541117029136064,-2.7059703817197082e-05,-4.930643939045945e-05,-0.0005830911210408122,-0.028770222785677143,0.03052026702422805,-0.007948825902694938,-0.0032137076424498335,-0.0016593876334194898,0.00036784650972222543,10.625337861908253
1781531075.1527102,-0.04475618254956306,0.8065150921249217,0.3155931984105553,-0.25992423566878214,0.02511266737580531,-0.031510020057538765,-0.037558815894093434,0.798242221522783,0.31766287460995846,-0.259743057129166,0.02516873765197092,-0.03145030154551294,0.0007405004184518979,-0.0002649458018974431,-0.000677692087838635,7.220051734585308e-05,0.0004123574015039655,-0.00020242195707130274,-0.030102009896921612,0.0321447936190024,-0.007910547293306848,-0.0020190319287338044,0.0005180309072489335,-0.0010742565832564804,11.159123368050562
1781531075.1627607,-0.04504024015644889,0.8069606592086371,0.3154934101598289,-0.25991649494101166,0.025152596098550806,-0.031495168827544925,-0.037558815894093434,0.798242221522783,0.31766287460995846,-0.259743057129166,0.02516873765197092,-0.03145030154551294,0.0006242213121663093,-0.00016288378337870623,-0.0006077574256709113,0.0001445955707765273,0.0007469792889073509,8.834140301293186e-05,-0.030803803295714006,0.03342589159552055,-0.009632864950625798,-0.003761367576086235,0.0034171589284578098,-0.001304444157521539,11.691425947071561
1781531075.1727705,-0.04532325993835685,0.8074045545364217,0.31539309153378275,-0.25991011450287815,0.02518549594559194,-0.031482579492371876,-0.037558815894093434,0.798242221522783,0.31766287460995846,-0.259743057129166,0.02516873765197092,-0.03145030154551294,0.0005229660496026093,-7.888723209887192e-05,-0.000543914852771542,0.0001948800506765884,0.000977253392437517,0.0003037824013570286,-0.028102118568190042,0.03295793698496646,-0.008219716350512997,-0.0013278913652759927,0.0008656613817439025,-0.0017828200884746747,12.222391451029717
1781531075.1827302,-0.04560533559700096,0.8078469750741403,0.3152922733911421,-0.2599049280148173,0.02521222875149909,-0.031472029581369174,-0.037558815894093434,0.798242221522783,0.31766287460995846,-0.259743057129166,0.02516873765197092,-0.03145030154551294,0.00043505453241445523,-1.0457474498196782e-05,-0.00048577179580186215,0.0002272215808921657,0.0011230399780822224,0.00045688969663685794,-0.026384620905307955,0.030973639874183095,-0.007350395013824277,0.00029372147310319485,-0.00030647306081176646,4.550040197758026e-05,12.752157474335181
1781531075.1927648,-0.045612422550827744,0.8078549623032004,0.3152965924193462,-0.25990077814546564,0.025233609065165474,-0.03146329656592681,-0.03902345854067818,0.7998430013219044,0.3172206064356327,-0.25988450483768366,0.025132097537756692,-0.03146481039767636,0.00035896894395309465,4.4608604555993656e-05,-0.00043294088877141073,0.00024523392384203215,0.0012015323314808622,0.0005591014948868268,-0.024575540611562946,0.029913973937389725,-0.008358863420808264,-0.0009276691975926957,-0.0024325771014456696,2.956912158838579e-05,10.550250965153495
1781531075.2027338,-0.04590659278941231,0.8083013865534724,0.3151624293724673,-0.2599087703524125,0.025255869663152408,-0.03150804145990725,-0.03902345854067818,0.7998430013219044,0.3172206064356327,-0.25988450483768366,0.025132097537756692,-0.03146481039767636,0.00021453793670370708,0.00011194652580448136,-0.00059748273272598,0.00014339860169493008,0.0014306821053990783,8.859108865264719e-05,-0.025919797947894216,0.03181857677165769,-0.007646171786072031,0.0013094839435959732,-0.0012884713950997815,-0.000196735359672851,11.097653384163863
1781531075.21271,-0.04616754653708079,0.8087268845260033,0.315042199314376,-0.2599770395979526,0.025225648856211924,-0.031464444381413395,-0.03902345854067818,0.7998430013219044,0.3172206064356327,-0.25988450483768366,0.025132097537756692,-0.03146481039767636,0.0002781357992912519,6.7787298639963e-05,-0.0006564921229036581,-0.0006293911638369007,0.0008330582315078104,0.00045393102840361114,-0.027860802509037764,0.03383005332600001,-0.009289855438952695,-0.0003122861175199899,0.0009153939950742086,-0.00038348769156909784,11.606327225714223
1781531075.2227054,-0.04643058523603691,0.8091534354758734,0.31492427118701777,-0.2600338888555583,0.025199386134836743,-0.03142798038071315,-0.03902345854067818,0.7998430013219044,0.3172206064356327,-0.25988450483768366,0.025132097537756692,-0.03146481039767636,0.0003256661929454084,3.147852273399406e-05,-0.0006955448553044359,-0.0011911903268820385,0.00036247631377927077,0.0007152387025747985,-0.028506525016201864,0.03481131348812135,-0.009119757878153334,-0.0001419820500658092,0.0032522097523999447,-0.001443634469089266,12.117048551133172
1781531075.2327106,-0.046695440053392254,0.8095809234707764,0.3148083513878338,-0.26008062516875957,0.025176807480012053,-0.031397859255778704,-0.03902345854067818,0.7998430013219044,0.3172206064356327,-0.25988450483768366,0.025132097537756692,-0.03146481039767636,0.0003596957955626427,1.9319473910545724e-06,-0.0007180820808557238,-0.0015795228728611476,-3.637907545621681e-08,0.0008914467835074491,-0.027480609759991687,0.03339068893214735,-0.009310274195314956,-0.0015137482688640594,0.0025201448236053725,-0.0009559106786810013,12.629544826499023
1781531075.2427812,-0.04691380373137466,0.8100341964516148,0.3146859480535757,-0.2601185047200449,0.02515760684036228,-0.03137331528853539,-0.04039182028323712,0.8014832364258335,0.3167964924710883,-0.25988060513404165,0.02514896874344341,-0.03145355232796562,0.00038245613598009344,-2.1811729777701616e-05,-0.0007270755313768944,-0.001827252641511499,-0.0002716535921911867,0.0009990700482830185,-0.025804116246128054,0.03306313552159876,-0.008924153905743058,-0.0013246133482085806,-0.0031290868104636373,0.001405994360774925,10.959451774545238
1781531075.252763,-0.04713293221437598,0.8104917840316325,0.3145804165684495,-0.2601239030919087,0.025211464819866025,-0.03141424962255214,-0.04039182028323712,0.8014832364258335,0.3167964924710883,-0.25988060513404165,0.02514896874344341,-0.03145355232796562,0.0004075399121482167,-3.7408058229177676e-05,-0.0006453784561318516,-0.0016757245111413438,0.00044107670627528244,0.0006095207094064996,-0.02649856351100778,0.03408998347333343,-0.0066292642644116,0.0012921130914046136,-0.001989668035424318,0.00171118439944047,11.467672494466568
1781531075.262723,-0.047353255970112966,0.810949451817293,0.3144739427108599,-0.26012691755532136,0.025256228379383794,-0.03144911547501958,-0.04039182028323712,0.8014832364258335,0.3167964924710883,-0.25988060513404165,0.02514896874344341,-0.03145355232796562,0.00042251254972876045,-4.945437390693533e-05,-0.000571616637150137,-0.001516318206043823,0.0009630299697519999,0.00030096508624830715,-0.02833586633537513,0.03547914040210122,-0.007815237388115752,-0.000349562228130207,0.0010100146318313221,0.0005243092223904019,11.977690013051392
1781531075.2727163,-0.04734854325118771,0.8109491162544614,0.3144805327105171,-0.2601280630412247,0.025292952515591605,-0.03147848000771056,-0.04039182028323712,0.8014832364258335,0.3167964924710883,-0.25988060513404165,0.02514896874344341,-0.03145355232796562,0.0004291785181890494,-5.849819558767613e-05,-0.0005051596659968887,-0.0013553730063023185,0.0013277526623998001,6.154013059149745e-05,-0.02890208515915684,0.036928398303632114,-0.008328216666859633,-0.00020964903859479146,0.0011572394405367592,0.0007428342057084535,11.973409915116942
1781531075.2827153,-0.04757078643872329,0.8114068833656157,0.3143724201397981,-0.26012777658383496,0.025322647751156335,-0.03150291878413296,-0.04039182028323712,0.8014832364258335,0.3167964924710883,-0.25988060513404165,0.02514896874344341,-0.03145355232796562,0.00042909165110405776,-6.501710129357233e-05,-0.00044540890786633983,-0.0011976807004118318,0.0015646839734216281,-0.00011953473506224168,-0.027707736938256268,0.03536642653846314,-0.009705497596197219,-0.0023347366549190574,0.0023629765778032203,0.0005913573959464214,12.485689821327107
1781531075.2927382,-0.04779378406730035,0.8118646863450546,0.3142636123067045,-0.26012642488535237,0.02534626362810255,-0.031522997901454575,-0.04177766088249513,0.8032220313716472,0.3163739898202311,-0.25992054595875236,0.025142040403397736,-0.031405633067051505,0.0004235848896342169,-6.942647108824951e-05,-0.0003917988202800229,-0.0010467424653819392,0.0016993797860759042,-0.0002519340102283719,-0.026109932167054872,0.03375766831070292,-0.009773234625746956,-0.003335976860578969,0.0023394483206582014,0.0007412125631868275,10.739781953732301
1781531075.3027198,-0.04779146726517978,0.8118647475281339,0.3142540010110988,-0.26023108234053405,0.025366012387027403,-0.03153021875492784,-0.04177766088249513,0.8032220313716472,0.3163739898202311,-0.25992054595875236,0.025142040403397736,-0.031405633067051505,0.0004111148599186341,-7.018901602025026e-05,-0.00045349377659690643,-0.002073112615472718,0.0017420104823069975,-0.00024512822319880455,-0.02404355762763369,0.03341675477895016,-0.010472957821942203,-0.004044152379459405,0.0009666084335388931,-0.0012492914573574805,10.740426542780382
1781531075.312702,-0.04801575290050973,0.8123228355425136,0.3141318235565913,-0.2603171897428014,0.025381133491579888,-0.03153566478481193,-0.04177766088249513,0.8032220313716472,0.3163739898202311,-0.25992054595875236,0.025142040403397736,-0.031405633067051505,0.0003958950121432858,-6.991180051848086e-05,-0.0004972746045596021,-0.002785390295977985,0.001726267648049665,-0.00023332541760022777,-0.024078837662366258,0.034724770157203384,-0.00964732805030893,-0.0025024034775310137,-0.0017606398406013407,-0.00020521350245600434,11.259029182637473
1781531075.3227346,-0.048240504459805565,0.8127808860685526,0.3140108251082268,-0.2603870411660267,0.025392373592856288,-0.031539631299540336,-0.04177766088249513,0.8032220313716472,0.3163739898202311,-0.25992054595875236,0.025142040403397736,-0.031405633067051505,0.0003786605351803763,-6.880340585740554e-05,-0.0005261197036850291,-0.003242832139787495,0.0016672186811728217,-0.0002180999939775816,-0.024559647370855926,0.03495202991594446,-0.009316617414433483,-0.0017717955227517764,-0.0023169291878770417,0.0007218306133792099,11.778140671489545
1781531075.3327153,-0.04846564710843554,0.8132389079244055,0.313890864626851,-0.2604428004720872,0.025400398293536686,-0.031542380240758575,-0.04177766088249513,0.8032220313716472,0.3163739898202311,-0.25992054595875236,0.025142040403397736,-0.031405633067051505,0.0003600271463159309,-6.704180736800266e-05,-0.0005426093039924407,-0.0034968126897475496,0.0015773384162878449,-0.00020072568393770602,-0.024770336070918764,0.03559130501422996,-0.006506289452261619,0.0008231361786421575,0.002230925677744876,-0.0005180140262491442,12.29767808806063
1781531075.3427105,-0.04869111572765536,0.8136969091597968,0.31377181857882397,-0.2604864747231737,0.025405794267394644,-0.031544141337031914,-0.04303288671965988,0.8049518317093927,0.31590850951636373,-0.2600404027692119,0.025151287976763914,-0.03138789146614858,0.0003405068524909074,-6.477815562355485e-05,-0.0005489713015840479,-0.0035913944426440364,0.0014668177136128785,-0.00018221597216637952,-0.024058812006893502,0.03457382022993512,-0.008332961796096546,-0.0019346031640835608,0.0039929682550244195,-0.0010387864551450062,10.632844552755026
1781531075.3527637,-0.04891685383422164,0.8141548968768608,0.31365357810862315,-0.2605198985537607,0.025409073004749372,-0.031545113857372756,-0.04303288671965988,0.8049518317093927,0.31590850951636373,-0.2600404027692119,0.025151287976763914,-0.03138789146614858,0.0003205219171177884,-6.214015177083633e-05,-0.0005471225186469437,-0.0035639551151947983,0.0013438571889061181,-0.00016336153211629354,-0.024365550153094703,0.03417884967619423,-0.010244755917740487,-0.0046383829604693064,0.004588218769524174,-0.00027856939964374783,11.153573110690804
1781531075.362721,-0.049116491764912514,0.8146047187946444,0.3135395106608679,-0.26044907875781853,0.025361210961257763,-0.031544125016043506,-0.04303288671965988,0.8049518317093927,0.31590850951636373,-0.2600404027692119,0.025151287976763914,-0.03138789146614858,0.00047148671206298254,-0.0001087912029808732,-0.0004839977202222251,-0.002401801850275064,0.0006897982834817742,-0.00026967571706897216,-0.02371985507357151,0.035515764693586555,-0.00963259284846962,-0.00346842304390918,0.0013229265908480047,-0.0002757905730735869,11.65335295117173
1781531075.3727307,-0.04932012281865783,0.8150557572653411,0.31342573671112195,-0.26038729776531044,0.025320405719303718,-0.03154289360906813,-0.04303288671965988,0.8049518317093927,0.31590850951636373,-0.2600404027692119,0.025151287976763914,-0.03138789146614858,0.0005867029810429176,-0.0001448629194232145,-0.0004271900842377926,-0.0014652950314546298,0.00018085460272686206,-0.00034195445263023266,-0.02420053404381318,0.03644663149406987,-0.007992761114478442,-0.001251747746761624,0.004258041902775028,-0.0016200099629540721,12.156595337804848
1781531075.3827372,-0.04930120480689559,0.8150498115321628,0.3134262335828895,-0.26033398037802075,0.02528600479934795,-0.031541513713719826,-0.04303288671965988,0.8049518317093927,0.31590850951636373,-0.2600404027692119,0.025151287976763914,-0.03138789146614858,0.0006717613860212964,-0.00017198476466921794,-0.00037617350708908306,-0.0007234924205317126,-0.00020542852030028773,-0.00038675239165159665,-0.023806051357528984,0.03611869163744745,-0.007723517053555401,-0.0010727532795461168,0.0025852281341809283,-0.0012269883934571135,12.141775074252738
1781531075.392786,-0.04946082310907128,0.8155227764224356,0.31330592613801483,-0.26028846393762356,0.025257344033505547,-0.03154005995089536,-0.04426289444755804,0.8067382585908767,0.3154658257900556,-0.2601764243499292,0.02534359014281895,-0.031427911348484924,0.0007315320910855801,-0.00019157823228245073,-0.00033045226833150677,-0.0001478804034830449,-0.00048923302627401,-0.00040973311881010375,-0.02324618685393888,0.03641288469236318,-0.007745293885703798,-0.0005627637272332584,0.0023064167040260063,-0.0012984733991751674,10.433186589438739
1781531075.402762,-0.04963406939936846,0.8159829963309044,0.31319957431401524,-0.26034190196843116,0.025248540395510943,-0.03150169495272169,-0.04426289444755804,0.8067382585908767,0.3154658257900556,-0.2601764243499292,0.02534359014281895,-0.031427911348484924,0.0006936788304411888,-0.0002808926181744688,-0.00022002549675357962,-0.0007256146028404228,-0.0006367030940283788,1.4854010841188045e-05,-0.022746710995119462,0.03634366917070356,-0.008906665768393756,-0.0013302556471838476,-0.0004597170697946757,-0.0006439596243114035,10.929345451467093
1781531075.412762,-0.04982421432685303,0.8164827669330824,0.3130833949289181,-0.26029127670904817,0.02524020713416064,-0.031430334988441985,-0.04426289444755804,0.8067382585908767,0.3154658257900556,-0.2601764243499292,0.02534359014281895,-0.031427911348484924,0.0005459063434879217,-9.601955094587619e-05,-0.0001644226112009521,-0.00011326648937817372,-0.0008553412161969916,0.0007423668372390675,-0.023347359244115982,0.03715054153398314,-0.009048344435752644,-0.0007713764352015238,-0.0016751189005687974,0.0011539938539716088,11.46994762146974
1781531075.4227717,-0.05001267803225077,0.816979599296166,0.3129667168173098,-0.26024861409697436,0.025233778555400654,-0.03137117654274757,-0.04426289444755804,0.8067382585908767,0.3154658257900556,-0.2601764243499292,0.02534359014281895,-0.031427911348484924,0.00042036137061445813,5.360824925188388e-05,-0.00011770270604396227,0.0003486473160212647,-0.0009957483366845334,0.001267144861790667,-0.022509482299110636,0.03730449697931954,-0.010152149490778768,-0.002109046445869578,-0.0009752114025261613,0.0005428656133474972,12.00793972212875
1781531075.4327886,-0.050199629709804475,0.8174738475100836,0.31284958666806084,-0.26021308531955467,0.02522895369831568,-0.03132277948043434,-0.04426289444755804,0.8067382585908767,0.3154658257900556,-0.2601764243499292,0.02534359014281895,-0.031427911348484924,0.00031425083157201814,0.0001730461591685405,-7.870580769908998e-05,0.0006852015250667613,-0.0010736957911170926,0.0016256564862467595,-0.0212972644550878,0.037378883571517134,-0.008752327230915754,0.00011036870827569844,0.0006298634457187844,-0.0005527824427071345,12.543619978285935
1781531075.4427083,-0.050385222736844544,0.817965823783876,0.31273204574949554,-0.2601838741323196,0.02522546302369344,-0.03128377022252064,-0.04541235585852893,0.8086061296615517,0.31500713914665024,-0.26024112338589933,0.025357806385362114,-0.031447581186999224,0.00022508626251431928,0.0002667350360982037,-4.6402862177888254e-05,0.0009186153112553797,-0.0011027103242797769,0.0018497772828949914,-0.020515815945439976,0.03715357567305172,-0.009391619444453556,-0.0009463919850957809,-0.0016888658678062003,0.00011094987991570875,10.840172001342843
1781531075.4527106,-0.05039397681594479,0.8179778530935493,0.3127350699601526,-0.26016019604435614,0.025223067933848098,-0.03125286264968277,-0.04541235585852893,0.8086061296615517,0.31500713914665024,-0.26024112338589933,0.025357806385362114,-0.031447581186999224,0.00015065526882846055,0.0003385661474434252,-1.9882953386833934e-05,0.0010683600634098986,-0.001094266589453868,0.0019670690834485438,-0.020216397217776825,0.037602847239379296,-0.00862218002416236,0.001115737607480573,3.0047801907185768e-05,-0.0011525455576046342,10.8539414885769
1781531075.462707,-0.0505579326395532,0.8184413848321005,0.3126151975318285,-0.2602567193861535,0.025255290639872197,-0.031288944054884874,-0.04541235585852893,0.8086061296615517,0.31500713914665024,-0.26024112338589933,0.025357806385362114,-0.031447581186999224,0.0002190531612399998,0.00020923686874637883,-3.631055287810004e-05,-9.225718135534773e-05,-0.0005339717832349964,0.001462311724482631,-0.020013899736853726,0.037518202965225095,-0.00986433272176068,-0.0003156673748705816,-0.0008170065702001166,0.0001644962165990142,11.354760647760918
1781531075.4727643,-0.050717820694182854,0.8189260079760778,0.3124829662013139,-0.2603401695198251,0.025307252204912478,-0.03131247881622476,-0.04541235585852893,0.8086061296615517,0.31500713914665024,-0.26024112338589933,0.025357806385362114,-0.031447581186999224,0.0003070416920922291,0.0002286284542102532,-0.00013599263055318276,-0.0009869629323914094,0.0001382252140696722,0.00120047457873601,-0.01942753104651438,0.03703057484054196,-0.010307361846349184,-0.0013773139434423366,0.0005463033575135869,-0.0002407537695565268,11.8751545087614
1781531075.4827688,-0.05088012317186986,0.8194095752839232,0.31235223638864285,-0.26040947908437667,0.025350548716084775,-0.03133330962213082,-0.04541235585852893,0.8086061296615517,0.31500713914665024,-0.26024112338589933,0.025357806385362114,-0.031447581186999224,0.0003737859923889235,0.0002412985437477551,-0.00021429156158456317,-0.0016303165797949505,0.0006381010143986899,0.0009714306489541337,-0.018310331143023634,0.03657035325141292,-0.008788388274163067,0.0005215097124835642,-0.003947428368865646,0.0017715148975293968,12.395943907700378
1781531075.4927611,-0.05104452915449109,0.8198922148925334,0.3122228230164643,-0.260466296318661,0.025386167767158296,-0.03135154352973639,-0.04639647512179912,0.8104458768744773,0.31453352247783395,-0.260256163700439,0.02529780840736562,-0.03143060682643997,0.0004226302766951471,0.00024841225391175316,-0.00027443254961581647,-0.0020677310700239248,0.0009951781715655233,0.0007732266132809616,-0.01828131929542434,0.03681549797335022,-0.006868838550943567,0.0020256810849862425,-0.0017214283683992773,0.0014545097872349245,10.778545367672265
1781531075.50276,-0.05120994126869008,0.8203451836296988,0.3121139385152792,-0.2604400968826883,0.025357055968120434,-0.031374026171626185,-0.04639647512179912,0.8104458768744773,0.31453352247783395,-0.260256163700439,0.02529780840736562,-0.03143060682643997,0.00046422569010298736,6.419056903402736e-05,-0.00016480500105711408,-0.0015496499355072803,0.0006427445116000193,0.0003698793255333293,-0.018707906794878847,0.03700600822691649,-0.008701124266075203,-0.00011139030489832852,-0.00349616483522936,0.0019976533143203205,11.270320187691665
1781531075.512701,-0.05137702706425441,0.8208016637088327,0.3120034005794744,-0.2604166420904826,0.02533191270529267,-0.03139311288761998,-0.04639647512179912,0.8104458768744773,0.31453352247783395,-0.260256163700439,0.02529780840736562,-0.03143060682643997,0.0004917351603997341,-8.451101338157726e-05,-7.471070159806301e-05,-0.0011190506918279807,0.000361085880686042,5.753948183126375e-05,-0.02027010730698324,0.03914180949707118,-0.009142058891620912,1.4732471335576304e-05,-0.0017811012952278057,0.0019209276913167313,11.766466565229392
1781531075.5227113,-0.05149309494645557,0.8212759261465795,0.31188574553885895,-0.26039588587720797,0.02531043108647335,-0.03140913261311881,-0.04639647512179912,0.8104458768744773,0.31453352247783395,-0.260256163700439,0.02529780840736562,-0.03143060682643997,0.0005075882408182657,-0.000202813811130124,-1.4387563505655477e-06,-0.0007657854572512743,0.00014016593541831313,-0.0001780617782195113,-0.02029664860878272,0.03858200595721592,-0.010980917992912285,-0.0033291261817350658,-0.0017802377688057396,0.0028424201744720705,12.25872030808314
1781531075.532758,-0.05148733116423562,0.8212602437535776,0.3118935248371403,-0.2603777198455618,0.02529228095032776,-0.03142241576788245,-0.04639647512179912,0.8104458768744773,0.31453352247783395,-0.260256163700439,0.02529780840736562,-0.03143060682643997,0.0005138830097618182,-0.0002952142641106306,5.7400224629686236e-05,-0.0004801338952139602,-2.919769720351035e-05,-0.00034971622214120487,-0.01909177214008953,0.03879837855490578,-0.00927111201500832,-0.0009687164412663663,0.0007837518915697364,0.000983237439029549,12.240789753257843
1781531075.5427508,-0.05160573487707131,0.821739574890151,0.3117734960403105,-0.260361991862308,0.025277123738597584,-0.03143328484160621,-0.047382616417599055,0.8123761984349983,0.31405407321002216,-0.26030792290344873,0.025264110729114497,-0.03135758290786894,0.0005124248617559634,-0.00036565020256461436,0.00010390725975276992,-0.0002529620939987218,-0.00015529621810994327,-0.00046875872369798414,-0.0188062393185749,0.03850208000194076,-0.008080307517980634,0.0003888161354979962,0.0006178274063492731,0.0013172469715874056,10.521814500866938
1781531075.5527146,-0.05172889063119375,0.8222234615564005,0.3116380463401179,-0.2603990271932296,0.02529059162848779,-0.03137901159520416,-0.047382616417599055,0.8123761984349983,0.31405407321002216,-0.26030792290344873,0.025264110729114497,-0.03135758290786894,0.00047325242154360554,-0.00037873750630732585,3.193880767453263e-05,-0.000644636772218652,-0.000148930297727934,0.00019261686867112445,-0.018381660495434732,0.03947326833888441,-0.009242917773712821,-0.0009003935160875597,0.0030266794294014454,-0.0012710767297092447,11.031585396396324
1781531075.5627606,-0.051852367146794386,0.8227088442829289,0.31150376544250585,-0.2604295898076769,0.025302007096603463,-0.03133356944591416,-0.047382616417599055,0.8123761984349983,0.31405407321002216,-0.26030792290344873,0.025264110729114497,-0.03135758290786894,0.00043580924951594214,-0.0003844446536270334,-2.624023060406188e-05,-0.000920459483434599,-0.0001400852160689905,0.0006828909499173397,-0.018507257411042186,0.04101051732935126,-0.00943557147757854,-0.0006705536530573792,0.002401097723858367,-0.001715604842943607,11.543236613227393
1781531075.5727594,-0.05197609743645886,0.8231955321526134,0.31137051559732093,-0.26045446616899004,0.025311571968371638,-0.03129598794917671,-0.047382616417599055,0.8123761984349983,0.31405407321002216,-0.26030792290344873,0.025264110729114497,-0.03135758290786894,0.00040022873056868425,-0.0003841548941577591,-7.261231020725211e-05,-0.0011019283199301942,-0.0001296243673348183,0.001031544276379825,-0.018059811668362003,0.039551655671670884,-0.010803266270536783,-0.001966763868161718,0.00245763303535097,-0.0017160149765257063,12.05651406603233
1781531075.582782,-0.05210002339827178,0.8236833517585543,0.31123817473553866,-0.2604744011720856,0.025319488191811512,-0.03126532482977072,-0.047382616417599055,0.8123761984349983,0.31405407321002216,-0.26030792290344873,0.025264110729114497,-0.03135758290786894,0.0003665943408092486,-0.00037905465046683776,-0.00010891849903975847,-0.0012077337723938825,-0.00011823897411025519,0.001264542339747694,-0.016561526528953714,0.038799906917307475,-0.008917471196370883,0.0003013123829997845,6.73059175996018e-05,-0.0008699947955610329,12.57119441907977
1781531075.5927594,-0.05222409514880985,0.8241721465911386,0.3111066345351559,-0.2604900881789275,0.025325952268909324,-0.03124068471012874,-0.04828477721758234,0.8143577992409723,0.31358642167615985,-0.26032996124630914,0.025338833814895656,-0.031400502962109875,0.00033494843318269203,-0.000370157304458548,-0.00013668402472877194,-0.001253951086976034,-0.00010647231525646716,0.00140450601301496,-0.015552832573456412,0.03909373700871228,-0.008335621533617254,0.00097788957065803,-0.00040357287139453904,-0.0008122494776156074,10.862273423998085
1781531075.6027632,-0.05234827031329015,0.8246617762532055,0.3109757987615999,-0.26050216296360373,0.02533115123135099,-0.031221231858600207,-0.04828477721758234,0.8143577992409723,0.31358642167615985,-0.26032996124630914,0.025338833814895656,-0.031400502962109875,0.00030529981140856895,-0.0003583244850605369,-0.00015724151793894783,-0.0012542559768609464,-9.474193387031935e-05,0.0014709309620456114,-0.015314043805655467,0.038941852086415533,-0.010881367262296856,-0.002440407597521873,-0.002638383855158061,0.0004749746746088163,11.37977462033059
1781531075.6127574,-0.05241324014717407,0.8248327453249198,0.3109172405209355,-0.2605202180712695,0.02532883063766067,-0.031245963915865357,-0.04828477721758234,0.8143577992409723,0.31358642167615985,-0.26032996124630914,0.025338833814895656,-0.031400502962109875,-0.00012969017137924815,0.0007536504487206144,-0.000524182194997657,-0.0013076162725106498,-3.942886195433138e-05,0.0010430168647573002,-0.016795871267886092,0.03943466666921357,-0.011960962679621667,-0.0033159152516350457,-0.001616239173599614,0.0012823095139810699,11.57122420757739
1781531075.622739,-0.0525261994639533,0.8253144914188388,0.31077819406306567,-0.2605935486810755,0.025292056732320045,-0.03119515153960832,-0.04828477721758234,0.8143577992409723,0.31358642167615985,-0.26032996124630914,0.025338833814895656,-0.031400502962109875,-5.9294855928408e-05,0.0006540143080434534,-0.0005623278317835557,-0.001979243506237644,-0.0005662241475235078,0.001361548243305364,-0.016226787902807852,0.03978437396596655,-0.010803037603455648,-0.0020705531614116993,-0.0009702152229433348,0.0013681425242937778,12.079938264721267
1781531075.6327274,-0.05264064311810011,0.8257975171069806,0.3106411328597815,-0.26065344411522035,0.02526130902338508,-0.03115375430366578,-0.04828477721758234,0.8143577992409723,0.31358642167615985,-0.26032996124630914,0.025338833814895656,-0.031400502962109875,-2.03206059167882e-06,0.0005657420639395003,-0.0005858248602810293,-0.002428295733271504,-0.0009454338234618987,0.0015629412332938322,-0.01562043610583235,0.03853681510282157,-0.01115417477664131,-0.0021733904029608273,0.0003978818894534337,0.0006540144323845198,12.59029145052035
1781531075.6427355,-0.05275638706927274,0.8262816993535603,0.3105058057765007,-0.2607016331529279,0.025235917440350253,-0.03112054508107963,-0.049103296553173637,0.8163354999067449,0.31305235871162995,-0.260419610380168,0.025294800808720375,-0.031350626102093826,4.396272241291044e-05,0.00048771094987421854,-0.0005972646481137996,-0.002698287769620263,-0.0012036828724350595,0.0016710543490951635,-0.014977533145164632,0.038896749054432106,-0.009666402169913406,-0.0009478917473217728,-0.0012932493942872574,0.0019585277363173862,10.897563287545507
1781531075.652768,-0.05287326671708846,0.826766921506413,0.3103719876218208,-0.26073973163644604,0.02521523350579913,-0.031094380200998237,-0.049103296553173637,0.8163354999067449,0.31305235871162995,-0.260419610380168,0.025294800808720375,-0.031350626102093826,8.032904703280525e-05,0.0004188898735009753,-0.0005988802531202378,-0.0028267252833905562,-0.0013642314464017095,0.0017063171349410585,-0.015301781762022768,0.04067243932691525,-0.008137528319398386,0.0009914571789270184,-0.001177920364711569,0.0019912064861096405,11.411030663612888
1781531075.6627393,-0.052934892459198066,0.827240963785078,0.3102646756655713,-0.2607419840438354,0.02517690174619691,-0.03120977645439038,-0.049103296553173637,0.8163354999067449,0.31305235871162995,-0.260419610380168,0.025294800808720375,-0.031350626102093826,0.00013347768569758355,0.0001693163046042184,-0.0003928639057845568,-0.002510959409110058,-0.0012949358319873734,0.00019533912777148013,-0.01588750036225256,0.042226962099761664,-0.00958394054691622,-0.0005240472804622958,-0.0005553336842112443,0.0017184473272343801,11.890393027733552
1781531075.6727653,-0.052997565767716685,0.827718794906635,0.3101542577204527,-0.2607415818814689,0.025145764344348898,-0.03130731494575063,-0.049103296553173637,0.8163354999067449,0.31305235871162995,-0.260419610380168,0.025294800808720375,-0.031350626102093826,0.00017445268810275583,-3.318006557831961e-05,-0.0002225015285782986,-0.0022056422287522236,-0.0012075550742018967,-0.0009421332897111363,-0.01559036644597413,0.041614548014192475,-0.011275420722583106,-0.002843280009277692,-0.0010665838159303073,0.0016227259885840924,12.375125337746015
1781531075.682778,-0.05299189673970368,0.827698047354513,0.3101722666573559,-0.2607392023560509,0.025120869734051254,-0.03138880333754422,-0.049103296553173637,0.8163354999067449,0.31305235871162995,-0.260419610380168,0.025294800808720375,-0.031350626102093826,0.00020513582726512815,-0.00019531828991925642,-8.29198656721327e-05,-0.001916509438609958,-0.001109019087128045,-0.0017686146932215797,-0.014324114403520822,0.04008499963148154,-0.009664243888482638,-0.0010787918470176216,-0.0010472291019182893,0.0005760399761931756,12.350045593217674
1781531075.6927505,-0.05305634741174883,0.8281820989011746,0.3100566753577611,-0.2607354068628287,0.02510133402092385,-0.03145603536482344,-0.04986534718407937,0.8183380809103624,0.31255312138026015,-0.26048471698598186,0.025253795813734436,-0.03126507385822727,0.00022716814839902937,-0.00032300362236114405,3.018322478309255e-05,-0.0016474160480968172,-0.001004824690461028,-0.002339457863516214,-0.014143366753067559,0.040434385902282904,-0.007881566418858609,0.0012104121116041418,0.0012249666982822296,-0.0004721501796972926,10.645159247266848
1781531075.7027676,-0.05310557278155156,0.8286674637900945,0.30990768477857283,-0.26072870667157105,0.025114059385407783,-0.0313627439453152,-0.04986534718407937,0.8183380809103624,0.31255312138026015,-0.26048471698598186,0.025253795813734436,-0.03126507385822727,0.00033568364294162434,-0.0003729396149456166,-9.058822217731379e-05,-0.0014199309448304869,-0.0010233538140673433,-0.0010645133513332353,-0.013743696849906178,0.04214712591975503,-0.010221125150116826,-0.0011812848590443048,-7.115740347701727e-05,-0.0013824692006846637,11.14421587246778
1781531075.7127616,-0.05315792160348428,0.8291554253236321,0.3097613278593827,-0.2607217479093533,0.025125920758286124,-0.03128357494336258,-0.04986534718407937,0.8183380809103624,0.31255312138026015,-0.26048471698598186,0.025253795813734436,-0.03126507385822727,0.00041854351599191516,-0.00040830136554309234,-0.00018639245263054252,-0.001210611732502448,-0.001009230950666042,-8.010301305595062e-05,-0.014130682558577237,0.04274335566457838,-0.011817297998261329,-0.002665458594665762,-0.00019964299923379224,-0.0016784392850722725,11.646892183146065
1781531075.7227626,-0.05321299418847953,0.8296456729036265,0.3096172730144926,-0.2607147860694699,0.02513681020024716,-0.031217154462195362,-0.04986534718407937,0.8183380809103624,0.31255312138026015,-0.26048471698598186,0.025253795813734436,-0.03126507385822727,0.00047975782617244977,-0.00043151523666996584,-0.0002609397351025583,-0.0010206344875500776,-0.0009710281689703902,0.0006596741715077999,-0.013961677382519667,0.04136530252944198,-0.011664675753497392,-0.0029073235331902357,7.055200795099182e-05,-0.0012817126826162998,12.152678008528746
1781531075.732779,-0.053270433735502026,0.8301379214314036,0.30947522557719265,-0.2607080126492458,0.025146673437160816,-0.031162104128266505,-0.04986534718407937,0.8183380809103624,0.31255312138026015,-0.26048471698598186,0.025253795813734436,-0.03126507385822727,0.000522820012145181,-0.0004446829729802377,-0.00031747792066907904,-0.0008503506498036988,-0.0009158277317958224,0.0011959064962002324,-0.012500045948962462,0.03930959521516093,-0.011889580592192963,-0.0033207169062340444,-0.0002550032561005664,-0.001998581287775753,12.661133176743155
1781531075.7427583,-0.053260515468541395,0.8301300275863003,0.30946607602129916,-0.26070156595133825,0.025155497885418487,-0.03111707994277181,-0.050549120369948186,0.8203982440150616,0.31199911454022655,-0.26059947411585754,0.025249990926099697,-0.03133489471432126,0.0005507645185226725,-0.00044961909338403966,-0.00035884249052072176,-0.0006994842452053618,-0.0008494016873882169,0.0015649515583298255,-0.011917577970197848,0.03955295783217641,-0.010839507304551063,-0.0018289493070723873,-0.000668289707046763,-0.0009580878459207089,10.415160056210224
1781531075.7527022,-0.05332175367406428,0.8306255248604577,0.30932728568743645,-0.26069554063524136,0.025163302540357035,-0.031080800450885862,-0.050549120369948186,0.8203982440150616,0.31199911454022655,-0.26059947411585754,0.025249990926099697,-0.03133489471432126,0.0005662188723231541,-0.00044788454787904173,-0.00038750195794972253,-0.000567296812531849,-0.0007763823185311122,0.0017986272093217612,-0.011797444679542966,0.0418088003851626,-0.00983069298592621,0.00024644376850498464,9.629683976983887e-06,-0.0011600807807263917,10.928103145024865
1781531075.7627609,-0.05337288287600475,0.8311071279080872,0.30920926098142704,-0.26075874434317486,0.02514702298247795,-0.03109588628235266,-0.050549120369948186,0.8203982440150616,0.31199911454022655,-0.26059947411585754,0.025249990926099697,-0.03133489471432126,0.0006480432656550645,-0.0005550099165674683,-0.0002753993137456787,-0.0011911695082145657,-0.000821171039548539,0.001397382079362886,-0.011599029193385539,0.04268745369927198,-0.011825775197930141,-0.0016787960091490146,-0.00193558018722387,-0.00020676532201391445,11.420906785560433
1781531075.7727022,-0.0534269600271452,0.8315919765502384,0.3090894855045263,-0.2608108461659112,0.02513372751791798,-0.031110008435451544,-0.050549120369948186,0.8203982440150616,0.31199911454022655,-0.26059947411585754,0.025249990926099697,-0.03133489471432126,0.0007055183256623848,-0.0006339747473192845,-0.00018191673171675783,-0.0016260120693196965,-0.0008322469633344034,0.0010584942789320505,-0.011453337996493292,0.04197708351679423,-0.011889500493675818,-0.0012019791485376095,-0.002787819866508353,0.001028062573052679,11.918370286536774
1781531075.7827628,-0.05348359588351931,0.8320796383196344,0.30896816452889403,-0.26085320354723335,0.02512303182087572,-0.031123022179195672,-0.050549120369948186,0.8203982440150616,0.31199911454022655,-0.26059947411585754,0.025249990926099697,-0.03133489471432126,0.0007427181272266468,-0.0006893324896714067,-0.00010456635493364298,-0.0019073175684064584,-0.0008177611213571618,0.0007756045618448398,-0.010576271156018459,0.04136951188459062,-0.009911534910952242,0.0008022021361026347,-0.002809306630031686,0.0016006503666647768,12.419854162181275
1781531075.7927396,-0.053473049834839546,0.8320678718053302,0.30897672975878593,-0.26088710031270235,0.025114576798806798,-0.031134849360454894,-0.05111771013850841,0.8224435910141226,0.31145068800316,-0.260641436573629,0.025161521303895373,-0.03132439119600822,0.0007631701363953902,-0.000725037656443385,-4.114658722559748e-05,-0.002065882581204416,-0.0007845201823433375,0.0005424154484869243,-0.00988621404533204,0.03829623225118611,-0.009967961141779908,-0.0004717177286806543,-0.0013216904555099335,0.0020703847077803246,10.212486241265003
1781531075.8027546,-0.053528499649599506,0.8325689419577441,0.30887929586074436,-0.26094330388997883,0.02509793749974132,-0.03120908951307412,-0.05111771013850841,0.8224435910141226,0.31145068800316,-0.260641436573629,0.025161521303895373,-0.03132439119600822,0.0008060600910768228,-0.0007117895678448655,0.0001827058921624012,-0.0024335966834159208,-0.0006655967822519248,-0.00034646205428224327,-0.010039699818783762,0.03954836904683905,-0.010340010661231563,-0.0007822716907222529,-0.0004760984965304824,0.0021167672518466844,10.721319664498466
1781531075.8127613,-0.05352512162944686,0.8330696512939326,0.30877536064616623,-0.26099070346949954,0.025112155129100477,-0.031242786098299516,-0.05111771013850841,0.8224435910141226,0.31145068800316,-0.260641436573629,0.025161521303895373,-0.03132439119600822,0.0008717949644454896,-0.0007105865357798298,0.0003575321704601794,-0.002676249061144338,-0.00034829135109869084,-0.0006238857060036632,-0.010269146638483093,0.041529059438066264,-0.011233631159947416,-0.0017250318446907027,6.675614127205155e-05,0.0017436844195892803,11.219009030388502
1781531075.8227375,-0.053524774620682225,0.8335713874977965,0.30866689012452597,-0.26102810183302694,0.025124568365916033,-0.03127065678202587,-0.05111771013850841,0.8224435910141226,0.31145068800316,-0.260641436573629,0.025161521303895373,-0.03132439119600822,0.0009135186285752737,-0.0007006169210200813,0.0004933477174026203,-0.002784805130240025,-0.00010100925799385961,-0.0008146688872184573,-0.010593194176310465,0.04205807770563914,-0.01092969348992411,-0.002117362440155195,0.00040942048710882866,0.001939798853764626,11.720552232403355
1781531075.8327372,-0.05352705368304622,0.8340739931901985,0.308554453296055,-0.26105698283803147,0.025135290118113884,-0.03129339936410418,-0.05111771013850841,0.8224435910141226,0.31145068800316,-0.260641436573629,0.025161521303895373,-0.03132439119600822,0.0009354380573794799,-0.0006837360541755481,0.0005961255756707048,-0.0027899156320394395,8.703738328711853e-05,-0.0009353139244211352,-0.00938542133264782,0.04031602755878969,-0.009820434661623016,-0.0010829023346514454,-3.9555738548415245e-05,0.00045897349902792575,12.22535752325947
1781531075.8427026,-0.053531600544812194,0.834577333129253,0.3084385581272949,-0.26107869144966495,0.025144451209060614,-0.03131167706169058,-0.0516094802037278,0.8244519714150949,0.310941287792838,-0.260674604444187,0.02513889227441135,-0.03125376279612209,0.000941181436339187,-0.0006615209174304432,0.0006710793646284997,-0.0027173777838237355,0.00022555314496673355,-0.0010001051033589762,-0.008741638130355972,0.03856367657274026,-0.009707787642746874,-0.0022114591462817825,-0.00021237877158678957,0.000239203557084369,10.605713188038733
1781531075.8527663,-0.053538098847731676,0.8350812910831006,0.3083196568505989,-0.26109443174852226,0.025152192319770617,-0.03132610902734401,-0.0516094802037278,0.8244519714150949,0.310941287792838,-0.260674604444187,0.02513889227441135,-0.03125376279612209,0.0009338663423271075,-0.0006353050603601226,0.0007227469971386351,-0.0025886460643230417,0.0003231652332913644,-0.0010212738623399937,-0.008257224324922737,0.04083802654123224,-0.010208175939593733,-0.002189542383645395,-0.0011027289835699632,-0.0005736213272521331,11.116427271203552
1781531075.8627863,-0.05353964235183286,0.8350982438124458,0.30831361499934634,-0.26114606309781724,0.02515193406641769,-0.03131107442087287,-0.0516094802037278,0.8244519714150949,0.310941287792838,-0.260674604444187,0.02513889227441135,-0.03125376279612209,0.0008637132791493017,-0.0004792956185057911,0.0006362179866096369,-0.0028738136932423292,0.00024256732743127186,-0.0007519909742083714,-0.008621916734447633,0.042635235094006615,-0.010036371661354253,-0.0021808955327769493,-0.0008526480219499986,-0.0006742687283402966,11.134330073526213
1781531075.8727143,-0.0535561912452723,0.8356186647500333,0.3081738273212569,-0.2611868326750444,0.02515167912265892,-0.03129770390485091,-0.0516094802037278,0.8244519714150949,0.310941287792838,-0.260674604444187,0.02513889227441135,-0.03125376279612209,0.0007964521592291503,-0.000347982264899418,0.0005586932921574227,-0.0030088160293436058,0.0001755346194755806,-0.0005296435260047424,-0.008073304843261176,0.042812059748808244,-0.010629741730195347,-0.0032994430071885384,-0.00011500358358501337,-0.0014453013112922073,11.668057309492191
1781531075.8827677,-0.053572935834947745,0.8361371555036997,0.30803447269429785,-0.2612183479202028,0.0251514336015628,-0.03128594622081199,-0.0516094802037278,0.8244519714150949,0.310941287792838,-0.260674604444187,0.02513889227441135,-0.03125376279612209,0.0007323648803991006,-0.00023815814143213643,0.0004893793375032815,-0.0030276092193668143,0.0001205016503864792,-0.00034854918380298295,-0.007294839923221385,0.04169183064998272,-0.008987429712282233,-0.0014583865922159227,0.0004263806825133,-0.0015105787853518283,12.200338487822968
1781531075.8927236,-0.05358981243703683,0.8366539403766478,0.30789553599485114,-0.2612420665498312,0.02515120182637487,-0.03127571881587499,-0.05202013689908147,0.8265299518262919,0.31041045256712546,-0.26082960761260965,0.02511296764258608,-0.031296559629947276,0.0006716375268815573,-0.00014697657814487713,0.0004275350225059501,-0.0029588164143631033,7.59667764737056e-05,-0.0002033212284167756,-0.00675175765450763,0.03941901292577934,-0.0109414433504898,-0.004281790848951191,0.00062057426483881,-0.0008529512686329475,10.549115167998348
1781531075.9027843,-0.05360676810556219,0.8371692197668453,0.30775699935243245,-0.26125929419609545,0.025150986665356756,-0.03126691794861712,-0.05202013689908147,0.8265299518262919,0.31041045256712546,-0.26082960761260965,0.02511296764258608,-0.031296559629947276,0.0006143769084290945,-7.191612465401395e-05,0.00037247076394983044,-0.002826281438625555,4.0517331174159865e-05,-8.894186620673506e-05,-0.006659575136801668,0.040576069964108785,-0.010192305042174414,-0.002860582919976605,0.00025027105149241525,-0.00047728588084053103,11.079360760388306
1781531075.9127567,-0.05361526214457804,0.8376610340771204,0.3076267518944121,-0.2612666126292808,0.025160012161008494,-0.031291757022353095,-0.05202013689908147,0.8265299518262919,0.31041045256712546,-0.26082960761260965,0.02511296764258608,-0.031296559629947276,0.0006152017664257376,-0.0001655061245188456,0.0003708535515865127,-0.0025908768427576876,0.00020127687368953046,-0.00031566295061586443,-0.006879874880290956,0.04276577564458625,-0.010057045500538727,-0.0018872578431287025,7.824309125579466e-05,-8.967689778543034e-05,11.584230922197504
1781531075.9227705,-0.053624965978920566,0.8381548623267082,0.30749570331257425,-0.2612703810749103,0.025167498970744218,-0.03131232070622124,-0.05202013689908147,0.8265299518262919,0.31041045256712546,-0.26082960761260965,0.02511296764258608,-0.031296559629947276,0.0006080687092421881,-0.00023854053310548747,0.0003648562058672733,-0.002343576824765458,0.00031622152778575335,-0.0004768950748620037,-0.006610024088252073,0.04324649192025206,-0.010217979143316368,-0.00206934547960716,-0.00020719544631060148,0.00038998018657249704,12.091723770211368
1781531075.9327989,-0.05362096802291759,0.8381448274860024,0.307498251835741,-0.2612713864429034,0.025173627979984792,-0.03132911809365366,-0.05202013689908147,0.8265299518262919,0.31041045256712546,-0.26082960761260965,0.02511296764258608,-0.031296559629947276,0.0005946376344792909,-0.00029414804476648787,0.0003554185991452763,-0.00209413324110554,0.0003936916702053478,-0.0005846456160088572,-0.006263199081757748,0.043099055732280823,-0.010414816555555224,-0.003020680381963439,-0.0006019628564630426,0.0007685218253770626,12.080931668437453
1781531075.9427602,-0.053632598174971964,0.8386419574464271,0.30736594279022134,-0.2612702939805728,0.02517857187207162,-0.03134263373034474,-0.05234438751186277,0.8286193693722805,0.309878828429452,-0.26098651060239403,0.0251001226004246,-0.03130332889290889,0.000576320865644454,-0.00033506110780926986,0.00034333882731251813,-0.0018499115034378653,0.0004409623976735714,-0.0006493751217904284,-0.0056538928443769865,0.04295548210089077,-0.010227022300573053,-0.0025809169174132976,0.00021762550186711334,-8.17870041129517e-05,10.412797542083744
1781531075.9527404,-0.05359024103901695,0.8391386917522339,0.30723177271237645,-0.2612676595663887,0.025182492462935135,-0.03135332050408335,-0.05234438751186277,0.8286193693722805,0.309878828429452,-0.26098651060239403,0.0251001226004246,-0.03130332889290889,0.0005543140848367518,-0.0003636594519597173,0.0003292910592388935,-0.0016162873296014385,0.0004643114504290471,-0.0006800988468825991,-0.00577121854346414,0.044167926050409714,-0.011195154690317729,-0.0033537862688728425,0.0004354363800105286,-0.00027439411794951036,10.918571257898732
1781531075.962711,-0.05354908019605373,0.8396454872158592,0.30710279240509253,-0.26121533511745376,0.025167577234602723,-0.03132926870708236,-0.05234438751186277,0.8286193693722805,0.309878828429452,-0.26098651060239403,0.0251001226004246,-0.03130332889290889,0.0005263056143303461,-0.00031325499696840584,0.00035660837585460705,-0.0008751269103369541,0.00018874904217326368,-0.0003943235392095492,-0.006335624024903225,0.04655478056636894,-0.012019322957762096,-0.003845571769442973,-0.0009671588614243001,0.0007856493143964897,11.433850408867892
1781531075.9727335,-0.05350839037506182,0.8401520573524134,0.3069727278207222,-0.26117051250547096,0.025154956990062205,-0.03130864492902688,-0.05234438751186277,0.8286193693722805,0.309878828429452,-0.26098651060239403,0.0251001226004246,-0.03130332889290889,0.0004971523396367623,-0.0002688223948536853,0.0003740193940206637,-0.000295845736743096,-2.2886940312126134e-05,-0.00016940846486575905,-0.006402501883368167,0.04797481511409675,-0.012160502969593956,-0.004110834075382626,0.0007074363745018042,-6.098419269152428e-05,11.950029935556483
1781531075.9827635,-0.053468087079564276,0.8406584189835232,0.306841725276654,-0.26113253763741073,0.02514440189985856,-0.03129115406491996,-0.05234438751186277,0.8286193693722805,0.309878828429452,-0.26098651060239403,0.0251001226004246,-0.03130332889290889,0.00046744944846856127,-0.00022974684208323798,0.00038325728647187706,0.00014628825328117908,-0.00018083200638635696,3.749657634364114e-06,-0.005991733844237513,0.046501820341236885,-0.01221411848893197,-0.0033216595404728733,-0.0001420620753126323,0.0002990440531092537,12.46697284111709
1781531075.992757,-0.053428097512075404,0.8411645865373706,0.306709912787368,-0.2611007329895315,0.0251356832087144,-0.0312764892665859,-0.052641932431992,0.8309121926885136,0.30931078661907674,-0.26110844691342344,0.025106456558986467,-0.03131786329595783,0.00043768170574088233,-0.00019546691163271278,0.0003858169595499261,0.00047356006022841626,-0.0002942249328788964,0.0001333883133771166,-0.005022264086711027,0.044753490066821916,-0.01271659191536413,-0.0038415640454396317,0.0007256254746270861,-0.00046681527329481406,10.606327349921415
1781531076.0027492,-0.0534517431567011,0.8413260056684998,0.3066725281888052,-0.26108818276481716,0.025127921899510852,-0.03126521040645572,-0.052641932431992,0.8309121926885136,0.30931078661907674,-0.26110844691342344,0.025106456558986467,-0.03131786329595783,0.0002578315078246619,0.000858231334986312,0.0001236835892296853,0.000555824385697389,-0.00037568384631019296,0.0002158751867701637,-0.0040960521275984025,0.045086823301014066,-0.011878328199952373,-0.001997348559100773,0.0008187510335785333,-0.0012257697761666041,10.773286487274083
1781531076.0127625,-0.05340840100123847,0.8418218136802081,0.3065201656579435,-0.26112544081360034,0.02513645369686568,-0.03129125663182089,-0.052641932431992,0.8309121926885136,0.30931078661907674,-0.26110844691342344,0.025106456558986467,-0.03131786329595783,0.00026231465873862705,0.0007417691587846879,5.073022908172426e-06,9.547645132021128e-05,-0.00017146586283403874,-5.8270041206661045e-05,-0.004296099748384812,0.047281820115708015,-0.01105034645248219,4.488713797802421e-05,0.0010055320402674595,-0.0009176400769055456,11.286933578203682
1781531076.022752,-0.053365662883571086,0.8423183288893781,0.30637015588847716,-0.26115686564066315,0.025143794876814063,-0.031313152987026194,-0.052641932431992,0.8309121926885136,0.30931078661907674,-0.26110844691342344,0.025106456558986467,-0.03131786329595783,0.0002625898188583876,0.0006388774820361552,-9.020863568914045e-05,-0.00025206031072393527,-1.3758966207689133e-05,-0.0002620825281492858,-0.004392887240319815,0.04718028363755617,-0.012303055685080508,-0.0009915588539112456,0.0008088772037652957,-0.00025214319107662796,11.80131509167352
1781531076.0327642,-0.05332344573503809,0.8428155004094426,0.3062222166314453,-0.26118305961378896,0.0251500431676821,-0.03133134058620092,-0.052641932431992,0.8309121926885136,0.30931078661907674,-0.26110844691342344,0.025106456558986467,-0.03131786329595783,0.0002594834303844745,0.0005481835799321436,-0.00016555515812768262,-0.0005055584045660785,0.00010478193305870978,-0.0004076182307329621,-0.0039050223865228577,0.04545568188585443,-0.01215257422652699,-0.0009868992591881033,0.0004794256420489541,0.00016238063293487218,12.316349282553503
1781531076.0427566,-0.053281676186118405,0.8433132808050067,0.30607609569457844,-0.26120461725607447,0.02515530167925406,-0.031346251465670744,-0.05286249515091823,0.8332523887234327,0.30869060905412027,-0.2611751860580991,0.025157054843119475,-0.03134854544416606,0.0002537017865817734,0.0004684309076606213,-0.00022394357152262094,-0.000681657539316715,0.00019073232898963798,-0.000505505448781238,-0.0034844403791624997,0.04224056607049319,-0.012894084588732898,-0.0018059974292409732,-0.0011013063086557685,0.0017030686180551753,10.40350625147949
1781531076.0527337,-0.05328030518994287,0.8433077315566586,0.3060671951429145,-0.2612221109386114,0.02515967473425218,-0.03135829903422842,-0.05286249515091823,0.8332523887234327,0.30869060905412027,-0.2611751860580991,0.025157054843119475,-0.03134854544416606,0.00024584577892251716,0.0003984721082900413,-0.00026797862977666765,-0.0007949439154123054,0.0002499110977511115,-0.0005650118652138231,-0.003400204588275599,0.04289305452333317,-0.011224308349426964,0.0007274131840593977,-0.001289301063538916,0.002292950783220643,10.400326209880445
1781531076.0627701,-0.053221893055217545,0.843811811989598,0.3059511480593549,-0.26117816582876163,0.02516734058876713,-0.031324986314125974,-0.05286249515091823,0.8332523887234327,0.30869060905412027,-0.2611751860580991,0.025157054843119475,-0.03134854544416606,0.00034963594373990344,0.0003857647868036691,-0.00012916297283495736,-0.0002375546112466251,0.00020978181718179055,-0.00013048756307901802,-0.0029228592713135596,0.04560730198752197,-0.00981382792432753,0.0029722383458775066,-0.0010193687795446056,0.0014970013168177684,10.914908754061534
1781531076.0727007,-0.05316631642016578,0.8443156882633015,0.30583241090729596,-0.2611409817378507,0.025173631867684954,-0.031296801510832334,-0.05286249515091823,0.8332523887234327,0.30869060905412027,-0.2611751860580991,0.025157054843119475,-0.03134854544416606,0.00042852565913221476,0.0003706756587314678,-1.6088864281117227e-05,0.00018658048134732202,0.0001739718943450709,0.00019865895877858744,-0.002869629172482037,0.04470876783156705,-0.011387798513820217,0.00026969667118089703,-0.0011696637454629716,0.0015919922867662912,11.430581818919773
1781531076.0827627,-0.05311321153990352,0.8448194082065021,0.30571129734937014,-0.2611098813157405,0.025178721222052003,-0.03127323044323542,-0.05286249515091823,0.8332523887234327,0.30869060905412027,-0.2611751860580991,0.025157054843119475,-0.03134854544416606,0.0004864263494445649,0.00035386567485136275,7.488785655568518e-05,0.0004992630607511825,0.0001423785635551911,0.000439839746262271,-0.002260273195351247,0.04250122219482201,-0.01272411724469351,-0.0022757360661818785,-0.00035216452298971753,0.0005961765751516772,11.94717944384682
1781531076.092786,-0.053007956695091535,0.8453157562703597,0.30558820142886106,-0.2610841905123592,0.025182770873835025,-0.03125376154722209,-0.05300528595863169,0.8354192663068278,0.3081650698595166,-0.2611374073514541,0.025125820030740043,-0.031271882368828524,0.0005267439533886438,0.00033588723369348746,0.00014697262036481723,0.0007198791389434706,0.00011480939916813578,0.000608508942009439,-0.0017656252462746969,0.04118966117761602,-0.012570526938048863,-0.0023985059316908317,6.72201930161005e-05,0.00015359196900807638,10.226474057075068
1781531076.1027591,-0.05290456381061809,0.8458120181055541,0.3054632649643277,-0.26106325620177384,0.0251859307934561,-0.031237899224796736,-0.05300528595863169,0.8354192663068278,0.3081650698595166,-0.2611374073514541,0.025125820030740043,-0.031271882368828524,0.0005524354626788848,0.0003171985915074423,0.00020297804112377076,0.0008654740930260473,9.101006539120852e-05,0.0007182306697387789,-0.0010824440832395113,0.0413500474823558,-0.011591358469731023,-0.0013776438945729812,-4.5810545686182896e-05,-0.00032272544001070945,10.738677041083525
1781531076.1127293,-0.052807804648252216,0.8463021183329004,0.30534156100537474,-0.26104314548289187,0.025177204037830414,-0.031294419286745076,-0.05300528595863169,0.8354192663068278,0.3081650698595166,-0.2611374073514541,0.025125820030740043,-0.031271882368828524,0.0005296480875356635,0.00023253817509832184,0.00028060347229148666,0.001006049037494035,0.00014832773263969519,1.929486122039545e-05,-0.0007462994502209604,0.04231534158779223,-0.010526600325517756,-0.00020163114531894172,0.0004920410748597333,-0.0009293498937041636,11.24489525690469
1781531076.1227727,-0.05280595515381793,0.846296293189893,0.305353179149865,-0.26102715355190165,0.025169728864515406,-0.03134193975623667,-0.05300528595863169,0.8354192663068278,0.3081650698595166,-0.2611374073514541,0.025125820030740043,-0.031271882368828524,0.0005046438154969448,0.0001616285709346598,0.0003393635534742207,0.0010838391636947128,0.00018721113767374947,-0.0005049223211608263,-0.0011374736127597257,0.042714328306605015,-0.010677094305579145,-0.000777289806591721,0.0016354702478365687,-0.000704612215872504,11.236377349826512
1781531076.1327634,-0.05271033057577941,0.8467877850901008,0.3052275449435194,-0.2610146855078034,0.025163395912692677,-0.031381416353981936,-0.05300528595863169,0.8354192663068278,0.3081650698595166,-0.2611374073514541,0.025125820030740043,-0.031271882368828524,0.00047817670766396597,0.00010265624635093146,0.0003822344882845985,0.0011124573291309734,0.00021121869363281042,-0.000883879476173298,-0.00036631183788783086,0.04136428484971111,-0.012300672950637456,-0.0024653473205722347,0.0010576148231261375,-0.00011370542832995462,11.745606439669581
1781531076.1427627,-0.052615133773060055,0.8472798571556645,0.30510032037233437,-0.2610051991386192,0.025158092017578015,-0.031413785355770635,-0.05304321144852886,0.8375156767561911,0.30757244456974153,-0.2612163640717091,0.025156724258447172,-0.03130204785198652,0.0004508706396589795,5.401408855910243e-05,0.00041180682469721207,0.0011034491814855,0.000223423625078155,-0.0011436251043057972,0.0001412530656827169,0.041806917178491644,-0.011810568893488587,-0.0009824459609077175,0.0006134806034812346,0.0004954378914456784,10.08136237901904
1781531076.152769,-0.05252029494763957,0.8477724475425068,0.304971715086551,-0.2609982065535542,0.025153704255183484,-0.03143994283921123,-0.05304321144852886,0.8375156767561911,0.30757244456974153,-0.2612163640717091,0.025156724258447172,-0.03130204785198652,0.00042323707255926434,1.428105685769283e-05,0.00043032869182096705,0.0010664954361577004,0.0002264515403643615,-0.001306939614313557,0.0009004655215258026,0.043138136038778106,-0.011876175678247463,-0.0007564691464039485,0.00029905375746078786,0.00018490853351417618,10.594271210170994
1781531076.162762,-0.05241546721196342,0.8482377989215667,0.30482286961740046,-0.26114416522648354,0.0251520917258643,-0.031421867939648324,-0.05304321144852886,0.8375156767561911,0.30757244456974153,-0.2612163640717091,0.025156724258447172,-0.03130204785198652,0.00046487971853862635,-0.00017626687093549935,0.00032529591517138114,-0.000648306062116085,0.0001331507834198184,-0.0009782282171306798,0.0009815378642991205,0.04418576265003159,-0.011348056579301817,0.0007081035214028945,-4.502799157235354e-05,0.0006995623260185222,11.086844861110006
1781531076.1727076,-0.05231241027800311,0.8487076438745768,0.304675657708822,-0.2612663114493688,0.02515085036805642,-0.0314057654169186,-0.05304321144852886,0.8375156767561911,0.30757244456974153,-0.2612163640717091,0.025156724258447172,-0.03130204785198652,0.0004924188186713531,-0.00032700015140217783,0.000236856592403381,-0.0019154025871264745,5.95919081008205e-05,-0.0007051602260580302,0.001317675117866864,0.04409412434661453,-0.010960529239281744,0.0009962263417940865,0.0010996115675682156,4.383600323122756e-05,11.58384963850376
1781531076.1827805,-0.05221088406293987,0.8491814476738947,0.30452991628395415,-0.2613672723361107,0.025149920972887596,-0.031391581569390856,-0.05304321144852886,0.8375156767561911,0.30757244456974153,-0.2612163640717091,0.025156724258447172,-0.03130204785198652,0.0005082870224822562,-0.0004438613582052281,0.00016285866493686844,-0.0028123651138696995,2.8402381431234867e-06,-0.00048125829657686054,0.0021039555908295158,0.042024564782096,-0.012337281646913945,-0.00017959315325643773,-0.0014316124708220758,0.00037351254685588246,12.084699348802884
1781531076.1927161,-0.052110676536777804,0.8496587285362001,0.3043854943035535,-0.2614495961943487,0.025149250630066566,-0.03137922362194499,-0.0529735526919079,0.8396696658552061,0.30699739383502356,-0.26119562651024175,0.02515857983977665,-0.03129548287637099,0.0005145850778059742,-0.0005320502235039552,0.00010139153077935269,-0.003407446512447926,-3.976358432596549e-05,-0.00030032343250518116,0.0027088667545300442,0.042858437777317904,-0.011056610083083417,0.001463550913712593,0.00023615617817918916,-0.0007386141771222452,10.360885467295361
1781531076.2027574,-0.05200929051501309,0.8501494953747164,0.3042431705166873,-0.26144918901901837,0.025130134147264505,-0.0313728859710167,-0.0529735526919079,0.8396696658552061,0.30699739383502356,-0.26119562651024175,0.02515857983977665,-0.03129548287637099,0.0005269356267217069,-0.0005329772351374155,5.905254318698705e-05,-0.003032659246047507,-0.00025490310595386846,-0.0002546685333400313,0.0034274548874502504,0.044834582439982285,-0.009889055149048585,0.00260008150170626,0.0007413472725686755,-0.0007579493680583988,10.878528135324968
1781531076.2127619,-0.05190445429479535,0.8506173074637664,0.30411684303527603,-0.2614477129102873,0.025092446595157414,-0.03134952485643423,-0.0529735526919079,0.8396696658552061,0.30699739383502356,-0.26119562651024175,0.02515857983977665,-0.03129548287637099,0.0005616159795233925,-0.0006749606470985558,0.00012911930791806845,-0.0026916835081505362,-0.0006904283924922179,-8.693180475892321e-05,0.004104779245050841,0.045100058341494366,-0.011208236469016638,0.0007563883836981581,-0.0008537924283223728,-0.0010628868730599415,11.370637672624872
1781531076.2227564,-0.05189574056971464,0.8505930218284824,0.30412485008394147,-0.26144400236184706,0.025061379788012816,-0.03132996320944231,-0.0529735526919079,0.8396696658552061,0.30699739383502356,-0.26119562651024175,0.02515857983977665,-0.03129548287637099,0.0005823401909634757,-0.0007803886815884027,0.00018373095279179154,-0.002362522666763964,-0.000997855389145751,4.112192239214566e-05,0.003978129759623361,0.04407366025519938,-0.011221809074377979,-0.0007741139561719314,-0.00041982465171453885,-0.0014377531435739862,11.346051837160754
1781531076.2327137,-0.051741013472591184,0.8510565771817824,0.3039977193691395,-0.26143871905331034,0.025036124081021294,-0.03131378379435722,-0.0529735526919079,0.8396696658552061,0.30699739383502356,-0.26119562651024175,0.02515857983977665,-0.03129548287637099,0.0005915981900042454,-0.0008551351602191903,0.00022524365738369883,-0.00205122450011599,-0.0012008871716356125,0.00013593866554740858,0.00420186383446686,0.04248606199879377,-0.010409560595144958,-0.0010675133798477834,0.0005520002936826861,-0.0016566175272512823,11.839719143110734
1781531076.2427084,-0.051587633002954894,0.8515235520226397,0.30386960518671075,-0.2614324018405026,0.02501591377461576,-0.03130058140095959,-0.0529735526919079,0.8396696658552061,0.30699739383502356,-0.26119562651024175,0.02515857983977665,-0.03129548287637099,0.0005915341133218101,-0.0009043041957498057,0.0002557148762732185,-0.0017618314169812258,-0.0013201413314865836,0.0002032576622145873,0.005107723045745064,0.042924289286168184,-0.013117901860297917,-0.004211800355830421,-0.0007023829052411635,-0.0007311753451995184,12.337684243131573
1781531076.2527688,-0.0514354063884813,0.8519934880219889,0.3037406283482888,-0.26142548279732797,0.025000037052072654,-0.03128997092688644,-0.052776177727643814,0.8418811559029462,0.3064496165304195,-0.261212311314767,0.02515092929365248,-0.031341862098528794,0.0005839873364398137,-0.0009323173250449665,0.00027693618559422497,-0.0014967726281600558,-0.0013733592269414812,0.00024813156821891345,0.0052758126478315345,0.04504717785429468,-0.013117962807998975,-0.003969752670199353,0.0008253149725401654,-0.0008934602848023861,10.554408824783442
1781531076.2627602,-0.05128094292305588,0.8524733549849043,0.3036070956015396,-0.26142961847102,0.0250074169625365,-0.031209329627604296,-0.052776177727643814,0.8418811559029462,0.3064496165304195,-0.261212311314767,0.02515092929365248,-0.031341862098528794,0.0005989110339930327,-0.0008683249310224276,0.0002596964547372877,-0.0014004625246654082,-0.0013731010275723308,0.0010920510717400216,0.005032473858438402,0.04565932991779234,-0.013014224826928019,-0.0037603876931006927,-0.0014199593569682659,0.0011066791727004208,11.06843863170434
1781531076.2727442,-0.051127826141614936,0.8529544585260674,0.30347341553997464,-0.26143184193578933,0.025014582133434438,-0.031142797939877676,-0.052776177727643814,0.8418811559029462,0.3064496165304195,-0.261212311314767,0.02515092929365248,-0.031341862098528794,0.0006033025668079885,-0.0008059509965897164,0.00024256624387955343,-0.0012899618135534035,-0.0013353268726562907,0.0016944784206679245,0.005200999522758438,0.04609120121379828,-0.012792036209244045,-0.003400279075705494,0.0010207751595674025,1.3731777064899739e-05,11.584164461449626
1781531076.282716,-0.050975853461074125,0.8534366021881792,0.30333960830097345,-0.2614325719134583,0.025021390238942898,-0.03108865926503157,-0.052776177727643814,0.8418811559029462,0.3064496165304195,-0.261212311314767,0.02515092929365248,-0.031341862098528794,0.000599183515353534,-0.0007456666591461673,0.00022574100990189366,-0.0011718543558722498,-0.00127047605738528,0.002099473935013812,0.0049666874914718545,0.04316930841140319,-0.014724516269639533,-0.005750074316559807,-0.0011422581919648487,0.0016062520180502636,12.101308090571305
1781531076.2927551,-0.05082484925728108,0.8539196098295235,0.3032056922169233,-0.2614321630036794,0.02502774443993494,-0.03104528818100137,-0.052776177727643814,0.8418811559029462,0.3064496165304195,-0.261212311314767,0.02515092929365248,-0.031341862098528794,0.0005882845878997701,-0.0006878236578314076,0.00020937379597400126,-0.0010512811597834756,-0.0011871118567174787,0.002345454734844318,0.0058484484655955595,0.04325804703439639,-0.010899277401634986,-0.0007145205932658264,-0.0008891923475541166,0.0009639565211391726,12.619631559331085
1781531076.3027563,-0.050674661663050645,0.8544033250176889,0.30307168391396244,-0.2614309120538463,0.025033584620644422,-0.03101117207475393,-0.05250116845913089,0.8441592972814065,0.30581339047422434,-0.2613605714958875,0.025107257488603762,-0.03132673369510382,0.0005720810584937421,-0.0006326734251757442,0.0001935816574646436,-0.0009321614977393037,-0.0010921574310467157,0.0024655581080884224,0.006928237093701643,0.04327078299645912,-0.011756213019634705,-0.0009006711773548589,-0.001824430630312234,0.0011091730950740443,10.760724241445548
1781531076.312916,-0.050671523605463634,0.8544108761264758,0.3030687835187849,-0.26150699095550517,0.02505563222949636,-0.03103582475859258,-0.05250116845913089,0.8441592972814065,0.30581339047422434,-0.2613605714958875,0.025107257488603762,-0.03132673369510382,0.0005538086523859023,-0.0005493405378228702,0.00016182353682585684,-0.0016543331604193788,-0.0006711847169109486,0.001998712260567698,0.007501440695127735,0.04445073348808358,-0.013472531572939792,-0.0025275170154568016,-0.0018256589225930258,0.0010799630505064222,10.76918457670174
1781531076.3227437,-0.05052188559686514,0.8549320738873487,0.302930167251022,-0.26166016896889965,0.02508035748536952,-0.031104560930073535,-0.05250116845913089,0.8441592972814065,0.30581339047422434,-0.2613605714958875,0.025107257488603762,-0.03132673369510382,0.0005260858244936462,-0.00029325208948829696,0.00012844292651732091,-0.0031273518182970204,-0.00014381367422516887,0.0011256865768828023,0.007364492154973044,0.04550857992263615,-0.010862772482827323,0.000875264253303239,-0.0013197814579935636,0.001640335004127236,11.326219696139052
1781531076.3327818,-0.05037279579458187,0.8554481138409668,0.3027920415696603,-0.2617861606151559,0.02510100634132839,-0.03116340940085159,-0.05250116845913089,0.8441592972814065,0.30581339047422434,-0.2613605714958875,0.025107257488603762,-0.03132673369510382,0.0004971646409823122,-8.395535676598509e-05,0.00010001836645144165,-0.004145428850069179,0.00025528057524671407,0.0004407519041095961,0.0067713441592902315,0.043116564744831005,-0.010758505171460916,0.0007101887388607852,-0.00013220971393679227,0.0017751949049358885,11.878379465133788
1781531076.3427439,-0.05022417238668447,0.855959592384053,0.30265437104285,-0.261888333485636,0.025118036904003604,-0.031213237899762408,-0.05250116845913089,0.8441592972814065,0.30581339047422434,-0.2613605714958875,0.025107257488603762,-0.03132673369510382,0.00046764791051361423,8.51262407860962e-05,7.593255850030586e-05,-0.004794766441380998,0.0005473329527502004,-8.450576996222854e-05,0.007540394290826182,0.04216315727975846,-0.009315427283885678,0.002275734534063732,-0.0013402804103373911,0.002408256550584522,12.426225468390607
1781531076.352762,-0.05007594286323811,0.8564670498546388,0.3025171200648708,-0.2619698628272673,0.025131891223570735,-0.03125494362964629,-0.052144906579237316,0.84631403041533,0.3052642847320668,-0.2613500467286801,0.025015722808897634,-0.031249952770103312,0.0004380270978819238,0.00021978177197786008,5.563497590492908e-05,-0.0051500462647112895,0.0007511851274159081,-0.0004757464595397169,0.008463597053243415,0.04105630496952114,-0.011197912372001581,-0.0010883433417998535,-0.0003631200586834905,0.0011038947993888644,10.719670158255505
1781531076.362704,-0.04987639388065024,0.8569529786272395,0.30238333288050584,-0.26203369285284217,0.025142987231000502,-0.03128942129707554,-0.052144906579237316,0.84631403041533,0.3052642847320668,-0.2613500467286801,0.025015722808897634,-0.031249952770103312,0.0004086980566562497,0.0003250947590438444,3.863566990189977e-05,-0.005275273846414913,0.0008833695779196074,-0.0007558644257308991,0.008876049036376487,0.04260287698595824,-0.012021095335618109,-0.0019606891222029104,0.00025646961449288464,0.0008041158905740778,11.253144115772937
1781531076.3727918,-0.04985844792182801,0.8569759580281735,0.30241025749796957,-0.26194863182736766,0.025091747371237316,-0.03125571812501947,-0.052144906579237316,0.84631403041533,0.3052642847320668,-0.2613500467286801,0.025015722808897634,-0.031249952770103312,0.0004996483799378315,0.00046011961088234475,0.00021820897935078624,-0.0037797379372276584,0.00015173417933574183,-0.0004629715563904237,0.009285085264615951,0.04447346563155153,-0.012963753326670727,-0.004313863261931191,-0.0007632909873491868,0.0012235668787781828,11.271648728847277
1781531076.382707,-0.04964416012720829,0.8574613160385941,0.30230218279127524,-0.26187360757132366,0.025048621608559918,-0.031226927988620548,-0.052144906579237316,0.84631403041533,0.3052642847320668,-0.2613500467286801,0.025015722808897634,-0.031249952770103312,0.000566329805378087,0.000562683754197598,0.0003596006817512729,-0.002555720775002424,-0.0004006103425583835,-0.00023085358009360444,0.009059351115710752,0.04484771124640476,-0.013324766460360616,-0.005546488536751821,0.00032524526860144045,0.0006745833155382794,11.802108179965408
1781531076.392764,-0.049432342863257046,0.8579436505694921,0.30219079142022237,-0.2618081569135605,0.025012756307436268,-0.031202606391747448,-0.052144906579237316,0.84631403041533,0.3052642847320668,-0.2613500467286801,0.025015722808897634,-0.031249952770103312,0.0006126838898238577,0.0006378897203628204,0.00046854963865965594,-0.0015686483651856874,-0.0008034987254397968,-5.0623487558352245e-05,0.009023986023797233,0.04460444825777481,-0.01220202465887016,-0.004612226349971502,0.00022482089573628346,0.00030367792197003474,12.330954058032031
1781531076.402762,-0.04922266767288333,0.85842335250239,0.30207648676789367,-0.26175167080072853,0.024983313077673985,-0.031182298087088653,-0.05168336394178791,0.8485785163539801,0.3046243928871086,-0.26153181354945826,0.025032831997855665,-0.03122112029011452,0.0006421323773410191,0.0006901803404573889,0.0005500739365859264,-0.0007861296917581994,-0.0010833762470392862,8.579717115505392e-05,0.009186694458772222,0.043143058115318295,-0.010644126390478986,-0.0032795427729690073,0.0033235936421605453,-0.001433030876416501,10.462678935586828
1781531076.412761,-0.04902054798035316,0.8588558853945198,0.3019545408113765,-0.26173371611742985,0.02497005980287481,-0.031195434184772733,-0.05168336394178791,0.8485785163539801,0.3046243928871086,-0.26153181354945826,0.025032831997855665,-0.03122112029011452,0.0006174647870255235,0.0004258873645024006,0.0005758619253587663,-0.0005006736617982905,-0.001067683864542702,-9.949026341517694e-05,0.009384701272196044,0.042059072599021856,-0.010941500733107021,-0.004149768619982448,0.003712348343825046,-0.002320943490601927,10.947283377450677
1781531076.4227586,-0.048819183249212326,0.8592929230108939,0.30183107158846373,-0.26171815860926684,0.024959883272567707,-0.03120664853406438,-0.05168336394178791,0.8485785163539801,0.3046243928871086,-0.26153181354945826,0.025032831997855665,-0.03122112029011452,0.0005898384019766168,0.00020832363366932928,0.0005892670750955653,-0.0002730870868701853,-0.0010267002239350643,-0.0002355976451930139,0.009074491628553432,0.04312666672305139,-0.009825046810123184,-0.003085887620227378,0.0024047321431171914,-0.0018126211900990011,11.436987580954378
1781531076.4327629,-0.04881763332251864,0.8592680396621651,0.3018373192282425,-0.2617048230922729,0.024952290571421454,-0.03121611594078666,-0.05168336394178791,0.8485785163539801,0.3046243928871086,-0.26153181354945826,0.025032831997855665,-0.03122112029011452,0.0005601868303015265,3.1029639634140566e-05,0.0005925617572440969,-9.508960890602572e-05,-0.0009678886493385085,-0.00033113017293194975,0.009802633990795293,0.04351081987396652,-0.011283454050393457,-0.004518168357645449,0.0005880864381007961,-0.001185822633756199,11.412541352319144
1781531076.4427571,-0.04861744090241771,0.8597125608306252,0.30171137647266605,-0.26169351748039743,0.02494684165292549,-0.0312240152177045,-0.05168336394178791,0.8485785163539801,0.3046243928871086,-0.26153181354945826,0.025032831997855665,-0.03122112029011452,0.0005292852086945599,-0.00011169039591810308,0.0005876982804853748,4.088030526627835e-05,-0.0008973291269379036,-0.0003936461444061972,0.01048370484808754,0.04316166789568859,-0.012327960141278821,-0.004823055621586861,-0.004134990518323344,0.0018128127207427455,11.910184512511314
1781531076.4527512,-0.04841768874309212,0.860160164814992,0.30158444727681966,-0.2616840422819442,0.024943148128708126,-0.031230523281752465,-0.05118946443450145,0.8507655556022793,0.30403451453350194,-0.26175920750573844,0.02502501034080229,-0.031243413281170015,0.0004977716354853267,-0.00022484697806034442,0.000576347277970872,0.00014163862970780082,-0.0008198987360894531,-0.00042971254125159694,0.011770162621609726,0.041001001685836855,-0.013591712244571176,-0.005752313488736907,-0.00299987188675626,0.0008570261742434464,10.096744639008225
1781531076.4627209,-0.04822131925781583,0.8606118819662555,0.3014682961983052,-0.26167865661251144,0.024904078297568466,-0.03121670607465027,-0.05118946443450145,0.8507655556022793,0.30403451453350194,-0.26175920750573844,0.02502501034080229,-0.031243413281170015,0.00044797714947791356,-0.00029687491600984955,0.0006480967954425351,0.00018139556583025648,-0.0011813857912729715,-0.0003474827013774936,0.011674480061066467,0.04033250129123884,-0.013074379205281372,-0.003659181850889525,6.723650345450639e-05,0.0002489514166374166,10.599316260953579
1781531076.4727235,-0.04802480653186816,0.8610657935664859,0.3013497851943174,-0.2616742925569972,0.024872347537579165,-0.031205057189959348,-0.05118946443450145,0.8507655556022793,0.30403451453350194,-0.26175920750573844,0.02502501034080229,-0.031243413281170015,0.0004023271476221421,-0.0003509353042022552,0.0006974833373177135,0.00020621963293399748,-0.0014198979226577946,-0.0002763590537945503,0.01184318655411159,0.04343636054853418,-0.01120699486750323,-0.00010751421437265702,0.0027737605839846607,-0.0009186772653541984,11.104851794808505
1781531076.4827218,-0.047828144552597894,0.8615216214492178,0.30122922368692717,-0.26167081334062264,0.024846984262527405,-0.03119535177253642,-0.05118946443450145,0.8507655556022793,0.30403451453350194,-0.26175920750573844,0.02502501034080229,-0.031243413281170015,0.00036058265824942683,-0.0003898868258236619,0.0007282917051427213,0.00021917529624921982,-0.0015597404153473147,-0.00021550376486750454,0.012127918564527775,0.04353058384695217,-0.010035693319207756,0.001939257308245781,0.0017127269362026758,-0.0003197278290980045,11.612970360163432
1781531076.4927807,-0.04783051287160765,0.8615132085102484,0.3012378828394408,-0.2616680922802261,0.02482708619794849,-0.031187368160122173,-0.05118946443450145,0.8507655556022793,0.30403451453350194,-0.26175920750573844,0.02502501034080229,-0.031243413281170015,0.00032250235451131766,-0.0004162157996679411,0.0007437956403155613,0.0002228835786406012,-0.0016218252451351185,-0.00016400799692733444,0.01215150118314936,0.04196977893783287,-0.009793419871021999,0.0019701053897750584,-0.004008000070411771,0.002249456315151631,11.602402659116356
1781531076.5027008,-0.04763354514241747,0.8619721492589126,0.30111400063996785,-0.2616660137191624,0.02481182770037038,-0.031180893147794167,-0.05056837063960107,0.8529121980711214,0.30348877470325464,-0.2617449071743933,0.025020514919335435,-0.031242676803773836,0.0002878460767404091,-0.0004320781162083288,0.0007468171372400362,0.00021956148895294406,-0.0016239494801497563,-0.00012093458985742703,0.013407104890188502,0.04110235443826562,-0.008172106011374492,0.003760741279989854,-0.002570006145864931,0.00020227584206288646,9.815063325100782
1781531076.5127602,-0.04738695878346327,0.8624092446280895,0.300993318054633,-0.26166447342561855,0.024800463143822116,-0.031175725701198295,-0.05056837063960107,0.8529121980711214,0.30348877470325464,-0.2617449071743933,0.025020514919335435,-0.031242676803773836,0.0002563776453177365,-0.00043933708961200514,0.000739779782426981,0.0002110626265998828,-0.0015810891408735487,-8.535081594396761e-05,0.014141874179288402,0.03986179462656119,-0.01019081127488259,0.001170431210700975,-0.0021583303000437828,-0.000417805500675076,10.32194645349145
1781531076.5227237,-0.04712637209572992,0.8628559778650263,0.3008911235429036,-0.2616109891476931,0.02490969919393371,-0.031231540344323613,-0.05056837063960107,0.8529121980711214,0.30348877470325464,-0.2617449071743933,0.025020514919335435,-0.031242676803773836,0.00031249357032046447,-0.00040846366774608246,0.0008017201349152368,0.0007865225599443764,-9.872694154188844e-05,-0.00035598672765201224,0.014704714154193027,0.041418087955769324,-0.011405358215069855,-0.00047807142996279155,-0.0036080362571920405,0.00020539091166341117,10.838537821890744
1781531076.5327253,-0.04686765220250516,0.8633022852639346,0.30078490566335725,-0.26156672387113106,0.025001750879805718,-0.0312781891263057,-0.05056837063960107,0.8529121980711214,0.30348877470325464,-0.2617449071743933,0.025020514919335435,-0.031242676803773836,0.00035358231750804564,-0.00037850366413422925,0.0008412855787976731,0.001196163828444574,0.0010146591740557128,-0.0005490252915766429,0.013636530824437984,0.04226650504233732,-0.008398339747753916,0.0026671572997040726,-0.0034434571279041465,0.000477600435681315,11.356061668106515
1781531076.5427604,-0.04661056166728089,0.8637481949863773,0.3006751730575606,-0.2615305767688916,0.025078406721847912,-0.03131669416152402,-0.05056837063960107,0.8529121980711214,0.30348877470325464,-0.2617449071743933,0.025020514919335435,-0.031242676803773836,0.0003820870136405994,-0.00034965655183994483,0.0008623877124140962,0.0014703503166377252,0.001821107616064775,-0.0006786376537618229,0.012700701762750354,0.03890921140883896,-0.010358748750323598,-0.000982462126796756,-0.0024907619998578504,-0.0002305547472913859,11.874318305884621
1781531076.552758,-0.046354888439253374,0.8641937387607477,0.300562387321369,-0.2615015010175079,0.025141428332217775,-0.031348044023781996,-0.04988784819895925,0.8549415192529627,0.3029930408660197,-0.26167057496366997,0.02490997646638471,-0.03125181917758027,0.0004001283879936443,-0.0003220683610204246,0.0008684006107832001,0.001635540290612654,0.0023755033827752604,-0.0007571782099001302,0.011963149872695396,0.036714220072840954,-0.010748295391732117,-0.001140438503123652,0.0022708604239921534,-0.0015543566911087614,10.197717741635193
1781531076.5627573,-0.046127107968399014,0.8646116031415031,0.3004416566556518,-0.2616447986979732,0.025148007986177445,-0.03138086955674149,-0.04988784819895925,0.8549415192529627,0.3029930408660197,-0.26167057496366997,0.02490997646638471,-0.03125181917758027,0.00023557271778270003,-0.0004639943350493283,0.0008708390656163074,-9.845113153457191e-05,0.002277561098856563,-0.0010020196751151932,0.012451883943309391,0.03819601841554982,-0.010563843306677641,0.00010555687628943975,0.0035846338177528865,-0.0005829655019323423,10.684720440052585
1781531076.5727627,-0.04614520711874582,0.8645903908217685,0.3004460657772545,-0.2617651990770866,0.02515175530431124,-0.03140705046994366,-0.04988784819895925,0.8549415192529627,0.3029930408660197,-0.26167057496366997,0.02490997646638471,-0.03125181917758027,0.0001004868981174972,-0.0005720494172915902,0.0008617621765049175,-0.0013949747642874471,0.002141826796353394,-0.0011580579044777495,0.014090075407668573,0.04122742867239664,-0.009938241119019519,0.0019106009707133718,-0.0016632215272038688,0.002396823905356599,10.658103344845182
1781531076.582745,-0.04591211447620134,0.8650151651236894,0.3003227297179176,-0.2618651475457848,0.025153279015959873,-0.031427535472047324,-0.04988784819895925,0.8549415192529627,0.3029930408660197,-0.26167057496366997,0.02490997646638471,-0.03125181917758027,-9.22964222409418e-06,-0.0006515446893484248,0.0008435560918344179,-0.0023282298447578056,0.001981493242961079,-0.0012432839696704335,0.015587519016758757,0.04138044228725307,-0.010133779518597038,0.0011006175867272127,-0.0012919868721271445,0.0013461105910072323,11.154163410617636
1781531076.5927644,-0.04567682228797093,0.8654427573940027,0.3001984047900318,-0.2619470362048682,0.02515309580056524,-0.03144319151695908,-0.04988784819895925,0.8549415192529627,0.3029930408660197,-0.26167057496366997,0.02490997646638471,-0.03125181917758027,-9.719018625735612e-05,-0.0007071056267337392,0.0008182520236438628,-0.002963754844858804,0.001807118277429361,-0.0012731172257121593,0.015358181349624436,0.04119216907304198,-0.009660199733206296,0.0012550342662992673,9.359627216251756e-05,0.0005615419067164071,11.65412941901114
1781531076.6027656,-0.04543959586375743,0.865872810388842,0.30007327459062316,-0.2620131517387868,0.025151639281212335,-0.03145480051732774,-0.04918318390368559,0.8569287453615351,0.3024715806198213,-0.2616590203638552,0.02495513468452759,-0.03124824080892742,-0.00016657105114295864,-0.0007427487093302873,0.0007875705130834901,-0.0033588050887315905,0.0016269965796815806,-0.0012606278234849565,0.015595471481205493,0.038525627113592364,-0.010044464634275047,-0.00019205074060097096,0.0009425918775989858,-0.0002188796254133087,9.988124069867997
1781531076.6127264,-0.04520067208947912,0.866305005789142,0.2999474931826321,-0.2620656392471527,0.02514926903088277,-0.031463059221531406,-0.04918318390368559,0.8569287453615351,0.3024715806198213,-0.2616590203638552,0.02495513468452759,-0.03124824080892742,-0.00022015752242136914,-0.000761950638799549,0.0007529609020513448,-0.0035628624123326858,0.0014475001491905232,-0.0012167677938111968,0.01604525973284162,0.038584378594267936,-0.009769735294507849,-8.679354334895079e-05,0.002924257645385675,-0.0012584546701187803,10.495031078904873
1781531076.622768,-0.04492968381311205,0.8667417978164824,0.29982980566857775,-0.2620573481979278,0.0251149879495407,-0.03142532627207045,-0.04918318390368559,0.8569287453615351,0.3024715806198213,-0.2616590203638552,0.02495513468452759,-0.03124824080892742,-5.780633485720079e-05,-0.0007389220399273438,0.0007727286508446468,-0.0030935514336925675,0.000821346664616853,-0.0007831554611367455,0.016407217101040813,0.039239658461775066,-0.009957667837168246,-0.0006643592918376154,0.0043060739476523105,-0.002412944488460662,11.016679917156313
1781531076.63272,-0.04466185526151223,0.8671798698912487,0.2997105081971034,-0.2620475130700858,0.025085610496392574,-0.03139269979265648,-0.04918318390368559,0.8569287453615351,0.3024715806198213,-0.2616590203638552,0.02495513468452759,-0.03124824080892742,7.325730475373643e-05,-0.0007110724064880512,0.000778806412249841,-0.0026572332023001395,0.00032970495427983777,-0.0004368331629622649,0.015732503697075306,0.039416751974804085,-0.009838515570315898,-0.001242291044368303,0.004576083074640578,-0.00217494153975273,11.539128551919678
1781531076.6427631,-0.04435006089463152,0.8675910839375465,0.2995957394675978,-0.2620367900947336,0.025060711353697807,-0.031364792440984404,-0.04918318390368559,0.8569287453615351,0.3024715806198213,-0.2616590203638552,0.02495513468452759,-0.03124824080892742,0.0001775434314682432,-0.0006797054590642489,0.000773817207913603,-0.002257578662351471,-4.7693158059029534e-05,-0.00016539265440569992,0.015818986537943624,0.039005971473586636,-0.008862709200322038,-0.00011850800542679451,0.004047366932667057,-0.001472971054729258,12.054667322782942
1781531076.6527283,-0.04433612266068199,0.8675884514963519,0.2996005643027573,-0.2620256952836101,0.025039849266577763,-0.03134118481598849,-0.048385316842017856,0.8588597555506265,0.3019884090819604,-0.26167734658676944,0.025115183033596056,-0.03133611102441339,0.0002590118786242407,-0.0006459123574778099,0.0007600069588852486,-0.0018963347110313277,-0.0003291613175109669,4.251249486543864e-05,0.016704450868401086,0.03683489482945766,-0.011337696750962932,-0.003699109725157253,0.001608867431711592,-0.0014970817294231399,9.914025878554778
1781531076.6627645,-0.044028875782954904,0.8680013778890798,0.29948359749760567,-0.2620146254646679,0.02502258311346517,-0.03132144498005064,-0.048385316842017856,0.8588597555506265,0.3019884090819604,-0.26167734658676944,0.025115183033596056,-0.03133611102441339,0.00032113061728218667,-0.0006105997973752683,0.0007392904018787938,-0.0015737588129456032,-0.0005310473533287778,0.00019712264240377526,0.01696810180351627,0.03650722227221238,-0.011052054244296889,-0.0038700933921333633,-0.001086805117198371,-0.0012601497193943211,10.431774477677093
1781531076.6727314,-0.043730718975149324,0.8683944762943254,0.2993648252959851,-0.2620410355922467,0.02506202825885917,-0.03140806470045125,-0.048385316842017856,0.8588597555506265,0.3019884090819604,-0.26167734658676944,0.025115183033596056,-0.03133611102441339,0.0003032314021293009,-0.0007370398203707074,0.0006966069996664432,-0.001666861407786684,0.0001876317280336034,-0.0006259097594461717,0.01659796021257428,0.03740683738616175,-0.009764515874693602,-0.001920634087504006,0.001993648791595101,-0.0021453373719903216,10.929747153736498
1781531076.682773,-0.04343311711221047,0.8687909280285016,0.2992453694111534,-0.2620617060824993,0.025095185876058856,-0.03148031996356197,-0.048385316842017856,0.8588597555506265,0.3019884090819604,-0.26167734658676944,0.025115183033596056,-0.03133611102441339,0.0002850201429967155,-0.0008292034333411446,0.000653515192313387,-0.0016909945922194587,0.0007209825153200691,-0.0012254427425177242,0.01649770761878371,0.03741681810143659,-0.010324034585861794,-0.0026625487036956866,-0.0013931105999429206,0.0002657011937830498,11.431392547928159
1781531076.692757,-0.04313599858151949,0.8691902917505928,0.29912534329597035,-0.26207750967873766,0.025122725198277962,-0.03153983444163809,-0.048385316842017856,0.8588597555506265,0.3019884090819604,-0.26167734658676944,0.025115183033596056,-0.03133611102441339,0.0002667891384791998,-0.0008926830580230342,0.0006106415452313738,-0.0016627904681444778,0.001100872598986069,-0.0016411054485599068,0.016798112519790496,0.038129235173823314,-0.00918345296986187,-0.0002834652910534057,-0.0008813448520590074,0.0012494171124187979,11.936183061335894
1781531076.7027593,-0.042839297079862455,0.8695921810139365,0.29900484669946303,-0.2620892336414884,0.025145301349835503,-0.03158817348975629,-0.04754116714881895,0.8607491343128031,0.30148209910028045,-0.2617863083928674,0.025106464275711282,-0.03136239524076932,0.000248773288235224,-0.0009323315957001171,0.0005684862839990059,-0.00159614358994201,0.0013553802313850437,-0.0019076234026678995,0.0182621579303224,0.037846541580950466,-0.008697214548282844,0.0003911484015481695,-0.0008597778572828875,0.000233910735661543,10.317162233925172
1781531076.712754,-0.04283848087759829,0.8695815698960864,0.29900480620839565,-0.2620975796160997,0.0251635409698463,-0.031626815912616,-0.04754116714881895,0.8607491343128031,0.30148209910028045,-0.2617863083928674,0.025106464275711282,-0.03136239524076932,0.00023115843718103267,-0.0009523467893043917,0.0005274418736028605,-0.0015025170110526732,0.0015089757860892068,-0.002055097553255508,0.018354842166290224,0.038357346166217596,-0.008102023706039208,0.0007664745488097976,0.0015833044813509194,-0.0005163054300179815,10.308450735709949
1781531076.7227068,-0.04254789250153464,0.8699863862408066,0.2988918479995927,-0.26203402577110535,0.025158412291212517,-0.03157369715891063,-0.04754116714881895,0.8607491343128031,0.30148209910028045,-0.2617863083928674,0.025106464275711282,-0.03136239524076932,0.0001950046518603795,-0.0009422538274995192,0.0005330618980083988,-0.0006591755625252711,0.0011402484684004343,-0.0012853210879274603,0.019404670716635326,0.0387242133712827,-0.011087534939774865,-0.0019367859970798235,-0.0014842152350363763,0.00047715804532362516,10.81522147943495
1781531076.7327118,-0.0422567591909849,0.8703931367217906,0.2987774841048751,-0.2619799314261765,0.025153390474493165,-0.03152760803082416,-0.04754116714881895,0.8607491343128031,0.30148209910028045,-0.2617863083928674,0.025106464275711282,-0.03136239524076932,0.00016351045670270605,-0.0009222121560029657,0.0005308190672149093,-9.24650265659373e-06,0.0008327640489472514,-0.0006733682608461128,0.020295241935378017,0.037905339435857936,-0.011523977202806507,-0.002707152542502299,-0.0006129722920558689,-0.00039481878252446007,11.324605609148122
1781531076.7427728,-0.04196512395250414,0.8708015521579009,0.2986619037328099,-0.2619344054435887,0.025148586514077698,-0.03148804759239776,-0.04754116714881895,0.8607491343128031,0.30148209910028045,-0.2617863083928674,0.025106464275711282,-0.03136239524076932,0.00013615591886044016,-0.0008944378757912863,0.000522292566309064,0.0004779752638293493,0.0005795830009881629,-0.000196418824754444,0.019619697393829547,0.03638986453141853,-0.009528942716253562,-2.65423266646084e-05,-0.00039858503877812125,-0.0009000291710544167,11.83625211670958
1781531076.752759,-0.04167302948230311,0.8712113925172202,0.29854527587813057,-0.26189654558431064,0.025144077570910417,-0.03145446178055099,-0.04754116714881895,0.8607491343128031,0.30148209910028045,-0.2617863083928674,0.025106464275711282,-0.03136239524076932,0.00011247119654097772,-0.0008608079932358922,0.0005088297431618661,0.0008299496709072904,0.0003740194768524879,0.00016632123805194847,0.019646713908943944,0.03496246250343156,-0.010755703295315852,-0.001414156233943195,0.00126208687701059,-0.0019670310127482054,12.34985089170047
1781531076.7627199,-0.04167596954943927,0.8712076719047104,0.29854848535281014,-0.2618654659900811,0.02513991333608545,-0.03142627189970276,-0.04648050204752341,0.8628030059308496,0.30093893251017784,-0.26182364416456644,0.025103211027084793,-0.031395440865741864,9.203261307839857e-05,-0.0008229035150859059,0.0004915747606861684,0.0010709535335434576,0.00020976067790117378,0.00043355852857887795,0.01920723025120597,0.03449820915026782,-0.010347265882289833,-0.0012645202335339204,0.0018720536599434866,-0.0011394646498223463,9.971769164470636
1781531076.7727616,-0.04138307130553696,0.8716197380186109,0.29843018495447887,-0.2618403173257385,0.02513612155804079,-0.0314028966437776,-0.04648050204752341,0.8628030059308496,0.30093893251017784,-0.26182364416456644,0.025103211027084793,-0.031395440865741864,7.445892034461356e-05,-0.0007820477945799326,0.00047149417265976527,0.0012222141586862628,8.094609152942893e-05,0.000621923534704223,0.020950481017268527,0.036714878815607,-0.011751495840220772,-0.0019103795068412337,0.0012800792916825704,-0.0013501913936254523,10.488678619108065
1781531076.7827554,-0.041057644533246736,0.8720192915829336,0.29831397411791,-0.2618675415806425,0.025208464830769772,-0.03141643580901256,-0.04648050204752341,0.8628030059308496,0.30093893251017784,-0.26182364416456644,0.025103211027084793,-0.031395440865741864,0.000264273889985036,-0.0008319323914631528,0.00045335373959735177,0.0007949754268957608,0.0008730953565653096,0.0006157492739397761,0.02270973193883009,0.039668996374254056,-0.011955362280545128,-0.0013910295891743378,0.001250617988545886,-0.000995325703442958,11.010799762146869
1781531076.7927606,-0.04069310229885844,0.8723889547413728,0.2982039189646343,-0.26189117902112535,0.025268391143150826,-0.0314281641489593,-0.04648050204752341,0.8628030059308496,0.30093893251017784,-0.26182364416456644,0.025103211027084793,-0.031395440865741864,0.0004133036330337111,-0.0008614369784455953,0.0004330466347576848,0.00045310114176844385,0.0014427278980030332,0.0005942646176866871,0.022957855414267935,0.04016242584635674,-0.010313023017320415,0.0004639745104813479,-0.0033366496351451146,0.001532503257934495,11.526695517064965
1781531076.8027604,-0.040332405583861836,0.8727608716232252,0.29809295950850184,-0.26191148185783,0.025317373539615495,-0.03143821429677607,-0.04648050204752341,0.8628030059308496,0.30093893251017784,-0.26182364416456644,0.025103211027084793,-0.031395440865741864,0.0005277037329910607,-0.0008742071875567809,0.000411257495622543,0.00018454510868949408,0.0018300435684616531,0.0005618974369295673,0.02225794429382468,0.038190127852489125,-0.010592626588530593,-4.568843096421484e-05,9.981498186282896e-05,-0.0009118876370707467,12.043991929594975
1781531076.812781,-0.03997507138589519,0.8731347276211036,0.2979812414474757,-0.2619287303571392,0.025356815283043677,-0.03144673163866779,-0.04538770857426261,0.8647073523854057,0.3003691404411311,-0.2618856012592732,0.025173340462579796,-0.03145555778975871,0.0006128545197690718,-0.0008733816758730762,0.00038855470966069885,-2.1725281774456306e-05,0.002070153324833406,0.0005222630334128374,0.022657023903588567,0.03757648698927934,-0.009279898672654024,0.0012438144313768177,6.831937834518359e-05,-0.0005315800556302216,10.29657012310659
1781531076.8227472,-0.039620818864519465,0.8735544897255461,0.2978782041663709,-0.26199362005865895,0.025327848205872305,-0.03146549084077471,-0.04538770857426261,0.8647073523854057,0.3003691404411311,-0.2618856012592732,0.025173340462579796,-0.03145555778975871,0.0006660083642818203,-0.0005768703289142836,0.0004549194243911369,-0.000722463375759963,0.0015914454339940876,0.00018559839825925975,0.02217582953655742,0.0374611610424658,-0.009530793441853518,0.0016857950121618422,-0.001767631279282325,0.0016005900766071814,10.850512410230339
1781531076.832735,-0.03926909882711169,0.8739692117034953,0.29777340101451955,-0.26204752917357493,0.02530202757838862,-0.03148105404492545,-0.04538770857426261,0.8647073523854057,0.3003691404411311,-0.2618856012592732,0.025173340462579796,-0.03145555778975871,0.0007002398413887726,-0.00033152944735916854,0.0005024309446317685,-0.0012277251938285411,0.0011892050504781538,-7.173880003663477e-05,0.0231004367143213,0.039656527214942554,-0.011288726041872692,0.00045377981932571786,0.002390624618118004,0.0016811330311972284,11.399880983452327
1781531076.8427634,-0.039258538980204045,0.8739972525190044,0.2977807334145426,-0.26209173537164043,0.0252792714705794,-0.03149379667632027,-0.04538770857426261,0.8647073523854057,0.3003691404411311,-0.2618856012592732,0.025173340462579796,-0.03145555778975871,0.0007188472023880022,-0.00013037555971220953,0.000534205607293884,-0.0015726932956363327,0.000855269241345065,-0.00026259324779259307,0.023520943938796893,0.03927878009655183,-0.009969702745545752,0.0017433203415164412,0.000595485217604097,0.002639524374343172,11.426671227451198
1781531076.85272,-0.03891092725035584,0.8744035940422403,0.2976731401591038,-0.2621274615451525,0.025259434561988314,-0.03150407724015508,-0.04538770857426261,0.8647073523854057,0.3003691404411311,-0.2618856012592732,0.025173340462579796,-0.03145555778975871,0.0007246761682871499,3.275737153330134e-05,0.0005529445259482278,-0.00178811635072881,0.0005816522032363067,-0.0003984091911082235,0.023181036180626734,0.037472146392666154,-0.009672834060698852,0.0014691336271647705,0.001015966172177257,0.0025563633463243436,11.968049803795653
1781531076.8627615,-0.03856495478106262,0.8748064740814305,0.29756444560278034,-0.26215585607059533,0.02524232802127413,-0.03151223173853665,-0.04421398139992372,0.8666507144744799,0.2998480119909219,-0.2618391933711792,0.025221929377507113,-0.03140340718415015,0.0007201731227513794,0.0001633010398680752,0.0005609812581639352,-0.001900579216443005,0.0003607194212197709,-0.0004892682271484691,0.023023681915389387,0.03420965211225103,-0.010715249030228208,-0.0005271805896760295,0.006999413823625457,-0.002382866336231141,10.180500574923515
1781531076.872721,-0.038220389115963184,0.875206315003573,0.2974548125807984,-0.26217798005985476,0.025227735592485256,-0.031518570109596564,-0.04421398139992372,0.8666507144744799,0.2998480119909219,-0.2618391933711792,0.025221929377507113,-0.03140340718415015,0.0007074328739834964,0.0002660288020504121,0.0005603247288762198,-0.0019328192665124227,0.00018530854988038834,-0.0005439549409633532,0.023601468694019856,0.033947732759143416,-0.010815408035545667,-0.001122788078258394,0.0024059558267283685,-0.00030142214878708094,10.71675567960681
1781531076.8827538,-0.03784861172602786,0.8755870160403567,0.2973440290043478,-0.2622022719266083,0.025154408282494378,-0.03141315780128194,-0.04421398139992372,0.8666507144744799,0.2998480119909219,-0.2618391933711792,0.025221929377507113,-0.03140340718415015,0.000893584266682083,0.00027163276301502107,0.0005701892834592196,-0.0020155596664288306,-0.0009063953528785904,0.00041903612658446667,0.025106414447537553,0.035708323453270276,-0.010942710101036396,-0.0019359530941651707,6.271100994735708e-06,-0.00023974649742584072,11.253681511340957
1781531076.8927555,-0.03748197548490401,0.8759679757201189,0.2972327207874827,-0.2622208729950397,0.025093437902725224,-0.031325083546065405,-0.04421398139992372,0.8666507144744799,0.2998480119909219,-0.2618391933711792,0.025221929377507113,-0.03140340718415015,0.0010316989870642486,0.0002726896095100427,0.0005708834058654228,-0.002022381326123576,-0.00169956869065783,0.001129094548332132,0.02548413272015694,0.03668213615396242,-0.009503400834576799,-0.0009666510524113731,0.0007272963515550483,4.480780533019963e-06,11.788596559308148
1781531076.9027543,-0.037119803464511374,0.8763491731475853,0.29712097171731083,-0.26223469974019736,0.025043394700519306,-0.03125241118301969,-0.04421398139992372,0.8666507144744799,0.2998480119909219,-0.2618391933711792,0.025221929377507113,-0.03140340718415015,0.0011295011028304553,0.0002700827632691685,0.0005642069562876239,-0.0019721333110239376,-0.0022473500925779093,0.0016302048777014084,0.025106333684601443,0.03590223455839045,-0.011301560668597988,-0.003966832352870037,-0.00046985388882290016,0.0010787063680939115,12.321696712187043
1781531076.9127595,-0.03710037462257422,0.876348273076779,0.2971224640458435,-0.26224456980785515,0.025002908415493685,-0.031193268344539685,-0.04296469741410214,0.8684211870443581,0.299320890795215,-0.26191885892323435,0.025253081652622855,-0.031437762016039206,0.0011937020897914343,0.0002645678342498857,0.0005516982067976728,-0.0018805006417411795,-0.002596272028238383,0.00196104222866855,0.025732653877111503,0.03494038258484263,-0.008298715485906029,-0.0013739055834067198,-0.00033802695050395767,-0.0014828324696990066,10.10257664860742
1781531076.9227538,-0.0367773308721993,0.8767016679789436,0.2970411936030303,-0.26219294331581483,0.024999289064154384,-0.031158277197081294,-0.04296469741410214,0.8684211870443581,0.299320890795215,-0.26191885892323435,0.025253081652622855,-0.031437762016039206,0.0010234653468110457,6.738865436920681e-05,0.000712445603522414,-0.0011210878499642698,-0.0024497755217419205,0.0021055300131485985,0.02564663571205204,0.035622601762193035,-0.00874831830369957,-0.0016530578963573337,-0.0018081220235876482,0.001086069573451408,10.585220286793593
1781531076.9327288,-0.0364127252453066,0.8770226246869625,0.2969635385788622,-0.26214855167734813,0.024997913721235054,-0.0311312981019866,-0.04296469741410214,0.8684211870443581,0.299320890795215,-0.26191885892323435,0.025253081652622855,-0.031437762016039206,0.000873835514836982,-9.17553801468602e-05,0.0008324618887554348,-0.0005213958953237546,-0.0022729602246897365,0.0021561493605626045,0.027615026420019954,0.03777555130145683,-0.009310448153991653,-0.0011572403840686796,-0.0012656749455863955,-0.00011008209291245668,11.066624521154848
1781531076.942748,-0.0360465217165776,0.8773472890666584,0.2968816083881156,-0.26211079596737524,0.02499825793599797,-0.03111106044298073,-0.04296469741410214,0.8684211870443581,0.299320890795215,-0.26191885892323435,0.025253081652622855,-0.031437762016039206,0.0007426443196755315,-0.00021834930460517575,0.0009182596030164572,-5.7793171445151526e-05,-0.0020782663487110917,0.0021350522759017087,0.027047908057954203,0.03733644191884683,-0.010812806610963196,-0.0032300090452664913,2.7712965355784915e-05,-2.0637688276788244e-05,11.55363799657565
1781531076.9527142,-0.03567887691698029,0.8776751872807121,0.29679593852556296,-0.26207904581036356,0.02499988154953492,-0.031096427722448722,-0.04296469741410214,0.8684211870443581,0.299320890795215,-0.26191885892323435,0.025253081652622855,-0.031437762016039206,0.0006279174927662682,-0.0003172088010356824,0.0009755004230280639,0.0002911519720929036,-0.0018755047225980485,0.002060799179920211,0.026711066880185857,0.03534756936662476,-0.0084026589658198,-0.00048271934163441065,-0.001994338198155036,0.000418257828427978,12.045542107134175
1781531076.9627595,-0.03530993596221813,0.8780058980739334,0.29670700868440586,-0.2620526645117784,0.025002419635401063,-0.031086395026144756,-0.04160456480000185,0.8702672353021621,0.29884825950943156,-0.26198293788164395,0.025160818669409002,-0.031443512859759964,0.0005278615240498739,-0.00039255119304670963,0.0010090912357072575,0.0005446361514034944,-0.0016722474146237463,0.00194875149190405,0.02485655686276145,0.033580446842358246,-0.008502265478752645,-0.0006133814366513703,-0.0016487494022558882,0.0011846029475518131,10.202656947890102
1781531076.9727578,-0.03493983261445498,0.8783390479784484,0.2966152474346361,-0.2620310280639762,0.025005573649318658,-0.03108008352508701,-0.04160456480000185,0.8702672353021621,0.29884825950943156,-0.26198293788164395,0.025160818669409002,-0.031443512859759964,0.0004408507371323353,-0.00044806002039800074,0.0010232708277397176,0.0007196558541206366,-0.001474181719672929,0.001811453318949176,0.025724897989074732,0.03294628968894011,-0.008542813043986203,-0.00012102423098477284,-0.0032761908920617543,0.0017307269361633967,10.703231190266953
1781531076.982758,-0.03456048107323441,0.8786658806118104,0.29652010103723075,-0.2619800551672422,0.025063743592085963,-0.031068668020895168,-0.04160456480000185,0.8702672353021621,0.29884825950943156,-0.26198293788164395,0.025160818669409002,-0.031443512859759964,0.00042432588512892613,-0.000541940640223994,0.000992032251056596,0.0011942169613100065,-0.0007319237171244717,0.0018985106046973997,0.028056103415914864,0.03395141805541372,-0.011111128104779487,-0.0023452642702800758,-0.006366729847868043,0.0031628491253226395,11.206100144950854
1781531076.992702,-0.034181389861258946,0.8789957667379982,0.296422880095581,-0.26193832424938146,0.025112866879187568,-0.03106092319939016,-0.04160456480000185,0.8702672353021621,0.29884825950943156,-0.26198293788164395,0.025160818669409002,-0.031443512859759964,0.0004056835377792494,-0.0006104385431789461,0.0009543847044725603,0.0015171060466478742,-0.00015574321388250932,0.0019117676453227397,0.028426755252988132,0.033317653838135314,-0.011844285194232093,-0.0027618468341005496,0.0005309445780010051,0.0007474289659344777,11.712098552295803
1781531077.0027013,-0.03418112391661139,0.878982579598597,0.29642894003559905,-0.2619046606610533,0.025153867455170786,-0.031056141116503566,-0.04160456480000185,0.8702672353021621,0.29884825950943156,-0.26198293788164395,0.025160818669409002,-0.031443512859759964,0.00038557753948483594,-0.0006576919445109357,0.0009120692415583069,0.0017175126928480578,0.0002802301703676099,0.0018693669431170544,0.02805710794365259,0.033016103903703825,-0.009586397748248427,-0.00026829752721231257,0.002138561319979433,0.0002645731101518506,11.701188293120458
1781531077.01272,-0.03380241618158064,0.8793173883335068,0.29632842453497593,-0.2618779633560064,0.025187659854461808,-0.03105371014101331,-0.04026702986742353,0.8719339521835199,0.2983508900124542,-0.2620495774971852,0.0250426098030756,-0.03133970981756416,0.00036455132492076473,-0.0006872920817273663,0.000866542680616948,0.0018206606894970103,0.0005992178976751751,0.0017864252733154748,0.027807912477035332,0.03215624006982994,-0.006522630781571324,0.0033001488485917083,-0.0026730237525470963,0.0015088621109717955,10.019816669765591
1781531077.022734,-0.033439111946444264,0.8796470412829753,0.29623870049791184,-0.261971101881366,0.02516140870416761,-0.031062312434020814,-0.04026702986742353,0.8719339521835199,0.2983508900124542,-0.2620495774971852,0.0250426098030756,-0.03133970981756416,0.0002392017340280437,-0.0007403633541040061,0.0009411815519391079,0.000607565560771309,0.0002808981890221041,0.0014265116517080516,0.027062915903645582,0.03322399091826128,-0.006642780372277553,0.003533310724517583,-0.0005732541510708847,0.002281838832669967,10.515395909670303
1781531077.0326967,-0.03307370744272892,0.879979418010192,0.29614626857298765,-0.26205002762231944,0.025138740915123137,-0.03107074479598962,-0.04026702986742353,0.8719339521835199,0.2983508900124542,-0.2620495774971852,0.0250426098030756,-0.03133970981756416,0.00013554351893379214,-0.0007735863912980683,0.000989173908059334,-0.0003179975195451131,3.470874339470267e-05,0.0011177925202818556,0.02910517457944382,0.034911241523870935,-0.008549439578687184,0.0017977844907761163,-0.0047480585560737195,0.00412236593152826,11.015160623664023
1781531077.0427532,-0.03270645473969392,0.8803141506890109,0.2960515265084299,-0.26211614376722975,0.025119378382705726,-0.031078819274505495,-0.04026702986742353,0.8719339521835199,0.2983508900124542,-0.2620495774971852,0.0250426098030756,-0.03133970981756416,5.061201280806529e-05,-0.0007904548285480699,0.0010151670452855951,-0.0010027870717500397,-0.00015069848639094656,0.0008558823065381554,0.02881575849186516,0.035061928863794896,-0.008166755318065568,0.0029847615843758466,0.001692514598584039,0.0022913149116737647,11.518554413515428
1781531077.0527418,-0.03270645473969392,0.8803141506890109,0.2960515265084299,-0.26211614376722975,0.025119378382705726,-0.031078819274505495,-0.04026702986742353,0.8719339521835199,0.2983508900124542,-0.2620495774971852,0.0250426098030756,-0.03133970981756416,-1.821002570349771e-05,-0.0007939804918154695,0.0010231704407664677,-0.001488428381165855,-0.00028548962632482066,0.0006362137271960654,0.029175492139673086,0.034034155913363014,-0.008220720524910055,0.0028453125998108204,-0.00035456160211125607,0.0036209285604211125,11.518554413515428
1781531077.0627418,-0.03234590841364228,0.8806437455063375,0.29596158344888857,-0.2622155160375327,0.025089366557583315,-0.03109341652203418,-0.03882709159427955,0.8736169800263462,0.29793058245428417,-0.26196957109031044,0.0250115741061796,-0.031238368717857803,-7.322777100553492e-05,-0.0007867502606161971,0.0010166307434065556,-0.0018115611552381953,-0.00037866704347364565,0.0004542083770268488,0.02993617926992692,0.0319433757093905,-0.009483078863864215,-1.869910362462878e-05,0.0019290884153810764,0.0005729005845490037,9.760026926961887
1781531077.0727577,-0.0319306833544706,0.8809417211688325,0.29588301776444,-0.2622886407486948,0.025099755941300872,-0.03115435769374715,-0.03882709159427955,0.8736169800263462,0.29793058245428417,-0.26196957109031044,0.0250115741061796,-0.031238368717857803,-7.808664121647638e-05,-0.0007912925560833713,0.001077609195314766,-0.0023955184980324904,-5.56647146009667e-05,-0.00020831599947332625,0.03030887353441305,0.03198794569105683,-0.008593683747899247,0.00041330149670023143,0.0013389547633184378,0.00039959389482303724,10.266684010605982
1781531077.0827103,-0.03150529325886989,0.8812454592127207,0.2958059639299191,-0.26231044086888294,0.025149608153008485,-0.03116904420739612,-0.03882709159427955,0.8736169800263462,0.29793058245428417,-0.26196957109031044,0.0250115741061796,-0.031238368717857803,-1.5510462919302628e-06,-0.0007514926927112646,0.0011204840798191903,-0.0023681933280683617,0.0005175028719606175,-0.0001992453660059062,0.03134003787017749,0.03318197767643425,-0.009326909606290408,-0.0014187014530205417,-0.003908076671166661,0.0013326486480835327,10.785009477762683
1781531077.0926998,-0.031081483669396122,0.8815498169308996,0.2957256762628998,-0.26232659542092973,0.025191125815571924,-0.03118109691646237,-0.03882709159427955,0.8736169800263462,0.29793058245428417,-0.26196957109031044,0.0250115741061796,-0.031238368717857803,5.990932785574342e-05,-0.0007100202554633019,0.0011407052150190409,-0.0022828960460053605,0.000932792376969226,-0.00018699002131524235,0.028766116435177846,0.03151686412356565,-0.00845133661819444,-0.0015550582305771108,0.001911006956858475,-8.889909956788951e-05,11.304244989961338
1781531077.1027598,-0.03065906300004491,0.881854681429073,0.295642593788991,-0.26233807760126626,0.025225262285986982,-0.031190846126092214,-0.03882709159427955,0.8736169800263462,0.29793058245428417,-0.26196957109031044,0.0250115741061796,-0.031238368717857803,0.00010848895415023293,-0.0006677306187019455,0.0011424843061587702,-0.002156496934275554,0.0012184216006070785,-0.00017268523102625477,0.026855180433917908,0.029733568754779026,-0.00831572303199725,-0.0023158920422839163,0.0032010490095326417,0.0011149910202123772,11.82418317048711
1781531077.1127303,-0.030652154748089043,0.8818547979358953,0.29565272778224994,-0.2623457445236171,0.025252933907030206,-0.03119860242950956,-0.03735507686246825,0.875200883946117,0.29749260075005396,-0.2620017994680053,0.025021119582890883,-0.03119149205888784,0.0001461127086925913,-0.0006253208087484602,0.0011294360765585563,-0.0020027614203506332,0.001399082334961717,-0.00015723738705113836,0.028342198491418488,0.027934588309729738,-0.008984827247297524,-0.0033177973330951456,-0.00016495450426538827,-0.000997357178442057,9.622310990217345
1781531077.122703,-0.03023201597611071,0.882160402690799,0.2955651882229053,-0.2623503428572053,0.025275004209824647,-0.03120465313653488,-0.03735507686246825,0.875200883946117,0.29749260075005396,-0.2620017994680053,0.025021119582890883,-0.03119149205888784,0.00017446465235799877,-0.0005833519023364473,0.0011046502062626092,-0.0018327517648777003,0.001496148573065987,-0.00014135666456662813,0.028681118794968073,0.029132097733469347,-0.008662607841074319,-0.003913640622037879,0.00032665900725341416,0.0007197795511839955,10.143363179840646
1781531077.1327567,-0.029842081798643602,0.8824410739548488,0.2954725194125506,-0.2624631606143891,0.025239217685452786,-0.031222925869175702,-0.03735507686246825,0.875200883946117,0.29749260075005396,-0.2620017994680053,0.025021119582890883,-0.03119149205888784,-5.637172836688768e-07,-0.0006968998584852234,0.0010935938132364364,-0.002859133685717729,0.0010067414094670584,-0.000419876304339437,0.03168625310992815,0.030389116071906065,-0.009110312596855246,-0.00401144066529572,-0.0009556493103851692,0.0005544909988730642,10.627613786816113
1781531077.142756,-0.029448703092763793,0.8827256086902147,0.29537898231744564,-0.26255540913171604,0.025208322671042227,-0.031237679997666107,-0.03735507686246825,0.875200883946117,0.29749260075005396,-0.2620017994680053,0.025021119582890883,-0.03119149205888784,-0.0001410646504880031,-0.000779222680384985,0.0010708610937357299,-0.0035499027446289364,0.0006124893358520796,-0.0006170775778109327,0.03237130626176709,0.03148379694459954,-0.008103345507163693,-0.0023836512607486263,0.0017550028530705336,-0.0013021135981153207,11.117536217137712
1781531077.152755,-0.029466612507006645,0.8827083987320896,0.2953804282170107,-0.26262972088140357,0.025181938823948258,-0.031249394308345405,-0.03735507686246825,0.875200883946117,0.29749260075005396,-0.2620017994680053,0.025021119582890883,-0.03119149205888784,-0.00025206759521159537,-0.0008354356890848943,0.001039042979459578,-0.003970300692980979,0.0003003251546550871,-0.0007479495359814205,0.029854749462335566,0.03033374631794,-0.00788597209765248,-0.0020146183595448923,0.0010358024243408512,0.0010382192584479763,11.092877037014738
1781531077.1627572,-0.029067559152244928,0.8829992363265522,0.2952856352592133,-0.2626885592288381,0.025159657564929105,-0.03125851067488415,-0.03586648395892811,0.8766758227320868,0.2970648130175284,-0.26215686479420824,0.025013384809717598,-0.031173140667725988,-0.0003379838267113249,-0.000869976164833767,0.001000334521992829,-0.004176611643482299,5.821117415882041e-05,-0.0008255391538139751,0.028754079023741958,0.028675471327138855,-0.006007105094388279,-0.00040376846913948604,0.005579069966407661,-0.0012915945321173412,9.453909853033565
1781531077.1727586,-0.028642933527335396,0.8832983790125972,0.29521575094654734,-0.26264906203158395,0.02514906146284468,-0.03126660013676301,-0.03586648395892811,0.8766758227320868,0.2970648130175284,-0.26215686479420824,0.025013384809717598,-0.031173140667725988,-0.00025381023912885434,-0.0008579270629733471,0.001092898650410391,-0.0032871992787567193,-3.675089296146051e-05,-0.0008507101656198345,0.029320334096387943,0.02867634044693693,-0.0066194497896539415,-0.0011866527713122702,0.0016859582236399418,0.001328600812748736,9.972811191867239
1781531077.1827023,-0.02821966866772274,0.88359884607565,0.2951417510820141,-0.2626128041877854,0.02514038395573648,-0.03127265848967452,-0.03586648395892811,0.8766758227320868,0.2970648130175284,-0.26215686479420824,0.025013384809717598,-0.031173140667725988,-0.00018302190942678454,-0.0008373835604870086,0.001153358511991901,-0.0025308128639026824,-0.00010689363191138919,-0.0008462849875557252,0.03172552256562606,0.029227897840455087,-0.007634952081878017,-0.0022816934400717187,0.002353956604797794,-0.00037951322273810584,10.492864409738516
1781531077.1927605,-0.0277976103644294,0.8839004319831121,0.29506415846481426,-0.2625799659841817,0.025133381393414922,-0.03127702907775132,-0.03586648395892811,0.8766758227320868,0.2970648130175284,-0.26215686479420824,0.025013384809717598,-0.031173140667725988,-0.000123875865404085,-0.0008102812882672056,0.001187279842241282,-0.001894802713388492,-0.00015652088066976037,-0.0008198051935517462,0.033064069549077,0.028868238266395986,-0.009291832822489871,-0.004275510017397226,-0.0003877987538226192,-0.0005381364612660295,11.013823975045849
1781531077.202756,-0.027376618896367572,0.8842029584208172,0.2949834401579176,-0.26255058889053146,0.025127825394385628,-0.03128001537066706,-0.03586648395892811,0.8766758227320868,0.2970648130175284,-0.26215686479420824,0.025013384809717598,-0.031173140667725988,-7.482537619142437e-05,-0.0007782572250998523,0.0011994669343334038,-0.0013663958016071978,-0.00018941872625961571,-0.0007775252053482204,0.03130340666850269,0.02710384731620327,-0.00823891064396401,-0.003795875497525188,-9.084537315633012e-05,-0.0008658778714179832,11.535497104059697
1781531077.212757,-0.02692546257262799,0.8844624638222909,0.29491070538724784,-0.26252460923268467,0.025123505265353563,-0.03128188265390029,-0.034291815257158575,0.8781288129445809,0.2966861205277831,-0.2622704838512395,0.02506492624639245,-0.031181823289271687,-3.450084684259355e-05,-0.0007426878576942451,0.0011940519407116297,-0.0009330763256995246,-0.00020888173650708035,-0.00072456380424924,0.028100892335202115,0.025703496940711078,-0.007278489256497395,-0.002809851075434959,0.006003968111138247,-0.002075898827571017,9.875747274755932
1781531077.2227688,-0.026461586213598048,0.884713756140457,0.2948236894827352,-0.26240852148193156,0.0252011634898186,-0.031263893295081904,-0.034291815257158575,0.8781288129445809,0.2966861205277831,-0.2622704838512395,0.02506492624639245,-0.031181823289271687,9.761241463723474e-05,-0.0007669258779910928,0.0010517406422148289,0.0004308690158430859,0.0005822578193690509,-0.00023588330401792313,0.028954603200104623,0.026136446701940878,-0.006499812309142397,-0.001755575899781049,0.0002576326668074635,0.00037804852282620623,10.399164060879704
1781531077.232784,-0.026445800835882372,0.8847055543484158,0.2948211530811857,-0.26231126746121514,0.02526601950516949,-0.031248407634136027,-0.034291815257158575,0.8781288129445809,0.2966861205277831,-0.2622704838512395,0.02506492624639245,-0.031181823289271687,0.00020243254563670032,-0.0007766657803677138,0.0009241703306412249,0.0014410311774005387,0.001159095867999707,0.00013672688776535514,0.032076629498821924,0.027172702215191007,-0.008822337844461643,-0.004534755523238242,-0.0017660173134460163,-0.00015660901517880872,10.406323720154894
1781531077.2427526,-0.025986929034925305,0.8849602472088905,0.29473331648584916,-0.2622307872137533,0.025319508203292873,-0.03123522326953443,-0.034291815257158575,0.8781288129445809,0.2966861205277831,-0.2622704838512395,0.02506492624639245,-0.031181823289271687,0.00028401430674781613,-0.0007746435684635435,0.0008100501329896704,0.002158465148638699,0.0015595749338478731,0.0004121697506235502,0.03346529850904441,0.02875543550910875,-0.008052898401725433,-0.0028407693225362407,-0.002340725262723149,0.0009750004199637374,10.929458948091508
1781531077.252758,-0.02553009983079896,0.885216287347579,0.29464520483016204,-0.2621650781065312,0.025363015817359225,-0.031224125235546213,-0.034291815257158575,0.8781288129445809,0.2966861205277831,-0.2622704838512395,0.02506492624639245,-0.031181823289271687,0.0003459072046556995,-0.0007632046704760143,0.0007081733444712959,0.0026369300229839936,0.001816951616829207,0.0006072684883615017,0.03387401794464597,0.02784825869716709,-0.008557761565559808,-0.0021341545335115783,0.0006645120289663073,-0.001522263479810875,11.452741484485571
1781531077.2627563,-0.025075050653159504,0.8854734741157816,0.29455690100635873,-0.2621122352754074,0.025397854176212098,-0.031214895079074864,-0.03268727940686256,0.8795148562053472,0.2962918738852546,-0.2624186466169668,0.025067789290330822,-0.031215898443461745,0.000391210165920055,-0.0007443512521675274,0.0006174161184532744,0.0029232468194990676,0.001960061156282354,0.0007368274751321215,0.03190077387781513,0.027107603463329345,-0.007328629211958671,0.0002569479651201259,0.004460502673400926,-0.0022153644821783286,9.821470607386514
1781531077.272701,-0.024621549597726767,0.8857316327352787,0.29446848003002074,-0.26207047925568616,0.025425243454525903,-0.031207317761001205,-0.03268727940686256,0.8795148562053472,0.2962918738852546,-0.2624186466169668,0.025067789290330822,-0.031215898443461745,0.0004226211369267855,-0.0007197845479598373,0.0005367353648839091,0.0030577564944836043,0.002013636692833101,0.0008137331880804466,0.032881642523101266,0.027887987377870765,-0.0063622918940970195,0.0029011896267068095,0.0017666865157032838,0.00010955614501192855,10.345485630379702
1781531077.2827053,-0.024191847606294826,0.8859927619428012,0.2944037604617637,-0.2622046980159637,0.02536594683044391,-0.031182847548908363,-0.03268727940686256,0.8795148562053472,0.2962918738852546,-0.2624186466169668,0.025067789290330822,-0.031215898443461745,0.0002982529082744648,-0.0006566835589345094,0.0006860953992088643,0.001252161630117766,0.0010987842899128882,0.000815070135074567,0.03531950097396986,0.028427581891750577,-0.006379126158511959,0.0038658326424984893,0.0028739921432640887,-0.0008869270302365615,10.848990576150543
1781531077.2927544,-0.024205427397354415,0.8859929619218779,0.2944207771257298,-0.26231875094412793,0.025314908154887794,-0.031162721752974826,-0.03268727940686256,0.8795148562053472,0.2962918738852546,-0.2624186466169668,0.025067789290330822,-0.031215898443461745,0.0001946342661032079,-0.0005977069315803084,0.0007973040994733729,-0.00013498724563667836,0.0003832452087261508,0.0007937580333031014,0.034513668582903924,0.02731320176784962,-0.008466549630069781,0.0017218028368139585,0.003108618409433996,0.0010945934557054868,10.835528149068217
1781531077.3027606,-0.02377174964635734,0.8862548928096456,0.2943500763695762,-0.26241457209676233,0.025271453314175574,-0.03114640285874172,-0.03268727940686256,0.8795148562053472,0.2962918738852546,-0.2624186466169668,0.025067789290330822,-0.031215898443461745,0.0001089857882920329,-0.0005427885247984796,0.0008764768058716648,-0.001170637979533532,-0.00016337028599910269,0.0007560599249156114,0.03495985490995587,0.02686692129869812,-0.006637096689891563,0.0041165097124330535,0.0007017422883668441,0.0013279656030754053,11.343956185107196
1781531077.312749,-0.02333642677704771,0.8865171144627388,0.2942770043894591,-0.26249410970711595,0.025234869767757795,-0.03113338378828176,-0.030992675251810653,0.880875039395522,0.2959329639998648,-0.26231026449556805,0.025137319618233622,-0.031178289889140398,3.884852915393999e-05,-0.0004918238205156135,0.0009289286779007582,-0.0019145739654664222,-0.0005684557464221042,0.000707116827475479,0.03292934147217702,0.02464453608978784,-0.007706578368735102,0.002102396827640656,0.006296564452865989,0.00026393163677421616,9.653670493792218
1781531077.3227582,-0.022899656418816257,0.8867795633885256,0.29420189930211327,-0.26255926929357765,0.02520443566630881,-0.03112319414178566,-0.030992675251810653,0.880875039395522,0.2959329639998648,-0.26231026449556805,0.025137319618233622,-0.031178289889140398,-1.794802978226732e-05,-0.0004446788170031922,0.0009592651630091624,-0.0024195740348739196,-0.0008564100360457919,0.0006510883892373996,0.034283111108765134,0.026118184803199974,-0.005591450733162286,0.004386799398372064,0.0017425190987684501,-0.0008984772138004046,10.166461646165706
1781531077.332735,-0.02242152922452353,0.8870497060379385,0.2941189877121972,-0.2624034834450989,0.02533243097209259,-0.03119494628973933,-0.030992675251810653,0.880875039395522,0.2959329639998648,-0.26231026449556805,0.025137319618233622,-0.031178289889140398,0.00018103345785462182,-0.00038940982563582356,0.0008362856936923919,-0.00043554036464865144,0.0007904382149048063,0.0001863460740099213,0.034009571569731854,0.025919737329038017,-0.007187690020894777,0.0014876592479940312,-0.0003497685164171251,0.0024179818311063123,10.718281687764662
1781531077.342704,-0.021959451761150845,0.8873012099888945,0.2940333490559648,-0.26238225392762426,0.025350957044800504,-0.031211817652566462,-0.030992675251810653,0.880875039395522,0.2959329639998648,-0.26231026449556805,0.025137319618233622,-0.031178289889140398,0.000272659413350528,-0.0004329823744439252,0.0007680309893146416,-0.00015165914488256423,0.0009473294881427494,4.0642160765283486e-05,0.03303057648302105,0.02512870431453903,-0.00731247265334959,-0.0009214957651718361,0.003669364959144163,0.00013480445047901204,11.247370006469136
1781531077.352713,-0.021945298628219506,0.8872929851679021,0.2940323249428889,-0.26236425449150635,0.025365689592758534,-0.03122581789394341,-0.030992675251810653,0.880875039395522,0.2959329639998648,-0.26231026449556805,0.025137319618233622,-0.031178289889140398,0.00034275939887780165,-0.000462474920491828,0.0007035062126381675,6.519528778024775e-05,0.0010389518468088478,-6.964022863206597e-05,0.033935042258178956,0.023081397586313394,-0.008159385565104463,-0.0035401375104826614,-0.003835289978641445,0.0014703592146852432,11.254220565246499
1781531077.3627152,-0.02146172174469676,0.8875008252083906,0.29395761812817084,-0.2623491678903419,0.025377176448090122,-0.031237283773648192,-0.02928244267341995,0.8821325179006237,0.2955732777357841,-0.2622844082213863,0.025182620082534246,-0.031143554293791342,0.0003946906756386359,-0.00048029071783232903,0.0006427933162179296,0.00022589279023686656,0.0010791624583838622,-0.00015036401727083672,0.031765432220226535,0.02203872328768262,-0.007886037406546764,-0.004280433612158261,7.449276853961617e-05,0.0006277684242759467,9.622512933909977
1781531077.3727465,-0.020980070001593295,0.8877098679326395,0.29388268587286254,-0.26233667670318717,0.025385916939846487,-0.031246536962918695,-0.02928244267341995,0.8821325179006237,0.2955732777357841,-0.2622844082213863,0.025182620082534246,-0.031143554293791342,0.00043137857878011986,-0.0004885069905601562,0.0005859097889716838,0.00034011497976324105,0.0010797513105033738,-0.00020673112505234943,0.03301882780441854,0.02374440847340023,-0.0066092219969775155,-0.0012662603137457919,-0.0018977818122337656,0.0015701765431547037,10.143684055041193
1781531077.3827572,-0.020542253254280107,0.8879013485696404,0.2938161582044772,-0.2626244262413146,0.025356524847305772,-0.031280534016582096,-0.02928244267341995,0.8821325179006237,0.2955732777357841,-0.2622844082213863,0.025182620082534246,-0.031143554293791342,0.00017561083968900337,-0.0005822814060058706,0.0006906555115683932,-0.0028288843972013146,0.0007469941201778351,-0.000625758144819558,0.03563354363273639,0.0246285654329559,-0.008810533863110356,-0.0041403005311437795,-0.0015432509720118967,0.00023070768938694258,10.618746979636143
1781531077.3927362,-0.0200997668842838,0.888096462790121,0.29374855372005515,-0.26286383196889707,0.025331281208029743,-0.03130838962099951,-0.02928244267341995,0.8821325179006237,0.2955732777357841,-0.2622844082213863,0.025182620082534246,-0.031143554293791342,-3.193780217852917e-05,-0.0006501828924723558,0.0007659912589062605,-0.005125872009388717,0.0004772201840593496,-0.0009226045803948407,0.03569550710587439,0.024863229369516963,-0.006869692393845636,-0.0005677643171611961,0.00273435469497186,-0.0016496096899409314,11.100441028487367
1781531077.4027593,-0.01965316801544547,0.888294758614942,0.2936800676283495,-0.26306046235255115,0.02530983875470838,-0.03133088212412451,-0.02928244267341995,0.8821325179006237,0.2955732777357841,-0.2622844082213863,0.025182620082534246,-0.031143554293791342,-0.00019814759532596135,-0.000696453905399093,0.0008167628872781512,-0.006706616402030422,0.0002620226658969133,-0.0011197766363117095,0.03324567918681091,0.024651054257215244,-0.005321037546214796,0.0013781120864913988,-0.001457576528110618,0.001570323328102092,11.587941386234395
1781531077.4127524,-0.01920295408443665,0.8884958282645143,0.2936108499702404,-0.2632196604880719,0.025291832782265544,-0.03134874135084384,-0.027547633856916276,0.8833485286184376,0.2952301977386985,-0.26234946069141196,0.025191977128351084,-0.031158414695705572,-0.00032906562372194033,-0.0007247742541760556,0.0008471717723457713,-0.007707435103713529,9.360851274121918e-05,-0.001236866591797731,0.0322166153246953,0.02244480516048764,-0.005606197556908751,0.0010230252985855594,0.002497121059219226,-0.0003159970815330336,9.937336733096181
1781531077.4227438,-0.01874956867258814,0.8886993053386205,0.29354101591527976,-0.2633464543584877,0.025276895584174452,-0.03136264079337393,-0.027547633856916276,0.8833485286184376,0.2952301977386985,-0.26234946069141196,0.025191977128351084,-0.031158414695705572,-0.0004299935065210169,-0.000738325444129477,0.000860848682327373,-0.008246340286450516,-3.5142075984416184e-05,-0.001290746928659694,0.03280491261456776,0.021924459056944078,-0.005637880421955141,0.0021572076482837795,0.0020288094149676834,-0.0006160547704436595,10.435041817333875
1781531077.4326956,-0.01872820671345098,0.8887088956664935,0.2935550213545714,-0.2633028660083728,0.025326905944685674,-0.03150032041619116,-0.027547633856916276,0.8833485286184376,0.2952301977386985,-0.26234946069141196,0.025191977128351084,-0.031158414695705572,-0.0003065558542019325,-0.0006565626272409772,0.0008724929966140453,-0.006832579158857582,0.000887212636828348,-0.002458466583808142,0.035278384695251366,0.023103099874272916,-0.006583761693210225,0.0013590377797221855,0.0019505982160403176,-0.0009656891297112758,10.455718337192947
1781531077.442725,-0.018238220242735706,0.8889318844939286,0.29349322097892183,-0.2632598759469907,0.025368777550316635,-0.03161372468073749,-0.027547633856916276,0.8833485286184376,0.2952301977386985,-0.26234946069141196,0.025191977128351084,-0.031158414695705572,-0.00020357904697189259,-0.0005826063178288958,0.0008707853673325832,-0.005586274199058824,0.0015540592296397829,-0.0032660760867872433,0.034717108142488406,0.023268691696282602,-0.006387576061811544,0.0014494715203227531,0.006639552647970405,-0.00011267040261824892,10.99345864304198
1781531077.452751,-0.01775092395600134,0.889153836522885,0.29342944583957914,-0.26321850964138976,0.025403403587241913,-0.0317058364395988,-0.027547633856916276,0.8833485286184376,0.2952301977386985,-0.26234946069141196,0.025191977128351084,-0.031158414695705572,-0.00011833247756399889,-0.0005158539645668442,0.0008583807936177587,-0.004499552076322424,0.0020111980810274487,-0.0037817678841008335,0.036311221738883105,0.021978125054169167,-0.008194019329269017,-0.0022423504222161515,0.004776519212261579,-0.0020242400437682365,11.529086353666832
1781531077.4627547,-0.017265998272088356,0.8893748555533045,0.293363935590256,-0.2631794912905066,0.02543165176635709,-0.03177947344791472,-0.0257634328133165,0.8845003167622698,0.2948947796877215,-0.2623594917359584,0.025323635664914024,-0.031201570292753347,-4.839942765840463e-05,-0.00045573057398810347,0.000837546178642243,-0.003562145641942104,0.002298688834649905,-0.004064625071157663,0.03627470091752076,0.0202537688857016,-0.0076569039679050726,-0.0077459044606297016,0.0012480163004965354,-0.001963490426526297,9.91519066173235
1781531077.4727614,-0.016783150686076387,0.8895950403035291,0.2932969090129454,-0.26314329949145765,0.025454346978399656,-0.03183725261885825,-0.0257634328133165,0.8845003167622698,0.2948947796877215,-0.2623594917359584,0.025323635664914024,-0.031201570292753347,8.354217170205235e-06,-0.00040169056108650366,0.0008102081485946432,-0.0027622751083676185,0.002451192576509003,-0.004165288594036183,0.03524472304767424,0.020410453791263515,-0.006216228353519374,-0.007435074308865335,-0.0003014878175531315,-0.0009066335467599591,10.447720600207447
1781531077.4827747,-0.01629828272133407,0.8898077534140681,0.2932356547583027,-0.2632238276546246,0.025331047290028774,-0.03175504496244663,-0.0257634328133165,0.8845003167622698,0.2948947796877215,-0.2623594917359584,0.025323635664914024,-0.031201570292753347,0.0001083535345109072,-0.0003650622623104621,0.0008841938249391395,-0.0033619873381381584,0.000650081417101895,-0.003194499618782734,0.03741487884904784,0.020137046692899875,-0.00816509567005496,-0.009942189059889585,0.0006518599460864443,-0.0017508231395510828,10.977734083499483
1781531077.4927545,-0.016287202049644546,0.8898066048150883,0.29324605567022927,-0.2632884023090859,0.02522752959372121,-0.03168290683227355,-0.0257634328133165,0.8845003167622698,0.2948947796877215,-0.2623594917359584,0.025323635664914024,-0.031201570292753347,0.00018725735243949423,-0.00033103233789463766,0.0009323839060326218,-0.0037192854338975716,-0.0007172440026273152,-0.002379702348777996,0.038873559928361605,0.021481670350206754,-0.006836964164234769,-0.007450547427497295,0.001910497259981473,-0.0031408617195402295,10.985168786673375
1781531077.5027556,-0.01578510693872717,0.8899712646140534,0.29319373553325556,-0.2633392552331907,0.025141666967546383,-0.03162028951170347,-0.0257634328133165,0.8845003167622698,0.2948947796877215,-0.2623594917359584,0.025323635664914024,-0.031201570292753347,0.0002482264783116873,-0.0002995195123505032,0.0009592553585475659,-0.003885175424696022,-0.0017221161816085699,-0.0017040815443528118,0.0386224731565308,0.021766545519582226,-0.005059896769474183,-0.00450011437878643,-0.0007201799370127604,-0.0023639910645702395,11.50616395119925
1781531077.512758,-0.015284531712604061,0.8901363183733549,0.29314001811657125,-0.2633784342765695,0.0250713825721951,-0.03156652089521181,-0.023851498574258667,0.8855611532423852,0.29454397490995,-0.2627296943221647,0.025354417239590754,-0.03134249709597746,0.00029402557417159076,-0.0002704266456996817,0.0009686722998036607,-0.003903112556754232,-0.002427904701106598,-0.001151229993380508,0.03869634320783016,0.020772719355119592,-0.00667771318127267,-0.005837533373873064,0.003762847282981085,-0.005170801342743224,9.81306026996697
1781531077.5227573,-0.014785262501416,0.8903016993171892,0.2930850854688701,-0.26340779346243026,0.025014693962792878,-0.031520854881754115,-0.023851498574258667,0.8855611532423852,0.29454397490995,-0.2627296943221647,0.025354417239590754,-0.03134249709597746,0.0003270662561674024,-0.00024364509323895217,0.0009639579058236825,-0.0038097053427959982,-0.002890277891112495,-0.0007054949353576215,0.03897035963756021,0.021044934797714788,-0.006297422259511924,-0.005809851299133504,0.0015378499189593942,-0.003600411804278214,10.334300751243298
1781531077.5327628,-0.014283528425001142,0.8904567355151594,0.2930352288320323,-0.26345928613410496,0.025058302439216806,-0.03145080356655877,-0.023851498574258667,0.8855611532423852,0.29454397490995,-0.2627296943221647,0.025354417239590754,-0.03134249709597746,0.00039305932016473963,-0.00027993492887148366,0.0009846862131346328,-0.003975184250687485,-0.0023144238027002885,0.00023364521540216278,0.03914525747533831,0.021245078583233042,-0.006055444357339582,-0.0044516779322843385,0.0030707241128222276,-0.004508547696528629,10.853068381532298
1781531077.542706,-0.013783221286118029,0.8906135815943407,0.29298345805732195,-0.2634989608167896,0.02509697709496339,-0.03139264495771596,-0.023851498574258667,0.8855611532423852,0.29454397490995,-0.2627296943221647,0.025354417239590754,-0.03134249709597746,0.0004410563195061801,-0.0003055203748397158,0.0009888493675996987,-0.003990351712110083,-0.0018196176230744548,0.0009309255786959842,0.03901763283729251,0.02055101267287881,-0.006960438022785197,-0.003630325505444658,-0.0014453723547766632,-0.0032618049805200134,11.372442686154486
1781531077.5527515,-0.013284137779957761,0.8907719910158092,0.29293002511924054,-0.2635286952377872,0.025130895803535447,-0.03134498901371545,-0.023851498574258667,0.8855611532423852,0.29454397490995,-0.2627296943221647,0.025354417239590754,-0.03134249709597746,0.0004739983905748019,-0.00032218843059247265,0.0009796617106987643,-0.00389248289805576,-0.0013990786159318465,0.0014278996322794088,0.03696080475095123,0.02002235950549075,-0.005323117103496738,-0.00040232023136096626,-0.0006560592118394047,-0.001232104631271405,11.892299121061557
1781531077.5627036,-0.013278819190644286,0.8907661964136845,0.29293623959509496,-0.26355016830643047,0.025160322192623763,-0.03130650674395406,-0.023851498574258667,0.8855611532423852,0.29454397490995,-0.2627296943221647,0.025354417239590754,-0.03134249709597746,0.0004944373599243242,-0.0003314866436992604,0.0009598727978108958,-0.0037126003976116575,-0.0010456941804544257,0.0017611855474272745,0.03712129751462634,0.018792928016377674,-0.0064386906276826476,-0.0019476544466136268,-0.005233665150688183,-0.0009200302394732907,11.893646901031927
1781531077.5727067,-0.012781681353485463,0.8909270821692385,0.29288013889651837,-0.2635648640163133,0.025185576890571104,-0.03127595129038842,-0.02212283365214457,0.8864857761928171,0.2942737542066085,-0.26288504083487674,0.02537156905126925,-0.031506309971080296,0.0005045801923959692,-0.0003347507271905063,0.0009318242268531734,-0.0034761929154455864,-0.0007522975342521003,0.0019627011401829614,0.03649965718806837,0.018155285409484107,-0.006194207619605102,-0.002587121419400693,0.002259659278764342,-0.002029360774515515,10.436689545802292
1781531077.582697,-0.01232909119870355,0.8910645685811046,0.29283202604059033,-0.2634438607038859,0.025241792096778015,-0.03129194308737185,-0.02212283365214457,0.8864857761928171,0.2942737542066085,-0.26288504083487674,0.02537156905126925,-0.031506309971080296,0.00021334880831555694,-0.0005090171428574269,0.0009061077510885169,-0.0017715475398453395,-3.166747619918564e-05,0.0017397835731483267,0.040440650050609935,0.019183110197773478,-0.0059091500042927885,-0.0042848725032963355,-0.0028879640447424045,9.362449049779453e-05,10.906938666924955
1781531077.5927064,-0.011870826036487847,0.8912063367516336,0.2927815066615886,-0.26334049881451577,0.025288686226166757,-0.03130693789765887,-0.02212283365214457,0.8864857761928171,0.2942737542066085,-0.26288504083487674,0.02537156905126925,-0.031506309971080296,-2.3147274019770118e-05,-0.0006424637786970934,0.0008739819495270105,-0.0004458178172870857,0.0005091333814389239,0.001525140964649738,0.042961071383457734,0.019887759150031287,-0.0071790559520073585,-0.006612287367724513,-0.0010714838876290519,0.0008225870814238962,11.384821249214045
1781531077.6027136,-0.011407575048898945,0.8913518290253093,0.2927288879176667,-0.26325318441744455,0.02532731286956902,-0.03132077640041438,-0.02212283365214457,0.8864857761928171,0.2942737542066085,-0.26288504083487674,0.02537156905126925,-0.031506309971080296,-0.00021270668012583535,-0.0007414504868265417,0.0008371179798154073,0.0005597132459075383,0.0009003935373111723,0.001322572706732564,0.04566385324136865,0.019954625119600184,-0.007634913921711125,-0.007997534170323183,-0.007149245175893587,0.0027577574100083155,11.869365987858975
1781531077.6127534,-0.011432663437438338,0.8913350016292213,0.2927355690540719,-0.2631802839329676,0.025358687681604763,-0.03133337063978921,-0.02212283365214457,0.8864857761928171,0.2942737542066085,-0.26288504083487674,0.02537156905126925,-0.031506309971080296,-0.000362184672539071,-0.000811519428052987,0.000796917439847764,0.0012978053087757773,0.0011688998689782467,0.0011345953350666244,0.044566730263665005,0.020417513099038175,-0.0063882847397677646,-0.005666863649760169,-0.0006289021506080124,0.001625250643620562,11.838950127268292
1781531077.6227078,-0.010961222703215244,0.8914865290332695,0.2926795752011489,-0.26312017880442096,0.025383770120918747,-0.031344688565919696,-0.0198014679958623,0.8875794951398173,0.29392303069410286,-0.2631498464944392,0.025275588143777616,-0.03148956223980107,-0.00047759234418602917,-0.0008574861177481527,0.0007545477725168734,0.001815310150554144,0.0013380825291862282,0.0009626952278457164,0.04413497768237549,0.02054027784383731,-0.005737697625246619,-0.0025915357845525005,-0.004313548968673951,0.004081690037011874,9.744795135953886
1781531077.6327257,-0.01044388437526605,0.8916692514267442,0.29264037163416134,-0.26316223333887145,0.02535091733870809,-0.03136746409640427,-0.0198014679958623,0.8875794951398173,0.29392303069410286,-0.2631498464944392,0.025275588143777616,-0.03148956223980107,-0.00029975460904535566,-0.0006898299404233895,0.0008655713684344922,0.0011644422920615712,0.0009101649099775443,0.0005243000314898076,0.044406431442881276,0.020971436907292536,-0.00520154643053521,-0.00076046349366818,0.005410166820054392,-0.0002389433349998027,10.292506593000562
1781531077.6427,-0.009914214559024113,0.8917990511803049,0.2926106893772971,-0.26319868004429303,0.025322352652921376,-0.03138686685981848,-0.0198014679958623,0.8875794951398173,0.29392303069410286,-0.2631498464944392,0.025275588143777616,-0.03148956223980107,-0.00015319305451411656,-0.0005464992166381298,0.000943730462418405,0.0006448957801661819,0.0005646264259903771,0.00018147350894335738,0.04489935139787485,0.020739224899528196,-0.005390356665136196,0.00015700433568730378,0.001221139300600649,0.0009792122330109722,10.829804865965016
1781531077.652754,-0.00938749563611826,0.8919269819215562,0.2925779034362038,-0.26322992745127394,0.025297782913054734,-0.03140321155095127,-0.0198014679958623,0.8875794951398173,0.29392303069410286,-0.2631498464944392,0.025275588143777616,-0.03148956223980107,-3.3596261799046805e-05,-0.00042451245968096044,0.0009945164614984627,0.00023796513870050722,0.00029027032266025124,-8.036246340145854e-05,0.04255895957181131,0.019757112039987312,-0.004818876989273255,0.0012124528825209204,0.004621181449478415,-0.0013322008168565754,11.364894586702086
1781531077.6627557,-0.008863384552560171,0.8920532472003854,0.2925424458919626,-0.26325642396109794,0.025276879098734994,-0.03141681765436821,-0.0198014679958623,0.8875794951398173,0.29392303069410286,-0.2631498464944392,0.025275588143777616,-0.03148956223980107,6.283853126769807e-05,-0.0003212057623334904,0.001022684564713804,-7.344757346313969e-05,7.675875586692088e-05,-0.00027434773345154286,0.0382816385124978,0.017518638598405394,-0.004282583119515029,0.002296939164874,0.001334326498406706,0.00013086276114938227,11.897988960659617
1781531077.6727524,-0.008341571090514815,0.8921780311508316,0.29250469417052,-0.2632786355746961,0.02525929431977203,-0.031427999494152786,-0.01759777754613645,0.8885971595301421,0.29365145327354564,-0.2631834565509213,0.025326740082444843,-0.0314464568875928,0.0001394575661133568,-0.0002342039160777602,0.0010323387098940442,-0.00030476781894069754,-8.53195810250786e-05,-0.0004121848188344921,0.037274832289150656,0.016161313698721255,-0.004757210262480745,0.0021003732099252556,0.008238681952785772,-0.0035567316839443383,9.990748518170376
1781531077.6827514,-0.008330162575731574,0.8921868328081395,0.29251292951072416,-0.26329702872522515,0.025244677793637926,-0.03143705892287012,-0.01759777754613645,0.8885971595301421,0.29365145327354564,-0.2631834565509213,0.025326740082444843,-0.0314464568875928,0.00019919820129449159,-0.0001613935682651286,0.0010270080187952542,-0.0004697456996462302,-0.00020442415090448903,-0.0005041789603433565,0.03692756385525478,0.015205123163355547,-0.004954552773460091,0.0012324122125251843,-0.0016810337920901658,0.003027279885823347,10.00353326784844
1781531077.6927495,-0.007824971521659483,0.8923024342893218,0.2924730755031125,-0.26322883758429244,0.025311611567499392,-0.03145467312935574,-0.01759777754613645,0.8885971595301421,0.29365145327354564,-0.2631834565509213,0.025326740082444843,-0.0314464568875928,0.00016604704639017396,-0.00015453249489906314,0.0009818543390233973,0.0003305353145590923,0.0005737653497132111,-0.0004445901654106078,0.037903145126224946,0.01544459202576802,-0.004901619183105326,0.001435361612817682,0.003821681890484234,0.0005401776123126894,10.517859706371748
1781531077.7027128,-0.007319442027756588,0.8924179383305145,0.29243137981343514,-0.26317177405327496,0.025367507478518903,-0.031468953304728625,-0.01759777754613645,0.8885971595301421,0.29365145327354564,-0.2631834565509213,0.025326740082444843,-0.0314464568875928,0.0001373302045816077,-0.0001470665257853898,0.0009331650857452587,0.0009211096563246572,0.0011411322318516568,-0.0003877719018427905,0.039907077913843084,0.014432156657704658,-0.006281626047019257,-0.001283056924414274,-0.0055178374699037915,0.002524728549853405,11.03318226613839
1781531077.7127557,-0.006813603081826957,0.8925333498502729,0.2923881110097592,-0.26312460981451535,0.025413602813123326,-0.03148034525511388,-0.01759777754613645,0.8885971595301421,0.29365145327354564,-0.2631834565509213,0.025326740082444843,-0.0314464568875928,0.00011253698182003014,-0.00013920956401477705,0.0008822545112541398,0.0013383926287250125,0.0015350061457134925,-0.000334584963892892,0.03902757996342656,0.01376010402535732,-0.006012255613928839,-0.0019688478198749506,0.0006879044350810452,-5.22154253217722e-05,11.549374302897345
1781531077.7227933,-0.0063074819677495725,0.8926486755635534,0.2923435103176074,-0.26308615361865245,0.025451092959546173,-0.03148926190543659,-0.0156812930300555,0.8893541559560929,0.2933884650947399,-0.26315966418088155,0.025323496722674754,-0.031418074368725915,9.120769039670185e-05,-0.00013113827951990824,0.0008302058084020424,0.0016144123514665327,0.0017881059965821028,-0.00028557486863931117,0.03993230124031898,0.013628876630425179,-0.00476861272798367,-0.001717571797997364,-0.00036103940801713273,-0.0005860289180534782,9.99070186533473
1781531077.7327178,-0.006314041584534819,0.8926403200855868,0.29236849339966703,-0.26308376062207917,0.02542100678765835,-0.03137563462982389,-0.0156812930300555,0.8893541559560929,0.2933884650947399,-0.26315966418088155,0.025323496722674754,-0.031418074368725915,8.069802077439924e-05,-0.00016694911474016507,0.0009394044059072422,0.0014329907119436263,0.000953259919954346,0.0008575934664516174,0.04079670614803791,0.015079028829022805,-0.003940454599125362,-0.0008017375236574586,-0.00025658426591182145,0.0008577336203423015,9.97920921658282
1781531077.7427166,-0.005811207358492815,0.8927480058607604,0.2923413244550591,-0.2630830809855307,0.025394652835210696,-0.03128059704253962,-0.0156812930300555,0.8893541559560929,0.2933884650947399,-0.26315966418088155,0.025323496722674754,-0.031418074368725915,7.123861429839779e-05,-0.0001935816770247978,0.0010151629006097279,0.001257826006159778,0.00030165146963382966,0.0016906598904156012,0.04562742855774775,0.016518483732122835,-0.004183615509845131,-6.217701282572255e-05,0.0027540029027693954,-0.001361143687305219,10.489676442039087
1781531077.7526994,-0.005815826580459614,0.8927421065818075,0.29235857652621333,-0.2630837031384675,0.025371816700391125,-0.031202089500403346,-0.0156812930300555,0.8893541559560929,0.2933884650947399,-0.26315966418088155,0.025323496722674754,-0.031418074368725915,6.274219116415648e-05,-0.00021250870660436267,0.001063116641514531,0.0010921458402115248,-0.0001948286267855078,0.0022685732084954556,0.04512346434814547,0.016157875373013518,-0.004641185465688352,-0.0002882314245979576,-0.004461368237819696,0.0023940020354328165,10.48171303623429
1781531077.7627125,-0.005311288439465522,0.8928520137688759,0.29232475448634343,-0.263085283174783,0.025352241419913213,-0.031138116316343736,-0.0156812930300555,0.8893541559560929,0.2933884650947399,-0.26315966418088155,0.025323496722674754,-0.031418074368725915,5.512648351110892e-05,-0.00022501011671979276,0.0010881418499705466,0.0009381085068501271,-0.0005614875581798532,0.0026394891755085028,0.04135733058141013,0.015844088369730138,-0.003049728534655469,0.002613043241196992,0.0008528020306723244,0.000494370679160691,10.995612067807754
1781531077.7727337,-0.0048060555294077295,0.892962825274868,0.29228828994715234,-0.2630875372929606,0.025335645184340727,-0.031086784350065164,-0.013559142862080154,0.8901218779595963,0.2931746076900427,-0.2631779455251416,0.025299745359625092,-0.03140546493696335,4.8314289350081376e-05,-0.00023219480648160043,0.001094443553349406,0.0007970121268634351,-0.0008208403858868936,0.002845155528247459,0.037977014660604866,0.01424804353873555,-0.0029274877022597632,0.002320813562252089,0.002629385772997411,-6.176285646696493e-05,9.245165149574259
1781531077.7827265,-0.004250757377560291,0.8930863249158366,0.2922560908935786,-0.2630208308971719,0.025400030093943426,-0.03122238867897767,-0.013559142862080154,0.8901218779595963,0.2931746076900427,-0.2631779455251416,0.025299745359625092,-0.03140546493696335,0.0003040712765461959,-0.00017920935910806205,0.0010961181683392309,0.001475369302653568,0.0003326031856717294,0.0012883023313146177,0.03777583175972133,0.013725614649143692,-0.0024612880413492537,0.003388670359646698,0.0015985774907770753,-0.0007676296401660276,9.812117976775923
1781531077.792725,-0.004205922470245491,0.893092918990764,0.29227054084698073,-0.263008202977408,0.02546270705757525,-0.031320776088127694,-0.013559142862080154,0.8901218779595963,0.2931746076900427,-0.2631779455251416,0.025299745359625092,-0.03140546493696335,0.0005437539264832184,-0.00013402024264740311,0.0011087952231990425,0.0014791028762599202,0.0012362357026026384,0.0002887239394426754,0.038097917350251594,0.014054292503603339,-0.0026595823175775543,0.0036710719158560643,-0.0006876845135035467,0.0032897718830857572,9.855310921723278
1781531077.8027558,-0.0036493580010467605,0.8931612085433048,0.29224779778788273,-0.2629989435367674,0.025514259624511926,-0.03140348945893762,-0.013559142862080154,0.8901218779595963,0.2931746076900427,-0.2631779455251416,0.025299745359625092,-0.03140546493696335,0.0007292748086135988,-9.604546061301307e-05,0.0011049224611782826,0.0014414188475032467,0.0018794522153685463,-0.00046813439616532303,0.03928284438203127,0.013281150236727692,-0.003954287094281876,0.0013582037762950342,0.00501323472199478,-2.3325926502932884e-05,10.406745071528105
1781531077.8127527,-0.003098692576423084,0.8932286202342183,0.2922226323743415,-0.26299246052591163,0.025556065761040747,-0.03147219482117866,-0.013559142862080154,0.8901218779595963,0.2931746076900427,-0.2631779455251416,0.025299745359625092,-0.03140546493696335,0.0008689653397078211,-6.434333161598073e-05,0.0010878130223140343,0.0013737321226532835,0.0023099426483338217,-0.0010224122982308713,0.03747375904958744,0.012347517891754546,-0.003314741190727727,0.0019017670406586394,-0.0001379148639823486,0.003206350782878882,10.953498287822539
1781531077.8227088,-0.0025531841055787996,0.8932952685740251,0.29219541071053345,-0.26298823454838827,0.02558942477093007,-0.031528523871263675,-0.011594983263942482,0.8908120978163336,0.29301316018069307,-0.26305746526415386,0.025350435700694618,-0.031363145591609645,0.0009700944745539236,-3.807841823615964e-05,0.001060294328614211,0.0012854171120719683,0.0025692619898294525,-0.001409730518256567,0.03644987624762716,0.010961289155604194,-0.004609009384431414,-0.0004889706165207952,0.00269233767471322,0.001956368416447929,9.412172078111748
1781531077.8326964,-0.0021108016581531967,0.8933379184248454,0.2921766894951983,-0.26298386838300497,0.025539339600804567,-0.03147099052079112,-0.011594983263942482,0.8908120978163336,0.29301316018069307,-0.26305746526415386,0.025350435700694618,-0.031363145591609645,0.0004342259921113294,-0.00016040527604053,0.001095129685383142,0.0011769762059516003,0.0015975790892900207,-0.0007916683538964687,0.03909006278878252,0.011059365307046794,-0.0036145707296964306,0.00027341782514405543,-0.0031720406242463288,0.001956961876074823,9.85033774475103
1781531077.8427005,-0.0021763142896932507,0.8933209200380151,0.29218951141357635,-0.2629812520640551,0.02549598663321162,-0.03142151630117186,-0.011594983263942482,0.8908120978163336,0.29301316018069307,-0.26305746526415386,0.025350435700694618,-0.031363145591609645,-1.4569230860948064e-06,-0.000256573495597775,0.0011092181694797117,0.0010635072503960765,0.0008258023625095577,-0.0003069015834964371,0.03987771412684011,0.01181245876796069,-0.0036742298664303175,3.0339176000298227e-05,0.002485053278660326,0.00038154826689982635,9.781815346757508
1781531077.8527555,-0.0017140376536542749,0.8933690836659187,0.2921654620974968,-0.2629800181276501,0.025458864584465113,-0.031379434736049636,-0.011594983263942482,0.8908120978163336,0.29301316018069307,-0.26305746526415386,0.025350435700694618,-0.031363145591609645,-0.0003511930097160079,-0.00033052371367615137,0.00110647310579801,0.0009493771073633301,0.0002249335812075984,6.472116998424782e-05,0.04251799863442899,0.012053099809925975,-0.0036326022950664417,0.00012958500179534966,0.005015512351702823,-0.0005819773848458057,10.241574821711101
1781531077.8627548,-0.0012435539425217081,0.8934195112512457,0.2921393211962724,-0.2629798534516593,0.025427427292243898,-0.03134404410908405,-0.011594983263942482,0.8908120978163336,0.29301316018069307,-0.26305746526415386,0.025350435700694618,-0.031363145591609645,-0.0006275017785000995,-0.0003857008923151188,0.0010902493046426303,0.0008378757655554098,-0.00023143270916005523,0.0003413959388663601,0.04454581257173484,0.011797367332074765,-0.0037070510692338945,-0.0001773236663435341,-0.004183536382424597,0.0012859465298558843,10.710475637786741
1781531077.8727562,-0.0007658672378328652,0.8934719116570641,0.2921114003134658,-0.262980494205065,0.025401109920285103,-0.03131463550645533,-0.009592966102862643,0.8913858632195202,0.292821982540711,-0.26305993793901206,0.025389122245291995,-0.03131837488800866,-0.0008413639552012006,-0.0004251084280226763,0.0010634107069475648,0.0007313963059630161,-0.0005670365340723257,0.0005393555495001352,0.04347795622175117,0.011077631664851442,-0.0032987712019539807,0.0009552400253514156,0.00171311597616037,-0.002691362497853519,9.098032730127219
1781531077.882751,-0.00025650739986224477,0.8935220262113269,0.2920963808126652,-0.2631295991347229,0.025346419178768675,-0.03127389409150158,-0.009592966102862643,0.8913858632195202,0.292821982540711,-0.26305993793901206,0.025389122245291995,-0.03131837488800866,-0.0008351546121747209,-0.00045928483251708144,0.0011766281745196568,-0.0009872409678981639,-0.0011979302222118447,0.0007545634490280304,0.03936242022369103,0.010704336837391117,-0.003117196884490672,0.0016270514679728447,0.0032143483834044706,-0.0010124829273536959,9.605162742407838
1781531077.892762,0.00030281348454421446,0.8935845832879133,0.2920802295110133,-0.26322575080795363,0.025343061133752398,-0.03135207344265202,-0.009592966102862643,0.8913858632195202,0.292821982540711,-0.26305993793901206,0.025389122245291995,-0.03131837488800866,-0.0005467301978657976,-0.00042273830455388025,0.0012530718974663577,-0.0019076056789227363,-0.0008809931067406755,-0.0001611779448606102,0.0422622466071905,0.010666144541608325,-0.0035219719725409866,0.0009137272488871195,0.0009567708154989611,-0.0018032544600645258,10.164202926878174
1781531077.902723,0.0008565575444845686,0.8936473629196775,0.2920609905450592,-0.26330487274728703,0.02534105060185432,-0.03141789599389323,-0.009592966102862643,0.8913858632195202,0.292821982540711,-0.26305993793901206,0.025389122245291995,-0.03131837488800866,-0.00030826319479192773,-0.0003880432095335246,0.0012985611726531684,-0.002544990588321901,-0.0006194017058998083,-0.0008428947284736594,0.0418998986448035,0.010408487601139084,-0.003556256360209813,0.0007654822404760512,-0.00027354183997427734,-0.0007332620307868871,10.718490293307468
1781531077.9127357,0.0008868910778776998,0.8936477620619224,0.29207344605883745,-0.26336906913329305,0.0253401058475895,-0.031472658481593724,-0.009592966102862643,0.8913858632195202,0.292821982540711,-0.26305993793901206,0.025389122245291995,-0.03131837488800866,-0.00011292227928723822,-0.00035527401725555754,0.0013186246529226931,-0.002952900560950451,-0.0004064409433256424,-0.0013306056910829794,0.039279634288922734,0.009380296684125836,-0.0029619946419993494,0.0007817812210595569,0.0024663460981296037,-0.001087857290061658,10.747274062136464
1781531077.9227023,0.0014313298737758935,0.8937108950952223,0.29204927197641745,-0.2634203250937203,0.02533998635927781,-0.031517635184077505,-0.007538044630846341,0.891911528527152,0.2926555569578504,-0.2630156687461831,0.025433449516265805,-0.0313513904345917,4.532300320171854e-05,-0.00032446610693236014,0.0013180227629846896,-0.0031777065353659957,-0.00023574791012009357,-0.0016596056902069174,0.036796535484165144,0.00863671433547924,-0.0025411570969863786,0.0008935629030497524,0.001153984217831284,0.0005928775021865074,9.168150333037048
1781531077.9327216,0.001948556809869803,0.893766310985344,0.2920221489349991,-0.2632703183539021,0.025367693882260012,-0.0315596105198528,-0.007538044630846341,0.891911528527152,0.2926555569578504,-0.2630156687461831,0.025433449516265805,-0.0313513904345917,2.0223861706736357e-05,-0.0003680458071415965,0.0012237323802674175,-0.001181718345684995,0.00020197893254503128,-0.0018419870099983214,0.036489281747036036,0.007934310458880761,-0.002609644018519062,-0.00038200429225142556,0.0024336464713923755,0.0007928576316407403,9.686951563088694
1781531077.9427006,0.002470215328944678,0.8937700977861383,0.29200726130992694,-0.2631430229184673,0.025391265335767743,-0.03159323030218521,-0.007538044630846341,0.891911528527152,0.2926555569578504,-0.2630156687461831,0.025433449516265805,-0.0313513904345917,-1.8131209883054112e-07,-0.0003983669063846125,0.0011325326606839402,0.0003461518867074532,0.0005244386796364691,-0.0019282154980825802,0.03812346265151109,0.006952778560783872,-0.0030640290450381423,-0.002573517646375027,-0.002027949116713633,0.00022953193448419992,10.199991880404667
1781531077.9527798,0.002991911785454223,0.893774867064825,0.29199082023666145,-0.26303622845359653,0.025411091060546065,-0.03161966983196979,-0.007538044630846341,0.891911528527152,0.2926555569578504,-0.2630156687461831,0.025433449516265805,-0.0313513904345917,-1.655974039370525e-05,-0.0004176601576176684,0.0010449696355362267,0.0014814559517000042,0.000751702441089487,-0.0019400404845428263,0.03769597430093911,0.006888240499643779,-0.0023314140033096733,-0.002662049077281829,-0.004390031246086773,0.001436769416670678,10.714190942094676
1781531077.9627337,0.003513653916142615,0.8937804833139597,0.29197305576130256,-0.2629477177271456,0.025427566418017467,-0.031640006168855705,-0.007538044630846341,0.891911528527152,0.2926555569578504,-0.2630156687461831,0.025433449516265805,-0.0313513904345917,-2.949807418397794e-05,-0.00042785608345554613,0.0009614355634828384,0.0022915476736408997,0.0009014155105742973,-0.001895794415887547,0.037786119306788886,0.006477910618916387,-0.0024779488171783183,-0.003643399702174104,0.003706299945375781,-0.002451844435511835,11.229374009798502
1781531077.9727585,0.004035449014436428,0.8937868294495198,0.29195417810445756,-0.26287532901821453,0.025441079642564368,-0.03165521328572299,-0.005618651971348365,0.892284915138958,0.2925232657585381,-0.26310067360659456,0.025390511338377886,-0.03135817231265736,-3.9510850637567986e-05,-0.0004306197279736399,0.000882194288317196,0.002835794804087215,0.0009889223695260401,-0.001810747828230209,0.03887530246409552,0.006542118368116121,-0.0017797622114770707,-0.003226291417003228,-0.002138992504942255,-0.0010353407920096827,9.786790750702096
1781531077.9827678,0.0040344299734896465,0.893784107705239,0.2919547373005649,-0.2628170013599801,0.02545200294003669,-0.031666161265730075,-0.005618651971348365,0.892284915138958,0.2925232657585381,-0.26310067360659456,0.025390511338377886,-0.03135817231265736,-4.7048196160822436e-05,-0.00042738191840411427,0.0008074032226577486,0.0031659563763052553,0.001027423385893247,-0.0016974591162288962,0.03846439258733291,0.007051569519577986,-0.0005621595369456746,-0.0003019828369125296,0.004392097406160605,-0.002258991418643117,9.785335660674855
1781531077.9927564,0.004506776585593948,0.893778230313274,0.2919556028342597,-0.26301524449092795,0.025471960129667126,-0.03154690407572967,-0.005618651971348365,0.892284915138958,0.2925232657585381,-0.26310067360659456,0.025390511338377886,-0.03135817231265736,-0.0003199479974174647,-0.0004754994753044049,0.0009640792493350954,0.0006229991548980353,0.0007865000693640827,-0.00019874262995413618,0.04321931457385872,0.0076108694742363855,-0.0007017086407566794,0.0010350578253563707,-0.003404217976524164,-0.0009840488683838461,10.250684604804963
1781531078.002698,0.0049865939159801365,0.8937749909146392,0.291953046831841,-0.2631825462011639,0.025488114539506057,-0.03144623794888375,-0.005618651971348365,0.892284915138958,0.2925232657585381,-0.26310067360659456,0.025390511338377886,-0.03135817231265736,-0.0005349705651968991,-0.0005081018969880387,0.0010776386942065491,-0.0012994099145475651,0.0005844573508501608,0.0009296280290186745,0.04380986304854002,0.007639362824865753,-0.001558290554215943,0.0017963488468361862,0.001296148540421989,-0.0017386003160093444,10.724584643347898
1781531078.0127544,0.005472984153269403,0.8937740462868358,0.2919475658250164,-0.2633220853555165,0.025500974023197287,-0.03136225611995612,-0.005618651971348365,0.892284915138958,0.2925232657585381,-0.26310067360659456,0.025390511338377886,-0.03135817231265736,-0.0007008062895385062,-0.0005278360788761394,0.0011551463913051774,-0.002704240630493121,0.0004170766054016409,0.0017496262587257789,0.04416751127209434,0.007240366672013243,-0.0021197775791945007,0.002032119532298749,0.0016579232676916331,-0.0029210156451258975,11.205950825787273
1781531078.0227587,0.005442266159511558,0.8937651997092002,0.29195998913559956,-0.2634370036365668,0.025511009965494935,-0.03129307342526831,-0.0035319324180442813,0.8926503114705138,0.2924525712285489,-0.26308762738913727,0.025396114365883404,-0.03143126477471045,-0.00082505482949987,-0.0005369899312142788,0.001202730611969695,-0.0036828125850120355,0.0002802482675691965,0.002316127193262166,0.04115480914699643,0.006802101418275875,-0.0017597644330109448,0.0025669073000144983,0.001642850947799503,-0.0029726037393185164,9.056591688514006
1781531078.0328023,0.005939443835557893,0.8937679191850365,0.29194986826633873,-0.263530328879601,0.025518653461803043,-0.031236872452031716,-0.0035319324180442813,0.8926503114705138,0.2924525712285489,-0.26308762738913727,0.025396114365883404,-0.03143126477471045,-0.0009143439391930631,-0.000537534190441501,0.0012256901287319643,-0.004315216524077069,0.00017005695163369554,0.002677185500357162,0.04039671365985694,0.006174785526812745,-0.0018838208930700819,0.002388585735203081,0.003585335780803418,-0.0014489201618581688,9.550325932086023
1781531078.0427375,0.0067066076105097615,0.8938158754167032,0.2919351566372308,-0.2635451437674254,0.025538920046468183,-0.031333680105154804,-0.0035319324180442813,0.8926503114705138,0.2924525712285489,-0.26308762738913727,0.025396114365883404,-0.03143126477471045,0.0006808395818816166,-0.00025710157674774806,0.0011887591867547967,-0.003979070125539959,0.0006402903537906864,0.0014225297284287315,0.0418230400085415,0.0054463758761717895,-0.002577730069023961,0.00100292220325147,0.0006533225697964171,0.0007084227003581107,10.317652789674057
1781531078.0527577,0.007438680465584023,0.8938585418873785,0.29191917883004853,-0.2635539801832245,0.025555057626297506,-0.03141621168700551,-0.0035319324180442813,0.8926503114705138,0.2924525712285489,-0.26308762738913727,0.025396114365883404,-0.03143126477471045,0.0019527831571091957,-2.8720065357508423e-05,0.0011440492321125437,-0.003618283524583529,0.0009751107126325894,0.0004435280160290198,0.043179304932526294,0.005072095419043773,-0.002223921303620771,0.0007962021683705368,0.0025003725445556166,-0.000532132331394748,11.049826932284791
1781531078.062748,0.008139906686963553,0.8938965448692966,0.2919021196090754,-0.2635580950195364,0.02556765987623444,-0.03148578752083206,-0.0035319324180442813,0.8926503114705138,0.2924525712285489,-0.26308762738913727,0.025396114365883404,-0.03143126477471045,0.0029491215654030315,0.00015498239290428668,0.0010936610154723251,-0.0032489119509808086,0.001199301484259986,-0.0003021394724700827,0.03974310836041847,0.004315841192752091,-0.0020130396939695176,-0.0011770418709981427,-0.0013167043120323814,0.00358227210401567,11.75108176989731
1781531078.072755,0.00829122172448722,0.8939206913698832,0.2919045857023395,-0.26355855932076533,0.02557726832021112,-0.03154375154571447,-0.0014282470239594391,0.8929261568404994,0.29234588866789346,-0.2630443878052712,0.025485457541175593,-0.03145222063375239,0.003711586925706383,0.0003004900101630975,0.0010393529124146739,-0.002883219691353971,0.0013344613688876935,-0.0008525680580723454,0.03849644553724698,0.0035053859755779793,-0.001605094885978479,-0.0031360455855109874,0.0011243612789675536,0.0017127377545211396,9.780179956911562
1781531078.0827553,0.008941765602186489,0.8939510202769475,0.29188583224813125,-0.2635562755580354,0.02558437060079921,-0.03159142859727335,-0.0014282470239594391,0.8929261568404994,0.29234588866789346,-0.2630443878052712,0.025485457541175593,-0.03145222063375239,0.00427664407168962,0.0004134921052458792,0.0009825861685888537,-0.002530294987028613,0.0013992113549286494,-0.001241645126023761,0.03975035741894618,0.003597546431774995,-0.0013885557895459795,-0.004097718054656211,0.002171389727226179,0.0017239976231234974,10.430683526939099
1781531078.0927505,0.00931280073526782,0.8938726851438696,0.29189028100866016,-0.26357980486584975,0.025532461100217008,-0.03152390964630203,-0.0014282470239594391,0.8929261568404994,0.29234588866789346,-0.2630443878052712,0.025485457541175593,-0.03145222063375239,0.0030540570845765717,0.00016292303877422102,0.0009963765199609937,-0.002529470116724073,0.000507237024445533,-0.0005423258057791421,0.04288499249762609,0.0038715172969764765,-0.0012067051146901829,-0.005182475031341483,0.004121380021019638,0.001097673864107915,10.792293599334387
1781531078.1027503,0.009182025765699618,0.8938424531518131,0.29189900763399695,-0.2635972599627696,0.025488480093077914,-0.03146651753709788,-0.0014282470239594391,0.8929261568404994,0.29234588866789346,-0.2630443878052712,0.025485457541175593,-0.03145222063375239,0.0020338990704639156,-4.029148096528295e-05,0.0009948219416076054,-0.00245961309688667,-0.00017498017005121555,-3.5130762176300992e-06,0.04544590547662815,0.004187263992676297,-0.001515600442116657,-0.005901364413177608,-0.0030841781532339927,0.0022806603399918423,10.659136468755944
1781531078.1127508,0.009590310796878313,0.8937735311370391,0.2918999809924232,-0.2636096856004742,0.02545164333430816,-0.03141828424034855,-0.0014282470239594391,0.8929261568404994,0.29234588866789346,-0.2630443878052712,0.025485457541175593,-0.03145222063375239,0.0011891720390411285,-0.00020291610763639397,0.0009809685637297875,-0.002339944926914871,-0.0006813576516953894,0.00040029085484014174,0.04528117820226972,0.004030647784164958,-0.001436115639256347,-0.005408261877367538,-0.00018325375639129408,-0.0003753299594052186,11.06008559210209
1781531078.122699,0.010014100904713056,0.8937084793462927,0.29189957328435184,-0.2636180023297537,0.025421167713672865,-0.03137823369963187,0.0007138268838310369,0.8931186540607209,0.29227293000515175,-0.2632919236394342,0.025512347696643012,-0.03140104620343234,0.0004959798398373908,-0.0003308956387451426,0.0009574175761497071,-0.0021862306864732844,-0.0010421222245668692,0.0006918856462138601,0.042560399868931516,0.003774364144752583,-0.0015548646597861103,-0.0039871789198821905,-0.0007424014900394079,0.0005083489953790221,9.326434794280146
1781531078.1327548,0.01043601626667147,0.8936496766301953,0.29190558073448897,-0.263586290078053,0.02540331998140344,-0.03136349272555629,0.0007138268838310369,0.8931186540607209,0.29227293000515175,-0.2632919236394342,0.025512347696643012,-0.03140104620343234,-0.00017308329167536505,-0.0004148792383716828,0.000961823675727685,-0.001605351506586511,-0.0011582492928046766,0.0007208980874308012,0.04346935865972737,0.004061110136155506,-0.000919043540514303,-0.0017673916214799633,0.00858189228690616,-0.004120160516075613,9.743607999697186
1781531078.1427205,0.010919785599455058,0.8935991957965882,0.29192317397896744,-0.2635979618495984,0.02543939085572311,-0.0313471504027822,0.0007138268838310369,0.8931186540607209,0.29227293000515175,-0.2632919236394342,0.025512347696643012,-0.03140104620343234,-0.00039437858040621053,-0.0004353304289737002,0.0010569483867847748,-0.0015621827457395897,-0.0006981415932301757,0.0009169940865516136,0.04571548793658553,0.0041804906803147935,-0.0010560400608291957,-0.0004798098409903353,-0.000352034911554975,-0.0011638444247617646,10.223250116415256
1781531078.1527119,0.011409221095055697,0.8935500535842367,0.29193687745593694,-0.2636063684232697,0.025470128665936453,-0.03133438518791361,0.0007138268838310369,0.8931186540607209,0.29227293000515175,-0.2632919236394342,0.025512347696643012,-0.03140104620343234,-0.0005670313199209017,-0.0004462320171693646,0.0011199193417070355,-0.0014870745655080576,-0.00033428976055089167,0.0010388241193442335,0.0460198743677586,0.00342791219088623,-0.0015292282314347187,-0.0007695750872426284,-0.002284323281606376,-0.0010425462367076716,10.709364789669898
1781531078.162737,0.011382061043043623,0.8935450646704889,0.2919533391781293,-0.2636120985487319,0.025496029169371548,-0.031324649556259104,0.0007138268838310369,0.8931186540607209,0.29227293000515175,-0.2632919236394342,0.025512347696643012,-0.03140104620343234,-0.0006984474413395367,-0.0004493293067445001,0.001156280218514448,-0.0013900917022904172,-5.251847493161616e-05,0.0011016737160179403,0.04248781681398291,0.002556667838256017,-0.001331063993677198,-0.0006844136471918421,0.0021169564406349466,-0.0035314006640801815,10.681534739007775
1781531078.1727576,0.011880779790655655,0.8934980507806145,0.2919607579912764,-0.2636156665767354,0.025517596248171737,-0.03131745035210853,0.0029623952931454034,0.8932937724191907,0.2922024125791327,-0.26337191535171717,0.025552634569420585,-0.03148742724815036,-0.0007950947371563099,-0.00044612226910916927,0.0011708185097963576,-0.0012793739597296138,0.00016004003675316357,0.0011186104233260317,0.03719929931753407,0.0016816168811665453,-0.001598035477245019,-0.001352582339188174,-0.0008201243924579934,-0.0001384460802472523,8.923996225582414
1781531078.1826952,0.012383259750661114,0.893451874977687,0.2919656567119954,-0.2636175170424553,0.02553532607413045,-0.03131234865311365,0.0029623952931454034,0.8932937724191907,0.2922024125791327,-0.26337191535171717,0.025552634569420585,-0.03148742724815036,-0.0008626059338651109,-0.0004378949232678482,0.0011676540003879654,-0.0011613960790325417,0.00031492164160934493,0.001100682193195849,0.03657973221768939,0.0013361511376286962,-0.0007631244290927226,-0.00079650169505896,0.0032124975919095456,-0.0004644986891673358,9.425165085371702
1781531078.1927087,0.01292111581236349,0.8934075068519174,0.2919554618815688,-0.26340233372924826,0.025591681900736463,-0.031457844311184396,0.0029623952931454034,0.8932937724191907,0.2922024125791327,-0.26337191535171717,0.025552634569420585,-0.03148742724815036,-0.0007518648010399972,-0.00043789068436255076,0.0009893952198763642,0.0013547597717785955,0.001289095488073009,-0.00039227101809175273,0.04089329960171927,0.0006048030361216198,-0.0013944629766263678,-0.0029186159903542017,-0.0035228101837566916,0.0020438407901470176,9.96243115650544
1781531078.2027547,0.013456907767917144,0.8933633606399068,0.29194496436274103,-0.26322257869774063,0.025638057436732753,-0.0315795529962844,0.0029623952931454034,0.8932937724191907,0.2922024125791327,-0.26337191535171717,0.025552634569420585,-0.03148742724815036,-0.000653437902280271,-0.0004323387618914784,0.0008337572146459339,0.003202952383885919,0.001983721000035356,-0.0015001455246322058,0.03841454970419763,-0.00015869901927310326,-0.0015974631444114079,-0.0038156697739354546,0.0019397902339580678,0.0015921004048992454,10.4979004656991
1781531078.212726,0.013990834256365525,0.893319402913036,0.29193424033640264,-0.26307428803559474,0.02567568065230308,-0.03168010966852511,0.0029623952931454034,0.8932937724191907,0.2922024125791327,-0.26337191535171717,0.025552634569420585,-0.03148742724815036,-0.0005661437087688586,-0.00042240365649005987,0.0006982506520564189,0.004500071238536682,0.0024498775891234163,-0.0022891698574942364,0.037713903028737714,-0.00019085391200080094,-0.0008194427995466623,-0.002033609157510651,0.0008563989958314196,0.0019255536936660786,11.031728751173015
1781531078.2227209,0.014001554562395227,0.8933188446945867,0.291929628649467,-0.2629536307331586,0.025705712288037752,-0.03176206707271971,0.004860411450564539,0.8933212515868343,0.29214856019039653,-0.2634711336544039,0.02552814005501247,-0.03142657923564382,-0.0004888926582131952,-0.00040907573738295294,0.000580622076877445,0.005348782436839105,0.0027320909090189824,-0.0028176941673892153,0.0367617083518004,0.00013681451971582687,-9.646134281298344e-05,-0.0004788339962656303,0.0005474557388247342,0.001805302461833458,9.143764771893125
1781531078.2327688,0.014532320501726537,0.8932752268947074,0.29191869781413066,-0.2628569801855842,0.025729230795760394,-0.031827846564345674,0.004860411450564539,0.8933212515868343,0.29214856019039653,-0.2634711336544039,0.02552814005501247,-0.03142657923564382,-0.0004206828224380775,-0.00039319303678929965,0.00047883594349645945,0.005838284629542525,0.0028687573724135995,-0.003136568505956359,0.038395826876470265,0.00029827539530732477,8.568233865003894e-05,0.001434347325102292,0.004390767214854217,0.0006744611492486163,9.674749592535061
1781531078.2427127,0.01495725144668824,0.8931638881608172,0.2919553819642762,-0.26298198342901574,0.02566114638728645,-0.03172187986168441,0.004860411450564539,0.8933212515868343,0.29214856019039653,-0.2634711336544039,0.02552814005501247,-0.03142657923564382,-0.0009366455658978071,-0.0004594937693457075,0.0006751022679047325,0.0038069433020488127,0.0015367131320526545,-0.0018705979000796565,0.044962887159435395,0.0005132670569880701,-0.00013538405459085305,0.002345119677348611,0.0036178525137965665,-0.002841791286237795,10.099913810633144
1781531078.2526963,0.015395422151537667,0.8930551112224709,0.29198762681084817,-0.2630905716504624,0.025602977848684594,-0.03163071963923397,0.004860411450564539,0.8933212515868343,0.29214856019039653,-0.2634711336544039,0.02552814005501247,-0.03142657923564382,-0.0013389783536775608,-0.0005068959648196424,0.0008241053726673531,0.0021807237502121535,0.00049659733642129,-0.0008708383803756551,0.04733988767957574,0.00034373796655295556,-0.0005977064020538832,0.002063606356001634,0.0013422883424574878,-0.0014642451607582432,10.53960059564947
1781531078.2627573,0.01584521470750286,0.8929485652426622,0.29201603917985947,-0.2631838875055152,0.025553829638153447,-0.03155314978259233,0.004860411450564539,0.8933212515868343,0.29214856019039653,-0.2634711336544039,0.02552814005501247,-0.03142657923564382,-0.0016449940987796107,-0.0005385262881546043,0.0009332788129670129,0.0009025617681694055,-0.0002963165192436286,-9.790978278917015e-05,0.0469254764060529,0.0003462421818247944,-0.00030449350740473024,0.002572331271905754,0.0010098404140836425,-0.0013388807269021877,10.991922467112335
1781531078.272745,0.016305176511745293,0.8928439537847481,0.2920411455484998,-0.2632632053098659,0.02551278404749535,-0.03148788693326714,0.007075919266339936,0.8933376173992931,0.29213620545265284,-0.2633798679708219,0.025571682593920286,-0.03144158377091706,-0.001869811577681939,-0.0005570945876587642,0.0010090947296226397,-7.982608152320514e-05,-0.000882306844467839,0.0004839035588650437,0.043812679969672017,0.0003855458965537661,4.351027110627127e-06,0.00403146591423082,0.003315689055878541,-0.003040433571301924,9.242939437839592
1781531078.2826962,0.016774007191520817,0.8927410124242715,0.2920634028667694,-0.26332986315256696,0.02547893189963757,-0.031433632474589676,0.007075919266339936,0.8933376173992931,0.29213620545265284,-0.2633798679708219,0.025571682593920286,-0.03144158377091706,-0.002026596602718779,-0.000564941765905653,0.001057171457217607,-0.0008137100574913127,-0.0012972167697178653,0.0009065938743200025,0.04151457147151804,0.00020737814927552806,0.0006062040653711109,0.004393881255957042,0.0033319098493732775,-0.00213730723973593,9.716694248419625
1781531078.292738,0.0174019218003897,0.8926583831233957,0.292081261340286,-0.26310325049918043,0.025500337960800312,-0.03149834521203869,0.007075919266339936,0.8933376173992931,0.29213620545265284,-0.2633798679708219,0.025571682593920286,-0.03144158377091706,-0.0011916261110926814,-0.0004676370748307251,0.0009703839685647683,0.0017669006312418165,-0.0007452038345288085,0.00018649186837629752,0.04507544741778617,-0.00030678996399290456,9.198701747199965e-05,0.0031342570968623177,0.0004969343703628388,-0.003052602296183391,10.348463962842006
1781531078.3027532,0.018014308515673864,0.8925740258122049,0.2920968485055567,-0.26291428138358874,0.025518969548434134,-0.03155311504036376,0.007075919266339936,0.8933376173992931,0.29213620545265284,-0.2633798679708219,0.025571682593920286,-0.03144158377091706,-0.0005062351045143694,-0.00038359804466047743,0.000888417552520905,0.0036520982304996293,-0.00031120756695527556,-0.00035817180179806654,0.04292026590830595,-0.0007741674772796665,-8.722653522355987e-05,0.0026561890452329257,0.001079231365539851,-0.0016559612877888263,10.965080047637619
1781531078.312753,0.01861297527043683,0.8924881322759034,0.2921104775361169,-0.262758689705804,0.025535010281616533,-0.031598936214703985,0.007075919266339936,0.8933376173992931,0.29213620545265284,-0.2633798679708219,0.025571682593920286,-0.03144158377091706,5.0392907323710645e-05,-0.0003112731907576389,0.0008113599618512848,0.004964643767618649,2.2484795276804287e-05,-0.000756473817503133,0.0402820473805362,-0.0011968374728819932,-4.0230914837996406e-05,0.0009368725468708245,0.00031966070450276335,-0.0004907641732843945,11.568316564747777
1781531078.3227203,0.018685059155959496,0.8924964675253912,0.29211434067275227,-0.26263236542095486,0.02554866907099118,-0.03163679859062635,0.007075919266339936,0.8933376173992931,0.29213620545265284,-0.2633798679708219,0.025571682593920286,-0.03144158377091706,0.0004966004018552121,-0.00024926859240148797,0.0007392194423181749,0.005812192881155422,0.00027189000562189146,-0.0010342073546399273,0.03825798392513051,-0.0017292995550673373,2.050145655631896e-05,0.001255615398354295,-0.0016852910301539778,0.0013504161708444795,11.63959364220767
1781531078.332713,0.01926101356275819,0.8924080365908605,0.29212491587687833,-0.26253142791340867,0.025560168020138496,-0.031667661621074816,0.00922271227868049,0.8933125263183227,0.2921446720654827,-0.26323821809512316,0.02561258219335749,-0.0315229877082806,0.0008485113675861917,-0.0001963344793438727,0.0006719403091141131,0.0062881364417705105,0.0004513157354687976,-0.0012139991667984775,0.0378361808434936,-0.002642782741650188,-0.00010778311890788364,0.0006788730347050151,0.0015644792437555176,0.0006905691637102578,10.078987282658352
1781531078.3426938,0.019823606278265692,0.8923087237121246,0.2921326743119366,-0.2625225579784828,0.025607128332481244,-0.031756993815078724,0.00922271227868049,0.8933125263183227,0.2921446720654827,-0.26323821809512316,0.02561258219335749,-0.0315229877082806,0.0010763198287151244,-0.00020137711621996107,0.0006267946499106592,0.005723134128032019,0.0011501861428186697,-0.0018899616991668935,0.040519515879876275,-0.003342960743193453,0.00010165247345732942,0.0007313335291153745,-0.0009954320157970354,0.0006047737221997578,10.648319924229451
1781531078.3527126,0.020244467350441803,0.8922025316185066,0.292151011141198,-0.26266340452461184,0.02561113235939283,-0.0316681029904836,0.00922271227868049,0.8933125263183227,0.2921446720654827,-0.26323821809512316,0.02561258219335749,-0.0315229877082806,0.0004397821560650606,-0.00024782576578880175,0.0007035970203782908,0.003535942038438094,0.0008143892250550775,-0.0007354383047847993,0.044106651977176906,-0.0034871548097715884,0.0005207899390519555,0.0019052750677958344,0.007167565532054112,-0.0028609376618875743,11.077509344586309
1781531078.362706,0.020678452392487306,0.8920980388169619,0.2921674760118673,-0.26278509430052843,0.02561396529056692,-0.03159249261952972,0.00922271227868049,0.8933125263183227,0.2921446720654827,-0.26323821809512316,0.02561258219335749,-0.0315229877082806,-7.678568455399195e-05,-0.0002819732905454085,0.0007563366127789361,0.001800362200390133,0.0005405051961480719,0.00014973565571203135,0.04622833478502513,-0.0035073578251191505,0.0005257840455881092,0.002848097613614551,0.0009287786552254057,0.0009736512411907415,11.519960133004579
1781531078.3727055,0.02060951201768946,0.8920905559517469,0.29217429071957285,-0.2628890996077272,0.025615841518510374,-0.03152890225300979,0.00922271227868049,0.8933125263183227,0.2921446720654827,-0.26323821809512316,0.02561258219335749,-0.0315229877082806,-0.0004904995258602496,-0.00030581311874596054,0.0007890909887869166,0.00045066832082025967,0.00032050502550618127,0.0008088661464901022,0.04793273767442129,-0.0031672424649617165,0.0009861733369955533,0.005086521555804355,-0.002635247718394786,-0.0004578440289784118,11.452218000795925
1781531078.3827024,0.021052581957875526,0.8919374420535796,0.29220208879982584,-0.26297700765280835,0.02561694814470772,-0.0314760585246589,0.011392084210303022,0.8931522314020375,0.2921564108700915,-0.26314854812371846,0.02560449532765352,-0.031495410670183466,-0.0008164027634487627,-0.0003210761300576678,0.0008053867384260734,-0.0005729490035408771,0.0001468984664208826,0.00128058814825636,0.04741098063041575,-0.0027836675064445535,0.0017042893108102219,0.006873781322214043,-0.0019925939409182474,-0.00045073345515870655,9.736684053888416
1781531078.3927374,0.02153250388777127,0.8917745288534319,0.2922458645911046,-0.26313628706931114,0.025658438985471488,-0.03144143993535717,0.011392084210303022,0.8931522314020375,0.2921564108700915,-0.26314854812371846,0.02560449532765352,-0.031495410670183466,-0.0008856290011524321,-0.0003890569166628088,0.000952086734534767,-0.002259083104895817,0.00046929764143884597,0.0016233810608745076,0.04957330458302368,-0.0034360813553813677,0.000968542244345068,0.006006750079198576,-0.00025856649443862557,-0.00047205815855648275,10.233971737102983
1781531078.4027543,0.02201618192819504,0.8916142051470901,0.29228634734569253,-0.2632682138899865,0.02569253668829541,-0.03141365532154296,0.011392084210303022,0.8931522314020375,0.2921564108700915,-0.26314854812371846,0.02560449532765352,-0.031495410670183466,-0.0009299801475442245,-0.00043870032086470805,0.0010577896472364794,-0.003460607585651933,0.0006980218077836672,0.0018357875665989782,0.04991546731630773,-0.003686482371086688,0.0007048689189713097,0.0047979742670183866,-0.00012129493906543317,-0.00036508287510617207,10.735635079859852
1781531078.4127543,0.022503109683392118,0.8914561355636382,0.29232398439993185,-0.2633760354345315,0.025720160357489252,-0.03139175047320414,0.011392084210303022,0.8931522314020375,0.2921564108700915,-0.26314854812371846,0.02560449532765352,-0.031495410670183466,-0.0009538002644071846,-0.0004729939344485012,0.0011292418388167184,-0.004266141847849122,0.0008502958183633589,0.00194468587236579,0.049335526352689056,-0.00420993488954242,0.0009122183491710707,0.0037860633576098147,0.0007722382813928701,-0.001461811354186874,11.24098345539985
1781531078.422766,0.022992836365452702,0.8913000198465107,0.2923591602247283,-0.2634628445581102,0.02574217618582586,-0.03137484978937376,0.011392084210303022,0.8931522314020375,0.2921564108700915,-0.26314854812371846,0.02560449532765352,-0.031495410670183466,-0.0009608367969042721,-0.0004945306133226575,0.0011722930992089996,-0.004752924655429576,0.0009411187837338803,0.0019730481951599948,0.04543559766396957,-0.0050025989807432145,0.00039173346607150367,0.001294298599829237,-0.00011350529811081367,-0.0005079792241386373,11.74943596571522
1781531078.4327512,0.0234849622967167,0.8911455903473646,0.29239220615598643,-0.2635315337375522,0.02575938694459956,-0.0313621604830929,0.0137895868971748,0.8929682265272236,0.2922019477058359,-0.2629109029543881,0.02560174747982069,-0.031405495976250475,-0.0009543107584582478,-0.0005055534759146524,0.0011919993513553656,-0.004987553428916966,0.00098341145812681,0.0019402913168075123,0.03938342191677206,-0.005615167633658998,0.0006704703502560295,-0.00045628988909685616,0.0007601665172185429,0.0012075593140934507,9.867041352909544
1781531078.4427035,0.02407702612078171,0.8910123973136477,0.29241764676282744,-0.2634165019836918,0.02575248424487242,-0.031425266171036456,0.0137895868971748,0.8929682265272236,0.2922019477058359,-0.2629109029543881,0.02560174747982069,-0.031405495976250475,-0.00033783715894242314,-0.00039156710354976593,0.0010941572783594955,-0.003169550571243755,0.0009831767080042482,0.0010439195407855632,0.039125618248026024,-0.00629666116389826,0.0014220152298815767,-0.0006258248381879137,-0.00046577652682822785,0.0014763410259595702,10.47392952884781
1781531078.4527023,0.024154598249003668,0.8910242953201379,0.2924198004110235,-0.2633168572470703,0.02574556237293013,-0.03147903404935988,0.0137895868971748,0.8929682265272236,0.2922019477058359,-0.2629109029543881,0.02560174747982069,-0.031405495976250475,0.00016133203580919462,-0.00029510035127660477,0.0010017482052821728,-0.0017206201470492746,0.0009560921267639279,0.00034373033808782444,0.040026595942907854,-0.007502199620170806,0.0015331443247961042,-0.0019569888013970995,0.005653410221812828,0.001750682971118416,10.547975571766388
1781531078.4627528,0.02472285944697828,0.8908877997605811,0.29244338175487267,-0.26323146910143663,0.02573881464262584,-0.031524333805858396,0.0137895868971748,0.8929682265272236,0.2922019477058359,-0.2629109029543881,0.02560174747982069,-0.031405495976250475,0.0005600074232069576,-0.0002139202113559303,0.0009148715154622404,-0.0005878851880448688,0.0009096303699864387,-0.00019030150441709818,0.042859737796235954,-0.009050672352392479,0.0003917996699002769,-0.005459926074372494,0.00306681835825031,0.00311797031727457,11.132066950018014
1781531078.472753,0.02528130691973638,0.8907499075502181,0.29246622267491684,-0.26315910030985423,0.02573238128274391,-0.03156204880088262,0.0137895868971748,0.8929682265272236,0.2922019477058359,-0.2629109029543881,0.02560174747982069,-0.031405495976250475,0.0008729574581069774,-0.00014604038822525176,0.0008335368902627194,0.00027692856753123703,0.0008499210736721653,-0.0005852206215733481,0.0441313152762266,-0.00938806149646518,0.0008120552822721672,-0.0053964740673617066,0.0015474149929650223,0.0019542910501629046,11.706853096369167
1781531078.4827986,0.025831149232372,0.8906107789718122,0.29248844198995466,-0.26309846747044646,0.025726358908225944,-0.031593048479982636,0.015978655994965396,0.8925832853706765,0.2922460060349326,-0.2630535840949916,0.025655568248139637,-0.03145353046129015,0.0011131240868307692,-8.969780861543594e-05,0.000757681878035902,0.000917325277772056,0.0007819197540456299,-0.0008650982212341088,0.044510200097201066,-0.008711274633244706,0.0012311299787616252,-0.004013124716578362,-0.0017530190529203365,0.0015018791933760413,10.050929294298674
1781531078.492753,0.026291687190853882,0.8904665030389035,0.29251049107760724,-0.26301537872752967,0.025687719805036258,-0.03149359091934363,0.015978655994965396,0.8925832853706765,0.2922460060349326,-0.2630535840949916,0.025655568248139637,-0.03145353046129015,0.0008054362707821674,-8.837849691520747e-05,0.000674108327217388,0.0016966322831134032,7.360285822099804e-06,0.000167747438687426,0.043009110783502884,-0.008279298512990807,0.0023337968565531352,-0.0009973265497333372,0.002728888698617596,0.00044660646748636765,10.531349971645335
1781531078.5027065,0.02666971898823381,0.8903027927866309,0.2925529871616435,-0.26312671209189326,0.02560263978541988,-0.03127772231738567,0.015978655994965396,0.8925832853706765,0.2922460060349326,-0.2630535840949916,0.025655568248139637,-0.03145353046129015,2.4687585033707693e-05,-0.00020577300194724165,0.0007897320530635732,0.00023615780886012197,-0.0015034445750923156,0.002182729452216392,0.045557086993542426,-0.008649951377203174,0.0026230945385572824,7.962433019186003e-05,0.004113983336034482,-0.0010292155761684792,10.935890990864763
1781531078.512749,0.027047514832907064,0.8900919457396017,0.29260630803270765,-0.2632206422614339,0.025531911900198656,-0.03109844537491996,0.015978655994965396,0.8925832853706765,0.2922460060349326,-0.2630535840949916,0.025655568248139637,-0.03145353046129015,-0.0006023893155065533,-0.0002974068059680122,0.0008725449689829305,-0.0008645914961236357,-0.0025942723484657943,0.003632749487181672,0.04843923139173666,-0.009404781597845448,0.0017193579922751576,5.817465078824243e-05,0.0029412072814704038,-0.0013918871456409308,11.35148565876926
1781531078.5227513,0.02744107946074267,0.8898833659260603,0.2926568992160553,-0.2632989585674765,0.02547386941166252,-0.03095149417244776,0.015978655994965396,0.8925832853706765,0.2922460060349326,-0.2630535840949916,0.025655568248139637,-0.03145353046129015,-0.001098156931539702,-0.00036719951748811504,0.0009279689238507098,-0.0016656801524891373,-0.0033405700244754128,0.004619769245507794,0.0478707938758382,-0.009101417807406038,0.0013092960208106101,1.1084470192731478e-05,-0.0006716325559969671,-0.0007166826087882906,11.783274159693962
1781531078.532714,0.027364675794245993,0.8898730324055336,0.2926686855895854,-0.2633634298072187,0.025426917166675223,-0.030832787221661995,0.018324815564784158,0.8921337425101715,0.29233731619483316,-0.26310873549604274,0.025668302615477145,-0.03146951110521763,-0.0014822311002135801,-0.0004185744418069629,0.0009607034783273292,-0.002220315071656905,-0.0038082973521850177,0.005232859370834641,0.04498156874816744,-0.008998609933593032,0.0008993864992486496,-0.0002283657805600011,-0.003675425618314006,0.0010167343902292793,9.32414547404727
1781531078.542701,0.02778410797696889,0.889668055410924,0.292714842028466,-0.263415760864923,0.025389557185951706,-0.030738492989655433,0.018324815564784158,0.8921337425101715,0.29233731619483316,-0.26310873549604274,0.025668302615477145,-0.03146951110521763,-0.0017717741583425377,-0.00045451308857651275,0.0009748088112806759,-0.002575108551217819,-0.004054500323926534,0.005548993407615882,0.04225492202826997,-0.008874108831696962,0.0015297990281262803,0.00014313139285008163,-0.001265437096379573,0.0011828795545586084,9.782655649958837
1781531078.5527341,0.028365491132397728,0.8894745162129565,0.29276866095628135,-0.2632597656378453,0.025504838131071184,-0.030920719760421808,0.018324815564784158,0.8921337425101715,0.29233731619483316,-0.26310873549604274,0.025668302615477145,-0.03146951110521763,-0.001082042319766628,-0.0004000001746983266,0.0009847016817899174,-0.0005410422324045082,-0.00187837131803365,0.003350620263765353,0.04225549547447641,-0.009766665297213015,0.0014400476509470672,-0.00018231521680618534,0.0005154416784849192,0.002496369116125954,10.395802453735877
1781531078.562708,0.028933577094941088,0.8892805878167666,0.2928192172018487,-0.26312816459622607,0.02560268397133414,-0.031077395851491774,0.018324815564784158,0.8921337425101715,0.29233731619483316,-0.26310873549604274,0.025668302615477145,-0.03146951110521763,-0.0005146335424668721,-0.0003511702626106996,0.00098016624249139,0.0009978363898090128,-0.00019647652360635566,0.001611728250384241,0.045811763762689646,-0.010815169291841644,0.0015263969271529113,-0.0007487191476402422,-0.00575246538779869,0.003221069077877797,10.996296717022464
1781531078.5727515,0.029489878387481433,0.8890863285295805,0.29286695563659954,-0.26301844125633933,0.025684784770815483,-0.031210641419948906,0.018324815564784158,0.8921337425101715,0.29233731619483316,-0.26310873549604274,0.025668302615477145,-0.03146951110521763,-5.26120800296898e-05,-0.0003075212363527269,0.0009641056120642211,0.0021235613531445895,0.0010690725384122064,0.00026471059866524154,0.04367688856762601,-0.011075745812314623,0.00170446099689199,-0.0008655700508585884,-0.0012672357780225162,0.002628733234910612,11.58558922723196
1781531078.5827606,0.03003576913874858,0.8888917885517209,0.29291227681101306,-0.26292811160213986,0.025752838331825734,-0.03132268593562215,0.020503466785703084,0.891644217158532,0.29240809328856154,-0.2631214783122549,0.025578190591848404,-0.03140349367864394,0.00031895299436973933,-0.0002685843636275365,0.0009389963721164224,0.00290890788715026,0.001988030276699831,-0.0007518154609755527,0.04136032036890498,-0.01117871593370696,0.0015317040403815796,-0.0016643771029196067,-0.0031241761001932497,0.004587810867310793,9.93452829326992
1781531078.5927074,0.030599246991071458,0.8887008716585257,0.2929535460283577,-0.26282416959740484,0.025808653029959716,-0.031460755395099654,0.020503466785703084,0.891644217158532,0.29240809328856154,-0.2631214783122549,0.025578190591848404,-0.03140349367864394,0.000769615151349156,-0.00020557839158084846,0.0008837399313744975,0.0037645489149230483,0.002751412234989304,-0.001966446857606624,0.03864755444396276,-0.011092360818797357,0.0018707637040489985,-0.0009872542583157068,0.0015448019710226455,0.002814239321675653,10.53022219038451
1781531078.6026943,0.031031341118046295,0.8884978149262972,0.29298110840383235,-0.26290235477869733,0.025826473124111127,-0.0315514753025596,0.020503466785703084,0.891644217158532,0.29240809328856154,-0.2631214783122549,0.025578190591848404,-0.03140349367864394,0.00036138243023945267,-0.00021130620384532205,0.0008008460030735757,0.0025254158103599714,0.0028958043328370675,-0.0026572917276971517,0.042453450640041863,-0.011631477871582375,0.0026621486640282664,-9.887293047558201e-05,-0.0025494592968894596,0.0025562774478208572,11.002923760844306
1781531078.6127484,0.031470334519094055,0.8882958107979327,0.2930094636524098,-0.2629703572347513,0.025839521045953218,-0.031624732815506984,0.020503466785703084,0.891644217158532,0.29240809328856154,-0.2631214783122549,0.025578190591848404,-0.03140349367864394,2.908507943141927e-05,-0.0002132268735971997,0.0007241534509143011,0.0015278539500520225,0.002924707508236348,-0.003102195851400034,0.04256422721848687,-0.01249216655776368,0.0031468701239950056,0.0005312268943759122,0.001255754031488312,0.0025659922125476253,11.482406513963388
1781531078.622721,0.031431795165569425,0.888291451929509,0.29300240574133785,-0.2630288683823653,0.025848637813900455,-0.03168290053564225,0.020503466785703084,0.891644217158532,0.29240809328856154,-0.2631214783122549,0.025578190591848404,-0.03140349367864394,-0.00023804284993364332,-0.00021206693471618803,0.000653410969537317,0.0007385976993745725,0.00286629232355078,-0.003350642962406808,0.04442357603051809,-0.012444699390539035,0.003027612728311165,0.0007873006444899998,-0.0024369037535224574,0.0014107536071536412,11.44651052289138
1781531078.6327548,0.03188228092388217,0.8880912152760145,0.29303223585165983,-0.26307866619650844,0.02585456082705484,-0.03172816936333714,0.022629561441029622,0.8910417997652428,0.2925286197750747,-0.2631392758587839,0.025457276039769994,-0.03122754600398596,-0.0004494697353014603,-0.00020844866353476543,0.0005883414243086869,0.00012702073363576578,0.002744054981430879,-0.0034450880403538824,0.04122291693719852,-0.011963889321030862,0.0035960966732568557,0.002035797943677311,0.005943962018320686,-0.0018912529490822366,9.724833973340031
1781531078.642755,0.03233751016726145,0.8878916849378525,0.2930627383515608,-0.2631205721802653,0.02585792971514156,-0.031762534055894895,0.022629561441029622,0.8910417997652428,0.2925286197750747,-0.2631392758587839,0.025457276039769994,-0.03122754600398596,-0.0006135023246678255,-0.00020290275635244888,0.0005286504571234831,-0.00033468749517111463,0.002577346487249984,-0.003421557315024068,0.04080194264602171,-0.012183177697229689,0.0032890126591228067,0.001972461304251294,0.002423359102045246,-0.002129611105524119,10.220214016870566
1781531078.6527517,0.03276475161221114,0.8876334945545479,0.29314415984012504,-0.26322232203523727,0.025839300535609233,-0.03168218475096336,0.022629561441029622,0.8910417997652428,0.2925286197750747,-0.2631392758587839,0.025457276039769994,-0.03122754600398596,-0.000759816989798977,-0.000281427086851315,0.0007290945240858195,-0.0014314595450061044,0.001871008665316558,-0.0022542544181138376,0.041193721725051965,-0.012303229350083805,0.003940748243568226,0.003450606515316126,0.0050609246385622765,-0.0022287199422479395,10.710626208907984
1781531078.662753,0.033197086643203894,0.88737758682915,0.29322092134653566,-0.2633065271337107,0.02582251553146775,-0.03161215659456357,0.022629561441029622,0.8910417997652428,0.2925286197750747,-0.2631392758587839,0.025457276039769994,-0.03122754600398596,-0.0008676468220277855,-0.00034089834425098716,0.0008807672717009848,-0.002214052914976776,0.001290543563861914,-0.001317940337079256,0.04549300686260622,-0.013169394609855278,0.0032047251884193733,0.002868791950073246,0.0045555616375009544,-0.005055048938763865,11.20617360232587
1781531078.6727087,0.03317369815531062,0.88736787895879,0.2932437558316524,-0.26337528147644274,0.025807571055295853,-0.031551778629139285,0.022629561441029622,0.8910417997652428,0.2925286197750747,-0.2631392758587839,0.025457276039769994,-0.03122754600398596,-0.0009432157501625404,-0.0003843207448775467,0.0009913658658159458,-0.002739820582955997,0.0008202834280182346,-0.0005803249351107091,0.04601060324691513,-0.013474756199472429,0.0033995710538851,0.0028978578919099615,0.00336748360139381,-0.003668612330724148,11.188741337655127
1781531078.682701,0.033614381335790616,0.8871156142165583,0.29331287195782196,-0.2634305769650521,0.025794414085072548,-0.03150028399520424,0.02481401699646618,0.8903990793028873,0.2926990893265344,-0.26301800352903004,0.025655899258537396,-0.03136737531537166,-0.0009919289555652435,-0.0004143093482526274,0.0010675898357531961,-0.003058765351603448,0.000445471353295087,-1.1776102975701226e-05,0.04485943394538294,-0.013670417214330221,0.002128707128600683,0.0006235041865458557,0.0004221761749931801,-0.001976752206679952,9.412984893032883
1781531078.6927543,0.03416478895361205,0.8868872075379801,0.293364344939374,-0.2632200091287201,0.02581291520279727,-0.031561322859403024,0.02481401699646618,0.8903990793028873,0.2926990893265344,-0.26301800352903004,0.025655899258537396,-0.03136737531537166,-0.0003689188510896525,-0.0002976765676775523,0.0009429136849332656,-0.0004090159840719975,0.0007661907183248146,-0.0006010863258275369,0.04342485689591096,-0.014239887639861046,0.0026842191790355514,-0.0005577160835508182,0.00025611160053528237,-0.0017922200731316648,10.010631574386935
1781531078.7027001,0.034702472583636755,0.8866566391136808,0.293414826958382,-0.2630425099379621,0.025827951225370516,-0.0316119420953757,0.02481401699646618,0.8903990793028873,0.2926990893265344,-0.26301800352903004,0.025655899258537396,-0.03136737531537166,0.00013589151095378402,-0.0002002750383658383,0.0008308793445034891,0.0015875482404236313,0.0009855290095729073,-0.0010261750311775786,0.041530622200437566,-0.01454499315232614,0.003075659000419773,-0.0006095350198307659,0.006494746663871591,-0.003702091132602242,10.597154940212782
1781531078.712756,0.034768790264365336,0.8866684617316627,0.29341473778711546,-0.2628946464305392,0.025839977123930158,-0.03165336949330795,0.02481401699646618,0.8903990793028873,0.2926990893265344,-0.26301800352903004,0.025655899258537396,-0.03136737531537166,0.0005394178332836543,-0.00011954601753234507,0.0007304130989034624,0.003040051315274439,0.001122900287111607,-0.0013165843101085508,0.0418864390219445,-0.015706872434324042,0.0009526449961833744,-0.003928302964069404,0.001739167070725832,-0.0016938746810378233,10.654912998102873
1781531078.7227647,0.03528543634410009,0.8864343158575292,0.29346371132200344,-0.26277303523654055,0.02584941668754004,-0.031686776405582776,0.02481401699646618,0.8903990793028873,0.2926990893265344,-0.26301800352903004,0.025655899258537396,-0.03136737531537166,0.000856522959522083,-5.3224157553842955e-05,0.0006405064186004964,0.004045148661364725,0.0011950949427336427,-0.0014981350875565385,0.039471871399386696,-0.015438127243858242,0.0018313662794660795,-0.002987526216820632,0.003980695894235071,-0.0001245109586504801,11.222950553557869
1781531078.7327013,0.03579346295036993,0.8861986825018461,0.2935121131713689,-0.26267442274903824,0.025856658670009747,-0.0317132598684251,0.026892102713125532,0.8896646080993731,0.29280427808802945,-0.2631042296360165,0.02575603032457785,-0.03145495013466243,0.001100233425802711,6.916551793822886e-07,0.0005602158827480521,0.004687507675467382,0.0012164778341490225,-0.001593153481311546,0.04005704541016415,-0.015425838031213245,0.0026245400979951735,-0.0023849717127835375,-0.0009864615538371982,0.000615885783031522,9.578511618513321
1781531078.7427511,0.03629396352509934,0.8859617462304997,0.2935600663609512,-0.2625957416411495,0.02586205485759363,-0.031733831238908966,0.026892102713125532,0.8896646080993731,0.29280427808802945,-0.2631042296360165,0.02575603032457785,-0.03145495013466243,0.001281936570468119,4.3965058163578876e-05,0.0004886622921049346,0.005040495941094838,0.0011992031614769,-0.0016207360364858218,0.03813238723793564,-0.015169722848401486,0.003813177343390882,8.654220504556752e-05,0.0005868238805947096,0.0006315110161222929,10.132985180151561
1781531078.7527492,0.036189677542774995,0.8859518275575385,0.2935517126035361,-0.26283972679893003,0.025893166491363973,-0.03167697472627863,0.026892102713125532,0.8896646080993731,0.29280427808802945,-0.2631042296360165,0.02575603032457785,-0.03145495013466243,0.0005538944343318292,-8.155487745153821e-06,0.0004881731152562222,0.0018104937952237465,0.0012340450741318168,-0.0007564051133180677,0.03762595718720292,-0.014832645383871466,0.0031789448781810352,-2.2601968623553432e-05,0.005146735913478845,-0.0008397153316449641,10.039337399436633
1781531078.7627177,0.03656010622215112,0.8856990759971166,0.2935941688982722,-0.2630465769411735,0.025918431157623267,-0.03162819533054875,0.026892102713125532,0.8896646080993731,0.29280427808802945,-0.2631042296360165,0.02575603032457785,-0.03145495013466243,-3.7576651339952236e-05,-4.989312438398598e-05,0.0004815947681687845,-0.0006591995915058101,0.0012263684751025847,-8.810154540965303e-05,0.038215942392329894,-0.014875307136516466,0.004538296928106037,0.0016414262224219332,0.0017998242809888,-0.00011564808179528448,10.479487783124885
1781531078.772703,0.03694338875127709,0.8854476647926839,0.29363770167832826,-0.2632199411742963,0.025938621704204134,-0.031586801445047455,0.026892102713125532,0.8896646080993731,0.29280427808802945,-0.2631042296360165,0.02575603032457785,-0.03145495013466243,-0.0005119176250723815,-8.276678198053847e-05,0.000470211553029656,-0.002491616095383795,0.0011870451491437087,0.00041503587391318077,0.03773683519844957,-0.014497100228465492,0.005337423988371726,0.002580470235171943,0.0005639849849538723,0.0003030458405573706,10.931859711569567
1781531078.7826998,0.037337975695968285,0.8851974241476365,0.2936822141773364,-0.26336347022330286,0.025954456352511368,-0.03155207308989241,0.0288226649511511,0.8889219573568878,0.29300757999933474,-0.26307254176818395,0.02578718123864432,-0.03144933033948341,-0.0008862193078215608,-0.00010810813255707182,0.00045511535571134316,-0.0037963836181016423,0.0011250870078572406,0.0007806505010278974,0.03815127331793298,-0.014417117312897167,0.003496613533163199,0.0015597326212330436,0.001287500579661473,-0.0013911493156854265,9.318679948455323
1781531078.792721,0.03774247609174788,0.8849482004991255,0.29372760312541607,-0.263480716095041,0.02596659273789448,-0.03152328866921378,0.0288226649511511,0.8889219573568878,0.29300757999933474,-0.26307254176818395,0.02578718123864432,-0.03144933033948341,-0.0011754693511989115,-0.00012708164863888986,0.0004372297601320479,-0.004670086026196859,0.0010478657932851065,0.0010332182281371474,0.038069881569918924,-0.014075002984529766,0.0036523969494709732,0.003336185800646821,0.0018841741884818286,-0.0015604054443379186,9.791435423400374
1781531078.8027523,0.03816753569559634,0.8846684077322341,0.2938288294375357,-0.263458522577081,0.025929384794747934,-0.03149602302242718,0.0288226649511511,0.8889219573568878,0.29300757999933474,-0.26307254176818395,0.02578718123864432,-0.03144933033948341,-0.001138349763279144,-6.661628959696178e-05,0.0006413970688326025,-0.003925499794034202,0.0004638814990763156,0.0011019158278327303,0.03866496459537079,-0.014395586417196904,0.004063228789506531,0.004460947917296559,0.0029276057030466446,-0.002290855703387364,10.300181759538319
1781531078.8127196,0.03859424535650109,0.8843873523323711,0.29392442840050503,-0.26343627510171497,0.02589741239223331,-0.03147395742753101,0.0288226649511511,0.8889219573568878,0.29300757999933474,-0.26307254176818395,0.02578718123864432,-0.03144933033948341,-0.0010941271073185122,-1.7232226672249635e-05,0.0007971699507589123,-0.0032601574924164293,1.362009244802384e-05,0.0011232188760265127,0.03876679898855672,-0.015564463832896726,0.0042120065565392495,0.0022132831937430016,0.00023962799021036494,-0.0010303567793160423,10.811430864474922
1781531078.8227546,0.039022340109851616,0.8841051722188532,0.29401507076067795,-0.2634145959425354,0.0258702381330429,-0.03145639193052217,0.0288226649511511,0.8889219573568878,0.29300757999933474,-0.26307254176818395,0.02578718123864432,-0.03144933033948341,-0.0010447626449876404,2.2630323014164345e-05,0.000912119285558991,-0.0026724015775038837,-0.0003241213845656984,0.0011084295007562678,0.03784069943115191,-0.016137427830408217,0.0029190939574079765,-0.0010835400283969688,-0.0007509180827509498,-4.962612812104778e-07,11.324744149127415
1781531078.832701,0.03901988068819847,0.8841110915117513,0.2940384677852284,-0.26339393584272325,0.025847402933939723,-0.03144267890383612,0.03075653420340463,0.8881621739947461,0.2931711553875639,-0.2630028103803579,0.025849661535457757,-0.03151446236192479,-0.0009918959764082854,5.434415852203331e-05,0.0009928400479482281,-0.0021588665160681155,-0.0005683098232288632,0.0010670034926975513,0.03758137766197779,-0.017273262240765284,0.0019775037029025858,-0.00362521777318,0.0010200470224619976,-0.00020764173748796284,9.243721934747096
1781531078.8427122,0.0394997276400836,0.8838257026199738,0.2940928004979866,-0.2632530885131231,0.025871530316655234,-0.03152936792762562,0.03075653420340463,0.8881621739947461,0.2931711553875639,-0.2630028103803579,0.025849661535457757,-0.03151446236192479,-0.0006443260563158239,7.879562986085379e-05,0.0008351267471129561,-0.00036127780362638995,-5.061474528455156e-06,0.00010561944116083523,0.036249274843375506,-0.01822893814702787,0.003401174408647149,-0.002406633064003949,0.00699299459245404,-0.000958480009503203,9.802950839669208
1781531078.8526964,0.03996018500253778,0.8835373567467474,0.2941411913875799,-0.26322110988870717,0.025841469035563502,-0.03154893707731797,0.03075653420340463,0.8881621739947461,0.2931711553875639,-0.2630028103803579,0.025849661535457757,-0.03151446236192479,-0.0004275141026492429,7.996872096458166e-05,0.0006725884951443961,3.2903652257727735e-05,-0.000265669211537927,-0.00019751555168541328,0.03844303528106107,-0.01989982549997905,0.002586812988130553,-0.0042209648385640106,-0.00047070447571555285,0.002145108713556211,10.345873208729042
1781531078.8627524,0.04041673985102818,0.8832488396838823,0.29419122143833876,-0.2631942398596811,0.025816468092423328,-0.03156528554747941,0.03075653420340463,0.8881621739947461,0.2931711553875639,-0.2630028103803579,0.025849661535457757,-0.03151446236192479,-0.0002480462493385332,7.989716211568498e-05,0.0005335847710498112,0.00032734967371987015,-0.00045366140363400887,-0.0004192381398092056,0.039969121877098994,-0.020885685455148954,0.002728430348049777,-0.004629410202460804,-0.0036751680241652275,0.0021829337591001536,10.885814712396678
1781531078.8727067,0.04086984231961054,0.8829601784250342,0.2942427202285861,-0.26317193312456255,0.025795942930672222,-0.03157877320752475,0.03075653420340463,0.8881621739947461,0.2931711553875639,-0.2630028103803579,0.025849661535457757,-0.03151446236192479,-0.0001008312771255718,7.882733842374692e-05,0.0004152352524136945,0.000539007554713985,-0.0005820994363792935,-0.0005738919330000177,0.03810656651123034,-0.020100652248010893,0.00433826721316456,-0.003640944457418531,-0.0013162261348237966,0.0012688865561977366,11.42313486610106
1781531078.8827398,0.041319899214660304,0.8826713962876267,0.2942955352985506,-0.26315365617740505,0.025779333069458454,-0.03158974803913869,0.032704615081225186,0.8871755098950562,0.2933368840080255,-0.2631941879381866,0.025826989115318,-0.031469777400516985,1.862658487567752e-05,7.696969026927276e-05,0.0003149659839755307,0.0006828414579548314,-0.0006623999066051285,-0.0006740599899003205,0.03789940697045181,-0.019609237784017252,0.0039040455997539215,-0.0037211104338108533,-0.00047236635998979687,-0.0005340233186443985,9.768785614664509
1781531078.8927305,0.04133562100307217,0.8826716966814736,0.2942866706600203,-0.26313889895658393,0.02576611140611984,-0.03159853958675879,0.032704615081225186,0.8871755098950562,0.2933368840080255,-0.2631941879381866,0.025826989115318,-0.031469777400516985,0.00011428813160244147,7.450313607574434e-05,0.00023048156842836332,0.0007719200449423107,-0.0007044345273441505,-0.0007306618095732843,0.03563654348994937,-0.01882588595812917,0.0043479696478489396,-0.0016539118450070462,0.006466555541812129,-0.0011464035593171315,9.781650748728795
1781531078.902703,0.04173372461053813,0.88236041192311,0.2943843740974973,-0.2632859955329097,0.025782182792323693,-0.03153991313815309,0.032704615081225186,0.8871755098950562,0.2933368840080255,-0.2631941879381866,0.025826989115318,-0.031469777400516985,-8.804343300768922e-05,-7.114364606815555e-05,0.0004874302705857315,-0.0009347031783676994,-0.0006252498579927941,1.2539277033078982e-05,0.03763520315272682,-0.01854257464751607,0.0062629463854135484,0.001381068259727834,-0.003181688674503596,0.0011372906873689747,10.286263794950631
1781531078.9127169,0.04213673411574222,0.8820523833072301,0.29447706520489375,-0.2634088614561927,0.025796257751342866,-0.0314907649801664,0.032704615081225186,0.8871755098950562,0.2933368840080255,-0.2631941879381866,0.025826989115318,-0.031469777400516985,-0.0002493541812877796,-0.0001871635102889557,0.0006875255537978883,-0.002187830965764993,-0.000548807201069174,0.0005690556876225961,0.03961883714259778,-0.01909910346934992,0.006018485557092208,0.0027487358651133113,0.0006210445980163626,-0.001247301737209281,10.794040424135963
1781531078.9226985,0.04254405617699144,0.8817472054575864,0.29456537867364685,-0.26351020914700424,0.025808450239825698,-0.031450063721196006,0.032704615081225186,0.8871755098950562,0.2933368840080255,-0.2631941879381866,0.025826989115318,-0.031469777400516985,-0.0003756905485535943,-0.00027792959072686066,0.0008394450282437943,-0.0030668689113367256,-0.000476510852587089,0.0009704611563911646,0.039288251172269195,-0.019697420900081322,0.005422184308818654,0.001900494406798992,-0.001900619048544048,-0.0007159355076663995,11.304436708052641
1781531078.9327445,0.0429551559623587,0.8814445165203464,0.2946498708206621,-0.26359265991645997,0.02581889745918864,-0.03141680537726767,0.034583243798769925,0.886227995594249,0.2935978281894843,-0.2631752745813126,0.02585316913834701,-0.031505728115848314,-0.00047234961166435334,-0.0003472725131445364,0.0009507652828163883,-0.0036415526876540172,-0.00040929966669544176,0.0012446588916279308,0.03738504773005263,-0.018764101108493848,0.005552574335607981,0.002429006622355563,0.0025351729922273793,-0.003000896861779929,9.699349412363986
1781531078.9426985,0.04336230082330007,0.8811299431988463,0.2947292432633632,-0.26339396828753164,0.02586510723918445,-0.03146684990932287,0.034583243798769925,0.886227995594249,0.2935978281894843,-0.2631752745813126,0.02585316913834701,-0.031505728115848314,-0.0003981204441501977,-0.00022795176963192893,0.0008675637847244864,-0.0010610125971867745,0.00026557071075902224,0.0007128729300477399,0.03564239015741694,-0.018428504719831613,0.0049379464360769015,0.0014004850956943666,0.000827034895906212,-0.0012697954969513067,10.214797136293212
1781531078.9526978,0.043369956963063394,0.8811439823621181,0.29473216346281206,-0.2632258930533924,0.025903574915069116,-0.031509502663803965,0.034583243798769925,0.886227995594249,0.2935978281894843,-0.2631752745813126,0.02585316913834701,-0.031505728115848314,-0.00033348667107034456,-0.00012927589982682458,0.0007897789417577753,0.0009015437464624356,0.0007639540346540852,0.0002949157134725953,0.03689134187667368,-0.020447259467695246,0.004667207427924351,-0.0006869375786182946,-0.000604539689668949,-0.0003183589475550919,10.214706813627396
1781531078.962749,0.0437751368625578,0.8808251466266507,0.2948092389580948,-0.2630853580733289,0.025935187451743724,-0.031545451049634465,0.034583243798769925,0.886227995594249,0.2935978281894843,-0.2631752745813126,0.02585316913834701,-0.031505728115848314,-0.00027737479856212636,-4.842350383372159e-05,0.0007173280570427593,0.002347344702105479,0.0011164606759185482,-2.631416854425992e-05,0.03901913558443276,-0.02280415948875876,0.00294775014041862,-0.003708914344492505,0.004569414241991615,-0.0021282974784956614,10.730759111688961
1781531078.9727335,0.044179469995970624,0.8805045409561757,0.29488539362819693,-0.2629693046937109,0.025960797292299942,-0.031575393303201596,0.034583243798769925,0.886227995594249,0.2935978281894843,-0.2631752745813126,0.02585316913834701,-0.031505728115848314,-0.00022881507344009425,1.7096203946326028e-05,0.0006500771570825198,0.0033663824101904443,0.0013500186935062886,-0.0002662775861919078,0.03846584835750175,-0.022944528689730542,0.003951942534284252,-0.003800377216382009,0.0041030685087625335,0.00019271894138881803,11.24736924711247
1781531078.9827526,0.04458304447135775,0.8801823850976901,0.2949607867835527,-0.2628747710852304,0.025981207670964235,-0.03160001670434881,0.036484820636888904,0.8851623542056618,0.2937991944700864,-0.26325285627737993,0.025809970806028204,-0.03148982866224917,-0.00018693331050681066,6.947704004903906e-05,0.000587852802463844,0.004037766719923426,0.0014880600937744123,-0.00043878308386107243,0.0381739280330373,-0.022735735065555568,0.0033468270532350164,-0.003924957959722639,-0.0015716598171350766,0.0003252847475239263,9.577610259987397
1781531078.9927027,0.04498594223912781,0.8798588758229251,0.2950355616940576,-0.2627989490340882,0.025997162941363783,-0.03161998155910456,0.036484820636888904,0.8851623542056618,0.2937991944700864,-0.26325285627737993,0.025809970806028204,-0.03148982866224917,-0.0001509431207939244,0.00011064662433563381,0.0005304520692489596,0.004430288265025924,0.0015507560668288802,-0.0005560232580486427,0.03481802742595756,-0.021615172950118305,0.003891660185967141,-0.0022861987608525022,0.00026431989612411827,0.0024521288669283976,10.095769181430343
1781531079.0030854,0.04494182448030994,0.8798403945410279,0.2950176780019119,-0.26293325717933724,0.026014023328199132,-0.0316149662130472,0.036484820636888904,0.8851623542056618,0.2937991944700864,-0.26325285627737993,0.025809970806028204,-0.03148982866224917,-0.000420201263279053,-3.928357143894272e-06,0.0004239650996695426,0.002478893495114838,0.0015443848279700825,-0.0003946536080784537,0.035948128742099836,-0.021971357656756032,0.004893570069020028,-0.000550306112882793,-0.001674881980872209,0.001761454573443363,10.066224257235595
1781531079.0127487,0.04530262996343997,0.8794936170979578,0.2950772344361581,-0.2630484803009022,0.026026930255321545,-0.03161003213046684,0.036484820636888904,0.8851623542056618,0.2937991944700864,-0.26325285627737993,0.025809970806028204,-0.03148982866224917,-0.0006310300944935391,-9.58562999504507e-05,0.0003331081511056211,0.0009489245780212124,0.001497335668492748,-0.00026295328858915134,0.03760235264837775,-0.022788687571151635,0.005763131342906717,0.00030177340811153125,0.0034054498025583974,-0.0006918610675011266,10.56038483534325
1781531079.022715,0.045669138898315885,0.8791491964317433,0.2951389699347409,-0.2631462496597416,0.026036521793187495,-0.03160529327799688,0.036484820636888904,0.8851623542056618,0.2937991944700864,-0.26325285627737993,0.025809970806028204,-0.03148982866224917,-0.0007922820279400059,-0.000168438987750367,0.0002559498135777214,-0.00022340458337626132,0.0014210961334289508,-0.0001570853732611143,0.03719990396739639,-0.02257837902381539,0.006256699906989462,0.0016687596880555317,-0.0006675137944576848,-0.00028257536838704653,11.05914854936438
1781531079.0326948,0.0460406336661221,0.8788068436018343,0.29520264456328327,-0.2632282652723103,0.026043366732763307,-0.031600829883910345,0.038344766890412385,0.8840309938311646,0.294073792335315,-0.26325173022892756,0.025788098787838276,-0.031449399313935075,-0.0009116917331468181,-0.0002245721278500014,0.00019076602769682886,-0.001095676385373103,0.0013250723841294403,-7.346858582531599e-05,0.03556528696069352,-0.021637979430144103,0.006868996487020532,0.003626482180338237,7.078173485632833e-05,0.00026967221958990967,9.369760850772744
1781531079.0427563,0.04641647419864198,0.8784662985398177,0.2952680340974133,-0.2632962321334746,0.02604796640273399,-0.03159669466453731,0.038344766890412385,0.8840309938311646,0.294073792335315,-0.26325173022892756,0.025788098787838276,-0.031449399313935075,-0.0009959985786719599,-0.0002667887488040556,0.0001360210351441598,-0.0017192487979873577,0.0012168536210200214,-8.811052303457403e-06,0.034294056993429,-0.020528454651875083,0.006312067567633618,0.004868541382081222,-0.0012814302544841975,-0.00022454649052367276,9.876462217899912
1781531079.0527537,0.04681745398447999,0.8781295593538806,0.2953823849178675,-0.26337949318967857,0.02604910307391939,-0.03154389339849423,0.038344766890412385,0.8840309938311646,0.294073792335315,-0.26325173022892756,0.025788098787838276,-0.031449399313935075,-0.0009005356468271957,-0.0002931382935747555,0.00040245405674264195,-0.0024554831896442357,0.0009456149647798677,0.0005517472724617307,0.03356914342752976,-0.020568342610469463,0.007051480393084843,0.006642613777151934,0.0061719212112825795,-0.0030950616181812697,10.407966661685998
1781531079.0626929,0.04721867094448148,0.877793864497385,0.29549118526459506,-0.26344727584153727,0.026049090844789013,-0.03149974628918767,0.038344766890412385,0.8840309938311646,0.294073792335315,-0.26325173022892756,0.025788098787838276,-0.031449399313935075,-0.000812489867061036,-0.00031057664087401945,0.0006112398318835492,-0.002939907926110229,0.0007164973474760246,0.0009566466807275241,0.0333711285968199,-0.0220281281776778,0.005328051918299731,0.0032713511208225417,0.0043545245199641406,-0.0019058150658827966,10.938782299830788
1781531079.0727112,0.04722156808736472,0.8777899114895229,0.2955198958118879,-0.263501605648387,0.026048217431459575,-0.03146329169422071,0.038344766890412385,0.8840309938311646,0.294073792335315,-0.26325173022892756,0.025788098787838276,-0.031449399313935075,-0.0007315140072802706,-0.0003206403565199509,0.0007711024174867885,-0.003222399565064151,0.0005252120810147063,0.0012338342217364678,0.034413531362361985,-0.024112941632029764,0.004797097718210554,-0.00010536206944794129,-0.00244759960361691,0.0012179147766563066,10.947142254959607
1781531079.082697,0.04762303017844512,0.8774558513818094,0.29561951916456164,-0.2635443685278366,0.02604672214789394,-0.03143359858314203,0.04004591195903734,0.8829402101321353,0.2943670720595732,-0.2630998529085958,0.025886747118714526,-0.031510383917832896,-0.0006572397358179845,-0.0003246563983693304,0.0008896651587151962,-0.003345856539449825,0.0003675099936517077,0.0014077451730654287,0.03307491037787053,-0.025006007614541578,0.004655113913948715,-0.0019062668910731356,0.0034054963043024323,-6.418706128339297e-05,9.437135961929968
1781531079.0927062,0.04798693319128863,0.8770843101623849,0.2957269469962721,-0.2635772941486522,0.026044801465443523,-0.031409784328587265,0.04004591195903734,0.8829402101321353,0.2943670720595732,-0.2630998529085958,0.025886747118714526,-0.031510383917832896,-0.000589286449972178,-0.000323766642731705,0.0009735711833605171,-0.003346774522334003,0.00023928789069503276,0.001499514780868553,0.032209315105459956,-0.024564610374101445,0.005579921491583308,-0.0011415915872097515,0.002336975962363233,0.0016998813280956198,9.959951933129547
1781531079.1027071,0.048341797067501587,0.8767232776994865,0.2957884483407192,-0.2635624736015951,0.025993941500068063,-0.031418787730218764,0.04004591195903734,0.8829402101321353,0.2943670720595732,-0.2630998529085958,0.025886747118714526,-0.031510383917832896,-0.0005975459601796235,-0.00025083692537243064,0.0007313465239681128,-0.0028168494709848724,-0.00029723292210959444,0.0010962836709864788,0.033814934341018496,-0.025430152202307325,0.005410620744080992,-0.0028119520643481565,0.00519213551672329,-0.0009099339034209284,10.463855366812147
1781531079.1127496,0.04869785969348528,0.876361244167297,0.2958532261595413,-0.2635474486617991,0.025951164196518217,-0.031427404739552245,0.04004591195903734,0.8829402101321353,0.2943670720595732,-0.2630998529085958,0.025886747118714526,-0.031510383917832896,-0.0005966049591814138,-0.0001891125477200011,0.0005276281674879103,-0.0023426924131886833,-0.0006910916134479895,0.0007641417555941164,0.03536989199562046,-0.026238522914546633,0.0041826401914335605,-0.005727110957326062,-0.0004311682725974724,0.0017536910718900507,10.970307505944023
1781531079.1227484,0.04905493773409308,0.8759983192957375,0.2959208923313733,-0.26353268180526496,0.025915613902676382,-0.03143549622624266,0.04004591195903734,0.8829402101321353,0.2943670720595732,-0.2630998529085958,0.025886747118714526,-0.031510383917832896,-0.0005882899582361122,-0.00013716562648689005,0.0003574029556137541,-0.0019232987270027726,-0.0009672779517929931,0.0004943577591932837,0.03459809596101936,-0.025768002794006203,0.005937432238003891,-0.004165356486697287,-0.001428007343614385,0.002479203598570635,11.478969955407152
1781531079.1327643,0.04941287290973783,0.8756346024861917,0.29599110267848167,-0.2635185125076773,0.025886451678068134,-0.03144297233906529,0.04004591195903756,0.8829402101321355,0.294367072059573,-0.26309985290859583,0.02588674711871386,-0.031510383917833354,-0.0005741606676115035,-9.372600500423466e-05,0.00021622206729823168,-0.0015564168272591068,-0.0011477368054827232,0.00027868233390949244,0.03313869549784477,-0.025348292242592094,0.005565458474048042,-0.003843080207282286,0.001439007318401177,0.0014098350512326253,11.989551116683597
1781531079.1427453,0.04977152877019322,0.8752701835700546,0.29606355215287916,-0.2635051787835142,0.025862874069229935,-0.03144978261363937,0.04177421118459845,0.8816491525581499,0.2946273345269384,-0.2632641005189106,0.025943772910506757,-0.03145436355604729,-0.0005555428537901414,-5.766623947316059e-05,0.00010014608737395964,-0.0012389224117699666,-0.0012515309442688966,0.00010945312961800198,0.033204757583557516,-0.02579120039101679,0.0077253951427136746,-0.0011207753922808828,0.0043971179184776514,-0.0009369303567454365,10.330104306588966
1781531079.1527517,0.05016477162505363,0.8748692865751351,0.29617555273062307,-0.2635649295866256,0.025888505420967434,-0.03139111000648795,0.04177421118459845,0.8816491525581499,0.2946273345269384,-0.2632641005189106,0.025943772910506757,-0.03145436355604729,-0.0002943967039630925,-0.0002704806726215052,0.0002776978887119611,-0.0017725803546456299,-0.001011816503631197,0.0007886102705083889,0.033835860028426694,-0.025959933282790653,0.007509314004469646,-0.0011534635476912276,-0.004793097628022161,0.002493575173242586,10.897938651818226
1781531079.1627495,0.05019278189839568,0.8748419975515725,0.2961970840984667,-0.26361358015389164,0.025910773801214315,-0.03134270319939393,0.04177421118459845,0.8816491525581499,0.2946273345269384,-0.2632641005189106,0.025943772910506757,-0.03145436355604729,-8.10252808416927e-05,-0.00043789512125810707,0.00041671299378865653,-0.0021239085117097448,-0.0008045133634992944,0.0012758968807729562,0.03391445083307544,-0.026383662915615225,0.009077325893042413,0.0009493453717083738,0.0028308653092685,-0.0004813151057628423,10.939552361229815
1781531079.1727388,0.0505778714981599,0.8744498663931353,0.29630229280900905,-0.263652582277012,0.025929912247840914,-0.03130331310400285,0.04177421118459845,0.8816491525581499,0.2946273345269384,-0.2632641005189106,0.025943772910506757,-0.03145436355604729,9.129024173040712e-05,-0.0005667423701527228,0.000523030411187543,-0.002329007158634495,-0.0006271686279108998,0.0016060821415980761,0.03444212331667322,-0.026173642973825392,0.007213700202061893,-0.00039211711968766265,-0.00041317059844424796,-0.00046262464667107424,11.495200800726582
1781531079.1827238,0.050959596480035486,0.8740613158944617,0.29640473157545194,-0.26368328778120403,0.02594618120233383,-0.031271757029095626,0.04177421118459845,0.8816491525581499,0.2946273345269384,-0.2632641005189106,0.025943772910506757,-0.03145436355604729,0.0002284637769547373,-0.0006629962810562979,0.000601751853139846,-0.0024189275017409933,-0.00047712456625660215,0.0018095179408942875,0.03292937953420255,-0.02546104984134747,0.007809323991897334,0.0015345126182111529,0.002965421833544004,-0.0009199133570853804,12.045983086842968
1781531079.1927216,0.0513383571860094,0.8736758836358257,0.2965047506244331,-0.2637069365940251,0.0259598544805959,-0.031246934408364416,0.04346403988206016,0.8803525754424456,0.2949990976590324,-0.2633030453659555,0.025961340286674073,-0.031451738112937666,0.0003356881402375267,-0.0007318655004857184,0.0006573225062855624,-0.0024200877462350135,-0.00035164267541414713,0.0019124155673561458,0.03179217829597063,-0.027242776277750787,0.005258821860718796,-0.00282361565644929,-0.0010431609426487128,0.001712231954252768,10.433124044890848
1781531079.2027545,0.05135115677666445,0.8736804178737304,0.2965272161673749,-0.2635021651427069,0.025971201511134634,-0.03139552852522544,0.04346403988206016,0.8803525754424456,0.2949990976590324,-0.2633030453659555,0.025961340286674073,-0.031451738112937666,0.0003597967094110147,-0.0006302052108928092,0.0007115597689263316,0.00012151262278820235,0.00022980364589136632,0.00017027210284993057,0.03396584199435531,-0.02897964648342219,0.005457858702048361,-0.002526758649651581,-0.0015975896005446584,0.0007243023541471875,10.44315305386523
1781531079.2127225,0.051722699720366354,0.8733156999553339,0.2966327025157504,-0.263330049527585,0.025980524320369014,-0.03152060329046756,0.04346403988206016,0.8803525754424456,0.2949990976590324,-0.2633030453659555,0.025961340286674073,-0.031451738112937666,0.0003745914318538176,-0.0005406097198185679,0.0007460838024710176,0.0020225233771650033,0.0006591689019115423,-0.0011397158368397931,0.03517324500275709,-0.030615921326556973,0.006113125355855009,-0.0028189357560383242,0.0016054850572740072,0.00041582602456848884,10.972317156091433
1781531079.2227616,0.052092314862485535,0.8729506501676162,0.2967348405552318,-0.26318711286672636,0.02598807069518938,-0.03162463261211125,0.04346403988206016,0.8803525754424456,0.2949990976590324,-0.2633030453659555,0.025961340286674073,-0.031451738112937666,0.00038172178403923465,-0.0004618347909298952,0.0007643451303885629,0.003391525706844309,0.0009628326727665041,-0.0020900468150223408,0.036242485381683606,-0.030932197284487886,0.005744397476991446,-0.003275609027426476,-0.0033282891670488963,0.0023493866572758485,11.49993175256704
1781531079.2326953,0.05241869536837888,0.8725512231656164,0.29684466506937546,-0.26306995139290706,0.025994075851136555,-0.031710046074358914,0.04346403988206016,0.8803525754424456,0.2949990976590324,-0.2633030453659555,0.025961340286674073,-0.031451738112937666,0.00038260903674904636,-0.00039274447719355604,0.0007693198052748459,0.004324438474555766,0.0011640009287483529,-0.002744886231208955,0.03464091290338844,-0.029045410272044575,0.00663730293788175,-0.0014215245430194514,0.0014591698697539051,0.00024376870692868313,12.018863144739045
1781531079.2427516,0.05274363519372357,0.872151526860962,0.2969519928341143,-0.2629753092861362,0.02599875904745197,-0.03177917356291238,0.04517120424638227,0.8789128167254001,0.2953045923278195,-0.2634038255754444,0.025958853855105213,-0.031422057633268594,0.00037847325441871347,-0.00033230415692103455,0.0007635652776390888,0.004905067489879262,0.0012828665867870071,-0.003160399369225641,0.0338221312012705,-0.028435422031742614,0.005182243554235664,-0.0026766672435567292,-0.0011737263069635994,0.0006931481984277702,10.284487323700017
1781531079.2527523,0.05303304874421546,0.871745621243447,0.2970254646382239,-0.26310036399162084,0.025985403408057772,-0.03171726507968628,0.04517120424638227,0.8789128167254001,0.2953045923278195,-0.2634038255754444,0.025958853855105213,-0.031422057633268594,0.00017691434506199088,-0.00033660442358369243,0.0005880180464658742,0.002986915969622879,0.0008257874154417044,-0.0022008990415701576,0.032292531191318974,-0.02772291207035487,0.007755188999082313,7.822299541633822e-05,0.002603830423164916,-0.0008633915316939304,10.776766281837768
1781531079.2627556,0.05332660267157839,0.8713403884769028,0.2971020574549871,-0.2632082336588439,0.02597397028892967,-0.031663044234035057,0.04517120424638227,0.8789128167254001,0.2953045923278195,-0.2634038255754444,0.025958853855105213,-0.031422057633268594,1.2866579597219579e-05,-0.00033579144238435056,0.00043964265657934196,0.001467950852572238,0.0004607043616581596,-0.0014217341995859459,0.03318824760170206,-0.02895500147825996,0.0074836338086144176,-0.00010896667800229539,-0.001798725706404065,0.0007973883465124239,11.273112876917164
1781531079.2727532,0.053623819730893044,0.8709357126708088,0.29718143807354885,-0.26330027441096304,0.025964289977379096,-0.031616067850626414,0.04517120424638227,0.8789128167254001,0.2953045923278195,-0.2634038255754444,0.025958853855105213,-0.031422057633268594,-0.00011898959487383922,-0.00033088398437648416,0.00031496015822757924,0.0002896605912257079,0.00017454547215305484,-0.0007990162842228891,0.03375851733115295,-0.029837506484754875,0.008471164248645495,0.0020857919463163834,0.005004701281486559,-0.003260931831473804,11.77299654208861
1781531079.2827258,0.053604999546626654,0.8709346050423248,0.29716595397435785,-0.2633779356301805,0.02595618737665606,-0.03157580554164685,0.04517120424638227,0.8789128167254001,0.2953045923278195,-0.2634038255754444,0.025958853855105213,-0.031422057633268594,-0.000223332472745468,-0.00032275177278907375,0.00021087753095806662,-0.0006011206861325685,-4.4644314165087596e-05,-0.00031056407910357595,0.03327411588426425,-0.029608697761845458,0.007608092293499547,0.0008111663425003088,-0.0005096674887212216,-0.001176560247563567,11.757781763818713
1781531079.292696,0.053613919635692335,0.870916840928684,0.2971709133136393,-0.2635761386926577,0.026008345618223627,-0.03157705476711935,0.04667211550183298,0.8776173028640805,0.29561939589065933,-0.26342352316159995,0.025972793541729988,-0.03143282080789589,-0.00014573154575209745,-0.0004002472619504967,0.000290568216014191,-0.0026991568612890243,0.000512665879329599,-0.0001415226739824797,0.03222827831118302,-0.02864397967067591,0.00772535820625337,0.0023637956995870477,0.0015649104001020815,-0.0026371437687882433,9.772002921324452
1781531079.3027978,0.05390773514961357,0.8705526761627074,0.29728855179530256,-0.26350630578501616,0.026057689523857563,-0.03161035652970341,0.04667211550183298,0.8776173028640805,0.29561939589065933,-0.26342352316159995,0.025972793541729988,-0.03143282080789589,-0.00030359508952035525,-0.00011993199674194277,0.0004005291444165526,-0.0016329049461641892,0.0010717782529704651,-0.00033661854201000194,0.031458318692779944,-0.028554380684984657,0.007374256044357638,0.0030519405964858333,0.0009425353142946224,-0.0022099487217025777,10.249352347885573
1781531079.3127544,0.05420530357775168,0.8701830686397217,0.29740310375527534,-0.26344605788744285,0.026098324118659644,-0.031637807804296494,0.04667211550183298,0.8776173028640805,0.29561939589065933,-0.26342352316159995,0.025972793541729988,-0.03143282080789589,-0.0004264768461709977,0.00010661723257826604,0.00048372771461732944,-0.0007893014172336406,0.0014613672367944541,-0.0004735753901242524,0.03206847404164394,-0.02869998338847375,0.009038323038269763,0.004390991796211343,0.0002520023668297457,-0.0029012346773462736,10.733050583877983
1781531079.3227515,0.05450615881766017,0.8698086683383862,0.29751495509985576,-0.26339464057961515,0.02613132039703725,-0.03166012475017198,0.04667211550183298,0.8776173028640805,0.29561939589065933,-0.26342352316159995,0.025972793541729988,-0.03143282080789589,-0.0005197191266698621,0.00028713392300413397,0.0005443879717944751,-0.00013561252022499385,0.00171327334538757,-0.000563223691264872,0.03232062110625503,-0.03038193728326028,0.009238154251202418,0.0035885156795002586,0.0005225289846706846,-0.001865113846079913,11.222306026200243
1781531079.332713,0.054490640186349214,0.8698332032677378,0.2975271842424339,-0.2633512469525672,0.026157689992708066,-0.031677984364755524,0.04667211550183298,0.8776173028640805,0.29561939589065933,-0.26342352316159995,0.025972793541729988,-0.03143282080789589,-0.0005879861570905131,0.00042840959730511274,0.0005861864493225068,0.0003578865234642987,0.0018551225120831414,-0.0006149728313570146,0.03361707769842684,-0.03168408716640748,0.009433372548590833,0.0026024373059165265,-0.0040308699916916935,-0.0004077469462078903,11.196481195596139
1781531079.3427305,0.05479687357554221,0.8694509096197665,0.2976346527921556,-0.26331505284425755,0.026178372359213498,-0.031692015789543726,0.0484746494096257,0.8759522519810623,0.29605994424027954,-0.2633014722388483,0.02603392222097556,-0.03155367297434365,-0.0006353387146796183,0.0005363935311436373,0.0006123135673885796,0.0007178523191530898,0.0019106265899554026,-0.0006369099847590215,0.03023899202216026,-0.03181010887369855,0.005457346618801192,-0.002978648776398879,-0.003919903311006031,0.0023598811980583777,9.204220658275753
1781531079.3526914,0.05510022270709543,0.8690664526730985,0.29773844245393033,-0.2632503895767334,0.026182844694124352,-0.0316836432828366,0.0484746494096257,0.8759522519810623,0.29605994424027954,-0.2633014722388483,0.02603392222097556,-0.03155367297434365,-0.0006950178647309791,0.0006145411273856783,0.0006021959434852758,0.0013430123775885821,0.0017256920477832396,-0.00046644184651863476,0.030097012564960595,-0.03181259654714753,0.004135699537388152,-0.005450796985575332,-0.0012695181383049624,0.000881156270844678,9.702051838808538
1781531079.3627734,0.055407624218835994,0.8686608664665114,0.29783238186660044,-0.2631790927746789,0.026122517788103483,-0.03165493390452448,0.0484746494096257,0.8759522519810623,0.29605994424027954,-0.2633014722388483,0.02603392222097556,-0.03155367297434365,-0.0007260934605195662,0.0005452540489327407,0.0005084078093229391,0.0019668396370980997,0.00082018292569053,-0.00028434163694178693,0.028892391849273946,-0.03130452989950944,0.0070758560853250016,-0.0019220628920707753,0.007058697181593438,-0.00033415951067581435,10.21626044921257
1781531079.37271,0.05571711021198701,0.8682552917740126,0.29792637535487504,-0.26312092186742214,0.026071117854945536,-0.03163034134874697,0.0484746494096257,0.8759522519810623,0.29605994424027954,-0.2633014722388483,0.02603392222097556,-0.03155367297434365,-0.0007418397731185563,0.0004827233201008398,0.0004266751700280198,0.002380414887303467,0.00011926702059038372,-0.00014010833245943027,0.03033976757753623,-0.03125610167618601,0.007686142581063923,-9.512311456159219e-05,0.0028642118417832848,-0.0012833613430513306,10.73219455694764
1781531079.382774,0.05570913747288748,0.8682529022575379,0.2979232366900813,-0.26307417782142106,0.026027813790788557,-0.03160950601369024,0.0484746494096257,0.8759522519810623,0.29605994424027954,-0.2633014722388483,0.02603392222097556,-0.03155367297434365,-0.0007450806269568636,0.00042640873517973645,0.00035565599388151937,0.002625134654613254,-0.0004091686505134145,-2.819762785150313e-05,0.02783173042921051,-0.028978115022791084,0.00818209970250167,0.00029723066702888975,-0.0015405829317398916,0.0016347144515406616,10.72798501378988
1781531079.392719,0.05597690451064361,0.867817742388663,0.29802690368402024,-0.26303727486040357,0.025991761225175658,-0.03159205572937579,0.04998988997167769,0.8743616550133857,0.2963819119832354,-0.2634177866657829,0.026087186188348488,-0.03155137137424331,-0.000738241369333565,0.0003757978666734529,0.00029413718339340146,0.002736638013100294,-0.0007939063852328327,5.642993448469794e-05,0.025964599245863664,-0.027580869489552795,0.007800240155529855,0.00031130363763926785,0.006021316388006704,-0.0020415324253765283,9.020705805281803
1781531079.4027483,0.056322750268348876,0.8672902564215518,0.2981605393573004,-0.2631914483903241,0.026091737132150294,-0.03157435271876474,0.04998988997167769,0.8743616550133857,0.2963819119832354,-0.2634177866657829,0.026087186188348488,-0.03155137137424331,-0.0002176987899405006,-0.00025126049347086514,0.0005117615572621513,0.0007493239440772488,0.0002957195114779445,0.0005206841886941768,0.025366076971345155,-0.02664709577102771,0.006806171684737316,6.756681486576618e-05,-0.0007518307035515911,0.00102125773400106,9.657810979591519
1781531079.412746,0.05665862110070434,0.8667763880274402,0.2982902976434978,-0.2633218190697293,0.02617544183286369,-0.031559866697523545,0.04998988997167769,0.8743616550133857,0.2963819119832354,-0.2634177866657829,0.026087186188348488,-0.03155137137424331,0.00020293728224422044,-0.0007514623844727974,0.0006799800233764866,-0.000760212529893002,0.0011040497811916014,0.0008542763549630354,0.026223793382234715,-0.02763682779780595,0.007359504862113731,0.0019335426635024142,0.0016172354901662943,-0.001967529099283998,10.278627629582628
1781531079.4226937,0.05698570803221888,0.8662744825199098,0.29841668870734006,-0.2634307867640969,0.026244663300118543,-0.03154818511347311,0.04998988997167769,0.8743616550133857,0.2963819119832354,-0.2634177866657829,0.026087186188348488,-0.03155137137424331,0.0005380412065460113,-0.0011434892419769785,0.0008064052544009962,-0.0018704467194377151,0.0016794872689610493,0.0010808378389050527,0.02586669270866371,-0.028084736124129133,0.007489487674989953,0.002046744661474234,0.002510841844975414,-0.0021407503719653906,10.885042287119777
1781531079.4327242,0.057305076151916656,0.8657830587473815,0.29854015269739037,-0.2635207353995858,0.026301137772379413,-0.03153892259859781,0.04998988997167769,0.8743616550133857,0.2963819119832354,-0.2634177866657829,0.026087186188348488,-0.03155137137424331,0.0008002361118761769,-0.0014437087084812944,0.0008976780622937163,-0.0026511074119071757,0.00206467382560452,0.0012210042442906176,0.025673234163103954,-0.029062454667167763,0.00634284883907596,0.0005920386978266003,-0.003085458424316277,0.0011930371152773975,11.478774574269536
1781531079.4427006,0.05734340352659282,0.865733532674829,0.29855422130468273,-0.26359397171776255,0.026346515179076047,-0.031531724642886325,0.05130481712207102,0.8729843430322517,0.2967551656021254,-0.2633487310226667,0.02608634860396175,-0.03157786095273518,0.0010005793385252802,-0.001666423580815161,0.0009595749294991182,-0.003163461275788355,0.002296767476568497,0.0012926017512043429,0.02516813645208918,-0.028304836423360576,0.0076688333167648955,0.002188725082945864,-0.0016830994625226664,0.0015487644121190162,9.606007392516823
1781531079.4527266,0.05756668625845659,0.8653680393955255,0.2986670066037526,-0.263508287383166,0.02633317045363004,-0.03152627502110289,0.05130481712207102,0.8729843430322517,0.2967551656021254,-0.2633487310226667,0.02608634860396175,-0.03157786095273518,0.0006080445191727577,-0.0011350760432625264,0.0009148116759101299,-0.0018841906446306175,0.0018902513462407474,0.0011709632297049663,0.02511097607155955,-0.029829188870637867,0.007137342669268309,0.00022215384348461668,-0.0013169539201392671,0.0021736986848355125,10.043615991440994
1781531079.4627018,0.05779423821410665,0.8649820841076167,0.2987626628973352,-0.26343499331769715,0.026284029106352857,-0.03149252435183407,0.05130481712207102,0.8729843430322517,0.2967551656021254,-0.2633487310226667,0.02608634860396175,-0.03157786095273518,0.0002707059640595043,-0.0007775798051409056,0.0007541582555406275,-0.0008877887030664341,0.0010703137326413454,0.0012590327543241446,0.026262093395390824,-0.031020731765996463,0.008273945260335052,-0.0002525435081311026,-0.0008891787381708671,0.002282388840497634,10.496607994820632
1781531079.4726987,0.05802834073842875,0.8645898312130146,0.2988594665383815,-0.26337255617140887,0.026241444314179407,-0.0314650001695059,0.05130481712207102,0.8729843430322517,0.2967551656021254,-0.2633487310226667,0.02608634860396175,-0.03157786095273518,-3.5304907208478153e-06,-0.00048073869739383965,0.0006156340519630826,-0.00011692155008912277,0.000426659894475509,0.0012905583732938663,0.027124929329400152,-0.03167427232733062,0.008793602677269486,0.0006527028185377745,-0.00015208454651297445,0.0018385274452659655,10.959091245781295
1781531079.4827783,0.05826820744764804,0.8641920016241115,0.2989572950300947,-0.2633199624608552,0.026204938302180292,-0.0314428943267174,0.05130481712207102,0.8729843430322517,0.2967551656021254,-0.2633487310226667,0.02608634860396175,-0.03157786095273518,-0.00022363541915392795,-0.00023635117811171032,0.0004966298318245765,0.00046386035802308684,-6.729067772421346e-05,0.0012788543012722427,0.02575358909443153,-0.03200226253700731,0.009160473875280486,0.0010286383292310284,0.001339916724144992,0.0017678597457835327,11.429936407573111
1781531079.4927316,0.05823883814444362,0.8642219928971017,0.29894927896781015,-0.2632761834514874,0.02617398658058523,-0.031425453038529796,0.05263053857345479,0.8714270643886816,0.2971417825924219,-0.2633548067379028,0.026031666834714695,-0.03149728389767212,-0.0003974960586002761,-3.716862941476184e-05,0.00039480363463066117,0.0008863210487749099,-0.00043555195911053964,0.0012350798221473288,0.025242157073514588,-0.03311185215935858,0.006951680037924532,-0.0030992769642483684,0.0011994186706945238,0.0016106086285497473,9.307691573304977
1781531079.5026977,0.058491647364996284,0.8638164878674676,0.2990613520320906,-0.2633697366559864,0.026169365338570172,-0.031343010902775,0.05263053857345479,0.8714270643886816,0.2971417825924219,-0.2633548067379028,0.026031666834714695,-0.03149728389767212,-0.000495117644032744,0.00011895477737469573,0.0004195395532055776,-0.0002552011316577108,-0.0006713130391795689,0.0019558205335711825,0.02465384646511429,-0.03470408644415747,0.006871367703591365,-0.003010157992086512,0.004611930475351723,0.001860147308140306,9.795826564677876
1781531079.51275,0.0587479390192594,0.8634069543627458,0.2991725551308153,-0.26344823840852855,0.026165612725735032,-0.03127556447798373,0.05263053857345479,0.8714270643886816,0.2971417825924219,-0.2633548067379028,0.026031666834714695,-0.03149728389767212,-0.0005672119886453305,0.00024277917901021425,0.00043408089241318273,-0.0011035193474813675,-0.0008295774779200486,0.0024423136110719337,0.02619076974633795,-0.03464061066952118,0.009668807692036758,0.0006925168970532917,0.007596828855252537,-0.0005856049169531949,10.289256054017605
1781531079.5227556,0.05873286921177723,0.8634265455140051,0.2991761428940389,-0.2635133137401954,0.026162612130391505,-0.031221200112156774,0.05263053857345479,0.8714270643886816,0.2971417825924219,-0.2633548067379028,0.026031666834714695,-0.03149728389767212,-0.0006179002411215792,0.00033910582555928014,0.00044025404347102024,-0.001708929015319291,-0.0009254461067212272,0.0027399755754680456,0.028142822598279563,-0.03489224328603299,0.009882487948146688,0.0003196604147516917,0.0004469720128210395,-0.0005580802921315114,10.265737349078147
1781531079.5327187,0.05899478401384111,0.8630103617416734,0.2992859325070392,-0.26356654776841787,0.02616025595735949,-0.03117812585753947,0.05263053857345479,0.8714270643886816,0.2971417825924219,-0.2633548067379028,0.026031666834714695,-0.03149728389767212,-0.000650761985904578,0.0004121374561517592,0.00043963121765517134,-0.002115763850399931,-0.0009719409276899378,0.002888004475329593,0.026808234000372282,-0.033178820312753474,0.011066815884627426,0.0027971094219610432,0.00017567188492197128,0.0007287114176652842,10.767631231147584
1781531079.5426958,0.05921090812108114,0.8625665427111584,0.2994035445852735,-0.26360945231182814,0.02615844625055841,-0.031144690009709763,0.05395291622448495,0.8697152644072716,0.2975847032399452,-0.2633865277439376,0.02614837127095493,-0.03146133981647857,-0.0006688966972353255,0.00046554308843350966,0.0004335606558956356,-0.002362677132961484,-0.0009801700196588473,0.0029198660688743894,0.024947563032178384,-0.03086878139304266,0.0080082405858827,5.867894936900371e-05,-0.0013157840241488097,0.0002669261501443221,9.058635907940403
1781531079.5527754,0.05943658021713466,0.8621107182284502,0.29953414410889556,-0.263468477834514,0.026155646632052276,-0.031215645555553437,0.05395291622448495,0.8697152644072716,0.2975847032399452,-0.2633865277439376,0.02614837127095493,-0.03146133981647857,-0.0006432839898174323,0.000462011567402853,0.0004783851983718088,-0.000545529853595549,-0.0007003369672435947,0.0018455115490393678,0.02338493542544427,-0.029460863933192888,0.008896476800592563,0.0015156531160268201,-0.0009174314584250059,0.0007147143762264798,9.576012378419572
1781531079.5627513,0.059656246478602945,0.8616622576868386,0.29966787985081383,-0.26339916431803695,0.026126769528425076,-0.031208811371709846,0.05395291622448495,0.8697152644072716,0.2975847032399452,-0.2633865277439376,0.02614837127095493,-0.03146133981647857,-0.0006462253806728036,0.00048442944273940767,0.0005449040357943005,0.00026890190656187276,-0.00094738112421839,0.0016339523766364858,0.022515750393533374,-0.03025104763369109,0.008660670688670831,0.0014524142015415362,-0.0010955668004913172,0.0023371755444831677,10.085559876325565
1781531079.572749,0.05987724689151796,0.861212108416463,0.29979855093850255,-0.2633411562933361,0.02610292980550688,-0.031204740552401716,0.05395291622448495,0.8697152644072716,0.2975847032399452,-0.2633865277439376,0.02614837127095493,-0.03146133981647857,-0.0006403983185516818,0.0004962876982813062,0.0005913990852002112,0.0008717651563862602,-0.0011065557265348383,0.0014307098947310807,0.02208700203416503,-0.030559931674036693,0.008224200701400371,0.0004089906351862202,0.0002377677923643006,0.002236203170361235,10.597286317203121
1781531079.582698,0.06009938075660348,0.8607605107979373,0.29992655648402766,-0.26329320678909174,0.026083517293325142,-0.0312028512877342,0.05395291622448495,0.8697152644072716,0.2975847032399452,-0.2633865277439376,0.02614837127095493,-0.03146133981647857,-0.0006276060125857437,0.0004995187184130819,0.0006212304356893451,0.0012996058550298595,-0.0011955343059286137,0.0012392627899080232,0.020559005926320012,-0.030160453610975378,0.006683391985332946,-0.0013351894735528303,-0.0014870758589878956,0.004368939484902936,11.1108467303486
1781531079.5927498,0.06009614523352737,0.8607653047983682,0.29993711225673286,-0.26325410620556056,0.026067953532145083,-0.031202648017745818,0.055100091720660604,0.8681695001940883,0.297987020179082,-0.2633825293873262,0.026052488975416344,-0.03132847586312518,-0.0006093842873660587,0.0004957830852716182,0.0006373066225661924,0.0015845973524005533,-0.001229480823678517,0.0010618944863028835,0.020893105461987277,-0.029149651775134885,0.007889050790178539,-0.0005033813213456754,-0.0034617290245503142,0.0038138453731209982,9.142511650129194
1781531079.602716,0.06032004711949474,0.8603114258810782,0.3000608339762802,-0.26322270604288467,0.02605569968076793,-0.03120371335778835,0.055100091720660604,0.8681695001940883,0.297987020179082,-0.2633825293873262,0.026052488975416344,-0.03132847586312518,-0.0005870348578961064,0.0004865021441844176,0.0006421368317757819,0.001754756113747245,-0.0012212637440335422,0.0008999303765395753,0.02175838563762543,-0.029875615249999772,0.00749128671760106,-0.0012417363287813502,-0.0021894902929915014,0.0019281321458415818,9.659087427912457
1781531079.6126945,0.06050881225585737,0.8598817465960162,0.3001312116138807,-0.2632125640652573,0.026019992609320308,-0.031142331502598333,0.055100091720660604,0.8681695001940883,0.297987020179082,-0.2633825293873262,0.026052488975416344,-0.03132847586312518,-0.0007839052542174011,0.0006129503082220927,0.0002994772374328314,0.0016566861167690832,-0.001638580738285858,0.0013470721552593067,0.0212148986012833,-0.030606119281508457,0.008915806966647516,0.0010352655540542142,0.0002793853938144902,0.001963376232741151,10.126138179942055
1781531079.6227498,0.06070343146505609,0.8594476231759144,0.30020765601664884,-0.26320559721830605,0.02599109132134747,-0.03109229049785281,0.055100091720660604,0.8681695001940883,0.297987020179082,-0.2633825293873262,0.026052488975416344,-0.03132847586312518,-0.0009320146473821393,0.0007066927967185279,2.0604633968361065e-05,0.0015378582203349439,-0.001906406515437583,0.0016452304781145908,0.02105396722156232,-0.031521760397104484,0.009003821519494184,3.07545768679025e-05,-0.0006143165604806301,0.0020534014259723904,10.60187617992019
1781531079.6327207,0.060903151564098375,0.8590096267581626,0.300289460228659,-0.2632011996557894,0.025968080586468822,-0.031052116491155482,0.055100091720660604,0.8681695001940883,0.297987020179082,-0.2633825293873262,0.026052488975416344,-0.03132847586312518,-0.0010391033199264837,0.0007729922344434177,-0.00020352788669522788,0.0014067296171939565,-0.0020548932931255363,0.0018235983450395688,0.0203463548034856,-0.03204855643291788,0.008841824685938563,0.0007354837808356128,0.0015816781046369527,0.0005165727849870633,11.085125849109415
1781531079.6427443,0.06110730228854524,0.8585682685583343,0.3003759907515357,-0.2631988472264926,0.025950113369569205,-0.031020435118431763,0.0561490896858845,0.8666291779898441,0.29841017383185786,-0.26336623126201464,0.026077654336381206,-0.031271183549626116,-0.0011119047370447138,0.0008164210465916239,-0.00038087655190629426,0.0012699737390124354,-0.0021098995334539942,0.0019073282727136009,0.020250703836909353,-0.03218977347910063,0.007129752198131701,-0.00042150214240157044,0.0030829797938222193,-0.0002493523525136098,9.665742042796188
1781531079.6527228,0.06131528878059954,0.8581240044357611,0.30046668057390036,-0.26319809131392913,0.02593641693020876,-0.030995984170252386,0.0561490896858845,0.8666291779898441,0.29841017383185786,-0.26336623126201464,0.026077654336381206,-0.031271183549626116,-0.0011562587981586024,0.00084093964739971,-0.0005184212063267575,0.0011327448256846185,-0.002093358767974156,0.0019178568373758016,0.020517407385602544,-0.033244685106545824,0.006954107751728822,-0.0006335839846901101,0.0007550334311554658,0.0009316159662103926,10.16153582148748
1781531079.662698,0.061308188693538865,0.8581250121730123,0.3004574947373586,-0.2632683808399324,0.026013461809901273,-0.0310972226842174,0.0561490896858845,0.8666291779898441,0.29841017383185786,-0.26336623126201464,0.026077654336381206,-0.031271183549626116,-0.0011361756118408858,0.0008330235916095607,-0.0005066973401768864,0.00026999150246915886,-0.0007655061095815279,0.0008605489384889827,0.022922792287933903,-0.03509237811409373,0.009975982643981769,0.0031327111229291784,-0.0026340293659263907,0.0003641560079697578,10.155228293891316
1781531079.6727111,0.061545144907961466,0.8576659005130811,0.3005965351204401,-0.26328437289288426,0.0261169573043194,-0.031198183217069853,0.0561490896858845,0.8666291779898441,0.29841017383185786,-0.26336623126201464,0.026077654336381206,-0.031271183549626116,-0.001002050912047236,0.0008063367477479173,-0.0002820953019844419,9.410264749231252e-05,0.0006956798467434426,-3.206817647474205e-06,0.02252615809898044,-0.03548011234444999,0.010196249954682815,0.0025803624657979645,-0.0032262682746866784,0.0006043024463753474,10.688214573508578
1781531079.6826944,0.06173053720587769,0.8571867004282465,0.3007395412591958,-0.2632979137304229,0.02620338884022777,-0.031282932353043566,0.0561490896858845,0.8666291779898441,0.29841017383185786,-0.26336623126201464,0.026077654336381206,-0.031271183549626116,-0.0008816822014575416,0.0007746961606468491,-9.821638181889918e-05,-4.025851849766255e-05,0.001771453968507763,-0.0006503029056849735,0.020672623782394924,-0.03311350144429147,0.008420275346861981,0.0010195229460757016,-0.005090899046216974,0.002513799835442349,11.213335432923346
1781531079.692714,0.06191497684309578,0.8567074189365455,0.300879796027873,-0.26330924569114467,0.026274669315181187,-0.03135321470964261,0.05731050220005307,0.8648016833830376,0.2988824142977739,-0.263285902189329,0.025986094124735626,-0.03124362482980765,-0.0007738816234688241,0.0007394797598342377,5.06411798847792e-05,-0.00013982712383843042,0.00252900527711482,-0.001117350222524259,0.01930380712110168,-0.032109359541274064,0.007970974584301724,0.0016745792915268906,-0.003002348769149849,0.0019459974565796824,9.524066224250259
1781531079.7027469,0.06209854203621838,0.8562281099867343,0.30101762913302504,-0.2633186111585708,0.026332646673867144,-0.03141073353040956,0.05731050220005307,0.8648016833830376,0.2988824142977739,-0.263285902189329,0.025986094124735626,-0.03124362482980765,-0.0006775363476898309,0.0007018390193316033,0.000169498358798898,-0.0002106017989354643,0.00302738683747043,-0.0014367085602898723,0.01925145555466421,-0.03282238825601525,0.00897910648934958,0.0020842282682284824,-0.0010381205098402412,0.0020238632396636556,10.049409368076493
1781531079.7127476,0.06209431307330919,0.8562430705921491,0.3010361736106736,-0.2631006657617773,0.02624970904311308,-0.03137469967714844,0.05731050220005307,0.8648016833830376,0.2988824142977739,-0.263285902189329,0.025986094124735626,-0.03124362482980765,-0.0006630012036732322,0.0007284149595112292,0.0002183047932613358,0.0021817662436916397,0.001721293874173233,-0.0011357006270261115,0.020273732472140076,-0.035063525894635426,0.010063163164072055,0.002239893609445435,0.0024208191126456865,-0.0003109143360289148,10.038594451084602
1781531079.722733,0.06226676450640061,0.8557778779838997,0.30117389337026906,-0.26291932357283765,0.02617869282964791,-0.03134298561724212,0.05731050220005307,0.8648016833830376,0.2988824142977739,-0.263285902189329,0.025986094124735626,-0.03124362482980765,-0.0006429318818470317,0.0007405196536423007,0.0002547191451265325,0.003914569249029679,0.0006955788321296329,-0.0008790522652903875,0.019868698882774382,-0.03539455228052165,0.006352659318211904,-0.001942223403950121,0.0018589428719222234,-0.00027894485128704134,10.547249701723942
1781531079.7327034,0.062440022127493035,0.8553104503098764,0.30130894444870787,-0.26277037049065527,0.026118553372067366,-0.03131537418861295,0.05731050220005307,0.8648016833830376,0.2988824142977739,-0.263285902189329,0.025986094124735626,-0.03124362482980765,-0.0006186741693394258,0.0007408538411971386,0.00028072405896682496,0.0051057500650676085,-9.198508268956661e-05,-0.0006626727382380049,0.0182848339154178,-0.03463685031500094,0.006540369657247164,-0.0013623814069292433,-0.0005315391506773187,0.00165486583774037,11.058188301365877
1781531079.7427256,0.06261395979446234,0.8548410882117318,0.30144167180462555,-0.2626497624721193,0.026068210177229156,-0.03129159076705913,0.05827340837460543,0.863104942976628,0.2992854020052932,-0.26326763252577123,0.026032380504371844,-0.031208149863822685,-0.0005913614990886131,0.00073173474758547,0.00029804304676515713,0.005858505188120845,-0.0006795550331714138,-0.0004823930855568392,0.01806767675452108,-0.03320417574270071,0.006674744312725137,-0.0021369077440602513,-0.0014813117691122467,0.0011978856674749604,9.580249561010017
1781531079.7527542,0.0627884675684501,0.8543700612093752,0.30157239028229876,-0.26255369360343084,0.026026585447482375,-0.03127132517895956,0.05827340837460543,0.863104942976628,0.2992854020052932,-0.26326763252577123,0.026032380504371844,-0.031208149863822685,-0.0005619424700440597,0.0007151423618256081,0.00030816975717177104,0.006262157337805858,-0.0011011946757044388,-0.0003341002644786466,0.016974221186311193,-0.03307424825019357,0.007453945154549109,-0.0005092287199318291,0.0032126916747182376,-0.00011262082821445157,10.095258015076553
1781531079.7627478,0.06296805072841315,0.853882026286419,0.3016571527434456,-0.2626897311593819,0.02607461393274546,-0.03128710001155356,0.05827340837460543,0.863104942976628,0.2992854020052932,-0.26326763252577123,0.026032380504371844,-0.031208149863822685,-0.0004994690047397672,0.000614908392414766,8.369553485920584e-05,0.004097649755093925,-0.00043053319671896423,-0.0003277660257781674,0.018165753376195345,-0.034465516593046405,0.009174394952638824,0.002276439403308577,0.004121645149913504,-0.0012930610109909496,10.617300064923667
1781531079.7727528,0.06314735914747693,0.8533951677875837,0.3017472433980478,-0.26280790902620815,0.026115469388051427,-0.03130018617202905,0.05827340837460543,0.863104942976628,0.2992854020052932,-0.26326763252577123,0.026032380504371844,-0.031208149863822685,-0.00044298820461387896,0.0005266517391116601,-9.756685165088905e-05,0.0023636929694531884,8.3753014370447e-05,-0.0003140549508829297,0.019158606520491006,-0.03467559838185193,0.008427467917350316,0.0015982999596199125,0.0038504767587799874,-0.002209736777479832,11.139829145962437
1781531079.7827039,0.0633264041908504,0.8529093796665516,0.30184204304886747,-0.2629094702243667,0.02614983240122659,-0.03131089870433432,0.05827340837460543,0.863104942976628,0.2992854020052932,-0.26326763252577123,0.026032380504371844,-0.031208149863822685,-0.0003920338242916459,0.00044912845502937185,-0.00024184315802291227,0.0009997966299972055,0.0004667957640753615,-0.00029519026605919846,0.018066079241032804,-0.03497079035174741,0.008492414620566874,0.0009982028503562796,0.004131703789593052,-0.0020434808927550624,11.66270514736844
1781531079.792747,0.06332944857191719,0.8529021694160832,0.3018188922576904,-0.262995800983105,0.02617839055321647,-0.03131953877480108,0.05917702096443017,0.86140885343793,0.2997015979187038,-0.2632167048843469,0.026139982358802216,-0.0312471444138913,-0.00034616154915346667,0.00038120393031755714,-0.0003545999049482765,-4.949225100639443e-05,0.0007410177949299932,-0.0002729792555932893,0.01764442195475473,-0.03447084515050281,0.008870546354689224,0.0015826979786498405,0.0006446214473275802,-0.0007380820330241788,9.69996203089833
1781531079.8027456,0.06351433289966783,0.8524199776961522,0.30194455321715474,-0.263003956374009,0.026260316012341134,-0.031366872406425134,0.05917702096443017,0.86140885343793,0.2997015979187038,-0.2632167048843469,0.026139982358802216,-0.0312471444138913,-0.0002653848909117117,0.00034490253544408736,-0.00027815357579420594,-0.00011997820474731754,0.0016580155768154644,-0.0005094607564958,0.018030156170991112,-0.03620147865600303,0.010488568032728341,0.003695853636887522,-0.0034255450667527755,0.0018129489618476274,10.229516625702642
1781531079.8126976,0.06370693370450732,0.8519178612156428,0.302087071029279,-0.2630745000152429,0.026341494211549632,-0.03138923039190954,0.05917702096443017,0.86140885343793,0.2997015979187038,-0.2632167048843469,0.026139982358802216,-0.0312471444138913,-0.00013735090886777816,0.0001767079517707886,-9.153827962506418e-05,-0.0008709625763919635,0.0023958857835755486,-0.0004590213395102177,0.019394650809435733,-0.03688360176107215,0.01038183584583962,0.004523124375079084,-0.005953549816493465,0.0023608594441195292,10.783762087393576
1781531079.8227446,0.063844764677491,0.8514045435811098,0.3022327669797172,-0.26313301043722037,0.026407755811644895,-0.031407060698054795,0.05917702096443017,0.86140885343793,0.2997015979187038,-0.2632167048843469,0.026139982358802216,-0.0312471444138913,-3.2828289997543996e-05,3.944678642865728e-05,5.9431352933919456e-05,-0.0014098107948042559,0.0028831635222590557,-0.00040866846359352733,0.018971554393931573,-0.03688734297279261,0.009820684490026134,0.0027934571055223388,-0.003760735404217542,0.0006761828154515753,11.326114245297031
1781531079.8327131,0.06398055881483061,0.8508942936665606,0.30237617435187414,-0.26318090272798444,0.026461027527490577,-0.03142100934314404,0.05917702096443017,0.86140885343793,0.2997015979187038,-0.2632167048843469,0.026139982358802216,-0.0312471444138913,5.149563002790358e-05,-7.124262282636445e-05,0.00017987266520907757,-0.0017749624125250538,0.003169343069222039,-0.00035975763898634804,0.01750943453401188,-0.03677113548283371,0.008295300291076549,0.00020799885764257586,1.3270144699425595e-05,7.65364672031618e-06,11.865213953519829
1781531079.8427513,0.06411456066322804,0.8503867343668547,0.30251755299255884,-0.26321952793738845,0.02650310845075321,-0.03143166690586026,0.05917702096443017,0.86140885343793,0.2997015979187038,-0.2632167048843469,0.026139982358802216,-0.0312471444138913,0.00011853610721858421,-0.00015919839247394743,0.0002742805478503959,-0.0019999735408539323,0.0032970133219150386,-0.0003132653030527601,0.01593692618728416,-0.03700358962668529,0.009685552698541286,0.0023545012609431375,0.001847043366723176,0.0010784863747223905,12.40145193403324
1781531079.8527513,0.06412370812163506,0.8503738095419358,0.30252920480673173,-0.2632501521245223,0.0265356528238041,-0.03143956620720534,0.060096843982493986,0.8595511591979647,0.3001952512829579,-0.2630728257252252,0.026093447235757905,-0.031232725236076384,0.0001708524296018136,-0.0002277897176770115,0.0003465932483820636,-0.002113822744304254,0.0033024234596987475,-0.00026985707065183375,0.01689764319386476,-0.0381397823352436,0.010105934065440251,0.001992230580321418,0.0026906936216984506,-0.0011198424018822213,10.290127334258337
1781531079.8627496,0.06425475667624933,0.8498706503004528,0.3026671799569397,-0.26327394298870116,0.026560161095288137,-0.031445182158007165,0.060096843982493986,0.8595511591979647,0.3001952512829579,-0.2630728257252252,0.026093447235757905,-0.031232725236076384,0.00021068569488731596,-0.00027996666503089167,0.00040025225457651886,-0.0021412655439609447,0.0032160803042698386,-0.00022994739701742278,0.017289193708737965,-0.037561368670510076,0.009899185115656049,0.002167896013697464,0.007016814042977519,-0.0035365465716882096,10.821779976184642
1781531079.8727639,0.0643479963739368,0.8493874926802524,0.3027876123953348,-0.2631171470509442,0.026468150556663073,-0.03150073602872043,0.060096843982493986,0.8595511591979647,0.3001952512829579,-0.2630728257252252,0.026093447235757905,-0.031232725236076384,-5.875524880188352e-06,-0.00018913270114872605,0.0002774186644394451,-0.00017933408785518294,0.0020535283705579842,-0.001051551393364019,0.017047828555820512,-0.038754375212358624,0.011160321379868065,0.0012014111061239786,0.006425170239227129,-0.0012638621630240128,11.317806760830464
1781531079.8827283,0.06444539959295761,0.8489032131411737,0.30290880617421645,-0.262985061499279,0.026389199827101306,-0.031546048438503935,0.060096843982493986,0.8595511591979647,0.3001952512829579,-0.2630728257252252,0.026093447235757905,-0.031232725236076384,-0.0001796506091167785,-0.00011381713024554197,0.00017529597989088822,0.001295594395027184,0.0011262652400754272,-0.0016383532729417984,0.017585816952437085,-0.039144725561199335,0.010839885842916569,-0.000965312500213789,0.0005382930073983973,0.0005382915337004727,11.817447747864115
1781531079.8926919,0.06454647130602081,0.8484179366422541,0.3030306647715176,-0.2628751071714305,0.02632219367746136,-0.03158244530045291,0.060096843982493986,0.8595511591979647,0.3001952512829579,-0.2630728257252252,0.026093447235757905,-0.031232725236076384,-0.00031687622568655284,-5.19136333523364e-05,9.10934524182659e-05,0.0023652525065638065,0.00040067568004539225,-0.002033167104645332,0.015289389775994363,-0.038570070779120544,0.005965982542783715,-0.0063253083192378115,0.004725300297791039,0.00016547332940736957,12.320202816689578
1781531079.9027352,0.0646507693501015,0.8479317738193777,0.30315311187907773,-0.2627847455672542,0.02626596996932884,-0.031611164389658886,0.06096242982926042,0.8576160803319252,0.3006950584789941,-0.2630818812889499,0.026294418463712832,-0.031290364819789626,-0.000423022122978452,-1.5613695544333474e-06,2.2343677454673508e-05,0.0031019737623105923,-0.00015394690233296526,-0.002273326359001285,0.015455352006556568,-0.039043567702681345,0.008261201423446626,-0.003358778509383484,0.00535637245088687,-0.0007657334074975499,10.650430393539526
1781531079.9127498,0.06477092387066143,0.8474426777931673,0.30326885689671224,-0.26275034781042367,0.02628542609080453,-0.03159009680558243,0.06096242982926042,0.8576160803319252,0.3006950584789941,-0.2630818812889499,0.026294418463712832,-0.031290364819789626,-0.0004127960116027407,1.0250361689789432e-05,-5.171319028079078e-05,0.0031327489407229777,8.408053047141581e-06,-0.0017479519510377717,0.01728122252704964,-0.04072730939027887,0.011503354004368083,0.0007195627449828886,0.002096036383370388,-0.0004721242149402245,11.163654615494
1781531079.92271,0.06476856271072766,0.8474455244534833,0.30325854827225807,-0.2627242518016289,0.0263022009724152,-0.03157082480564255,0.06096242982926042,0.8576160803319252,0.3006950584789941,-0.2630818812889499,0.026294418463712832,-0.031290364819789626,-0.0003993562193282219,1.960261992672683e-05,-0.00011050879682841065,0.003070054783091015,0.0001298313296325074,-0.00130646242616868,0.016907876390677198,-0.04240350239818431,0.0114924282040316,0.00027714495657334815,0.0004189333030390039,4.5250551622038604e-05,11.157882160520547
1781531079.9327466,0.06488993389235537,0.8469556202938148,0.3033774209171442,-0.2627050903304555,0.026316507713933124,-0.03155342576670345,0.06096242982926042,0.8576160803319252,0.3006950584789941,-0.2630818812889499,0.026294418463712832,-0.031290364819789626,-0.00038350686612190503,2.6861976656222434e-05,-0.0001563080725868434,0.002939043603324213,0.00021726060527842218,-0.0009399092925167486,0.016067289396143557,-0.042601611585811446,0.010640827761713214,0.001427206000034398,0.0019269774084149968,-0.0013112747965181284,11.673292793354172
1781531079.9427516,0.06501178588851485,0.8464653681472443,0.3034975901644682,-0.26269164918328647,0.026328573555483903,-0.031537906380777636,0.06096242982926042,0.8576160803319252,0.3006950584789941,-0.2630818812889499,0.026294418463712832,-0.031290364819789626,-0.00036592400948829877,3.2349224824033195e-05,-0.00019109391957962917,0.0027604311322433793,0.00027682495544017387,-0.0006395366550915626,0.0162858465409337,-0.040896830665521765,0.011601612791160155,0.0029637925316164976,-0.004291779299555577,-0.0005036033952621497,12.18974366294459
1781531079.9526913,0.0651340432066552,0.8459748042502833,0.30361890453345997,-0.2626828620136915,0.026338630103001304,-0.03152422019615336,0.06178453028574932,0.855562709257522,0.3012281585727982,-0.26306811929409857,0.026368451767949885,-0.03132644710081482,-0.00034717233549014156,3.634434280941344e-05,-0.00021659770964045478,0.0025510418904308224,0.0003138797273365426,-0.0003969725679432433,0.015424337619763178,-0.04065336064875747,0.010923999891214583,0.003523480220063175,-0.004542820626073726,-0.000753577892453318,10.433734972845015
1781531079.962694,0.06520703999740092,0.845463508175284,0.30377040423804436,-0.26263028110282627,0.026341081370252484,-0.03145144997093573,0.06178453028574932,0.855562709257522,0.3012281585727982,-0.26306811929409857,0.026368451767949885,-0.03132644710081482,-0.0002975365244307968,-5.73557786129263e-05,-8.041243490406833e-05,0.002825720604171947,9.948933213038848e-05,0.00042023969907284376,0.014392083461226614,-0.04017949408237703,0.008999229841100352,0.0028324507165324534,-0.0008624805135718583,-0.0014994881793117566,10.962228251969956
1781531079.9727755,0.06527230185802947,0.8449420459431677,0.3039309732569084,-0.2626510571690185,0.02634341665265416,-0.03145539519033588,0.06178453028574932,0.855562709257522,0.3012281585727982,-0.26306811929409857,0.026368451767949885,-0.03132644710081482,-0.00030524243247407056,-0.00017871865190092492,0.00011047482828979184,0.0022915424510494675,0.00012433546529811538,0.0003394017670237662,0.014769046122676759,-0.040570835457144565,0.009864814166195205,0.0032617498322408656,0.003163651053149813,-0.0045434369962134725,11.500793320198316
1781531079.9827502,0.06533832408740713,0.8444234803271959,0.3040874383627692,-0.2626706430101143,0.02634519040004135,-0.03145898518021349,0.06178453028574932,0.855562709257522,0.3012281585727982,-0.26306811929409857,0.026368451767949885,-0.03132644710081482,-0.00030756079701348593,-0.0002738809615021149,0.00026231417008937415,0.0018285751900831114,0.00013954841475044717,0.00026954183349955213,0.014451409528714843,-0.03968497664599617,0.012148707653509016,0.005958455734488354,0.0013832361917714812,-0.002940753725238393,12.036916235658138
1781531079.9927142,0.0654049994072266,0.8439074580754372,0.3042403034899234,-0.26268880093757463,0.026346494856853475,-0.03146221072327918,0.06178453028574932,0.855562709257522,0.3012281585727982,-0.26306811929409857,0.026368451767949885,-0.03132644710081482,-0.0003055248102373513,-0.00034680435890750277,0.00038088293029887464,0.0014316364930925694,0.00014712713024776422,0.000209819714484275,0.012652612128675432,-0.03944482300946403,0.012043401567627442,0.0065444961815010454,0.003833216680172768,-0.0010071680593906425,12.57082709207402
1781531080.0026991,0.06547223350230334,0.8433936627300905,0.30439001783183584,-0.26270539194529663,0.02634741198617574,-0.03146507489250275,0.06252183098011038,0.8535093193642543,0.30177648676386304,-0.26286092011192197,0.0264113562859305,-0.031437807160291376,-0.00030001906514825924,-0.0004009509411718254,0.0004712405742567195,0.0010950360399825908,0.00014877832589859128,0.00015932835993217543,0.011946005990250495,-0.04033854568642656,0.009331963327544292,0.0022021291909976254,0.0012701425672552256,0.0005843163424792547,10.856423390165096
1781531080.0127118,0.06545732404226853,0.8433784512812408,0.3043768807407217,-0.26275301630001696,0.02636653207578088,-0.031519752946852386,0.06252183098011038,0.8535093193642543,0.30177648676386304,-0.26286092011192197,0.0264113562859305,-0.031437807160291376,-0.0003780749303733867,-0.00045062807724536913,0.0003665218426226652,0.0004711614345672754,0.0004888791541840063,-0.00038009471789163664,0.012450604588510196,-0.04091816029540266,0.008117149625618587,-0.0006723083742814335,0.002074654853965859,0.00018262385175696807,10.863409062917787
1781531080.0227246,0.06551411600265554,0.8428640920307519,0.30449754288814723,-0.26279349419007714,0.026382268837677136,-0.031565289107933034,0.06252183098011038,0.8535093193642543,0.30177648676386304,-0.26286092011192197,0.0264113562859305,-0.031437807160291376,-0.00043594549011783,-0.0004847976330856457,0.0002778122524014639,-9.183112970719215e-06,0.000730321372911334,-0.0007738636467460075,0.013551892880930035,-0.042410819628399314,0.012078769089513207,0.003165505048592327,-0.002214787177817327,0.002049585085514369,11.387659156718774
1781531080.0327046,0.06557289758115385,0.8423519107900287,0.3046197572382313,-0.2628275093091775,0.026395040273414327,-0.03160272893085857,0.06252183098011038,0.8535093193642543,0.30177648676386304,-0.26286092011192197,0.0264113562859305,-0.031437807160291376,-0.0004768785497953307,-0.0005060851568871383,0.00020307841168224942,-0.0003688372435456482,0.0008912335718950601,-0.0010477198965505529,0.013200216127408723,-0.04310759447651481,0.011636987345047992,0.0013537170769675278,-0.0007197231098105232,0.0012606879935684405,11.911379453557062
1781531080.0427485,0.06563341254875947,0.8418416192582534,0.30474334455575597,-0.26285575087116464,0.02640524065370986,-0.03163307747299263,0.06252183098011038,0.8535093193642543,0.30177648676386304,-0.26286092011192197,0.0264113562859305,-0.031437807160291376,-0.0005036959757202664,-0.0005167615966769221,0.00014051088109375383,-0.000628217519623392,0.000987403099152018,-0.0012242331242474003,0.012149869170447334,-0.0422427048014267,0.011397188287798822,-5.835373943708437e-06,0.000700629364486717,-6.248376026040807e-05,12.43460537287962
1781531080.0527434,0.06569543334799882,0.8413329587935696,0.30486814210111124,-0.26287889335375925,0.026413235687833714,-0.03165728193104621,0.06316511527432128,0.8513794817944517,0.3022951011451149,-0.2628074987899336,0.026411513981005275,-0.03139094633989145,-0.0005188419458220067,-0.0005187844617704975,8.850293178500149e-05,-0.0008053661239850675,0.001032430975777246,-0.001322978634220846,0.011094188691857491,-0.042296692162284995,0.010339713829666782,-0.0011317678809751686,0.0011568400530535645,-0.0009757622821563785,10.675002282082469
1781531080.0627053,0.06569818895262397,0.8413438049446078,0.30486625696353814,-0.262861674683523,0.026404597814688735,-0.031601940358480865,0.06316511527432128,0.8513794817944517,0.3022951011451149,-0.2628074987899336,0.026411513981005275,-0.03139094633989145,-0.00046639513238934995,-0.00043739993513955465,6.665448924392925e-05,-0.0005453216604225557,0.0006717879806266325,-0.0006198442731576219,0.011260636502601215,-0.04192910794808771,0.011353311580010307,0.0009109796703989999,-9.528931117173955e-05,-0.0007964238972411955,10.664994811851228
1781531080.072749,0.06577020058360583,0.840851705684977,0.30499673955008916,-0.26284667352308,0.0263968837996853,-0.031554683154645366,0.06316511527432128,0.8513794817944517,0.3022951011451149,-0.2628074987899336,0.026411513981005275,-0.03139094633989145,-0.0004183825387403954,-0.000366524320830146,4.827056609025849e-05,-0.0003355531575066999,0.00038318091796615535,-7.604280378669553e-05,0.01123446518057228,-0.04315289013234958,0.009900597346211104,-0.001850428722707197,0.0007977800306210869,-0.0018590784372980364,11.17673428829312
1781531080.0827405,0.06584211195572348,0.8403584181681059,0.3051274278940528,-0.2628337444263122,0.026390073277303028,-0.031514776844193126,0.06316511527432128,0.8513794817944517,0.3022951011451149,-0.2628074987899336,0.026411513981005275,-0.03139094633989145,-0.0003745379859981616,-0.0003049830451927655,3.290080906000237e-05,-0.00016919642838524078,0.00015644810661023985,0.0003334906269237876,0.010972568472486026,-0.04156158649173464,0.010727095804610282,-0.0008405386330236243,0.0006791396485365753,-0.0019039161877835004,11.689834451391949
1781531080.092746,0.06591390996553839,0.839864058994794,0.3052582960638849,-0.26282272170545595,0.026384126238992556,-0.031481470644172865,0.06316511527432128,0.8513794817944517,0.3022951011451149,-0.2628074987899336,0.026411513981005275,-0.03139094633989145,-0.0003345949795960553,-0.00025171491648703204,2.014549409831516e-05,-3.9920130665478285e-05,-1.7717975783579907e-05,0.0006312115403068882,0.01012512537723957,-0.03985998104859071,0.011662314206056025,0.00030190412271858483,0.0018697582561207039,-0.0028699409983260447,12.204153335482289
1781531080.102747,0.06593101372180199,0.8393649448471832,0.3053922402589554,-0.2628134290423899,0.026378989053053914,-0.0314540213556978,0.06371281036257137,0.8493069616454584,0.3028388715500713,-0.26281263698476615,0.026439098601195754,-0.03147391967800821,-0.0002982901482970847,-0.000205763209302333,9.650605829983227e-06,5.803454432562042e-05,-0.00014773007387886448,0.00083700570631514,0.009278098761974269,-0.03905830743621596,0.01064549805241286,0.0009518034129643101,0.0019270053320068832,-0.002435383868297959,10.501610158618403
1781531080.1127262,0.06594798879905629,0.8388649710907036,0.3055263222547274,-0.2628056869801491,0.026374599349620498,-0.03143171180635153,0.06371281036257137,0.8493069616454584,0.3028388715500713,-0.26281263698476615,0.026439098601195754,-0.03147391967800821,-0.00026536596537040177,-0.00016626718367513502,1.1033083148616862e-06,0.0001298398018644703,-0.00024110021616102154,0.0009682891405400236,0.009046475798082125,-0.040523188439734424,0.008599638743172726,-0.0017286114541491709,0.0020840828783175356,-0.00180630833170151,11.011520361806205
1781531080.1227472,0.06595962814407128,0.8383738834860671,0.3056784109938299,-0.2627363593958637,0.02633065120086986,-0.03140533294162037,0.06371281036257137,0.8493069616454584,0.3028388715500713,-0.26281263698476615,0.026439098601195754,-0.03147391967800821,-0.0002703271386457467,-7.516402269051166e-05,9.215193406672392e-05,0.0008651439350993274,-0.0007525734518173108,0.001015950049328215,0.009745351848534853,-0.041836469010618556,0.010193582178737653,-0.00019080756336924473,-0.001219483953644047,0.0006702274456262899,11.517090450078246
1781531080.13274,0.06597188354659841,0.8378806855034088,0.30582788432157476,-0.2626788724843658,0.026294110627364198,-0.0313842291071114,0.06371281036257137,0.8493069616454584,0.3028388715500713,-0.26281263698476615,0.026439098601195754,-0.03147391967800821,-0.0002708845160274662,-1.0764464571049836e-06,0.00016407566781973066,0.00139239922011597,-0.0011152056553697506,0.001023851015040069,0.00950288106321816,-0.04222179842109078,0.012748477019212638,0.0024264426449664553,-0.0005831537231559554,0.0006840757914126268,12.024865715398782
1781531080.1427355,0.06596977567151127,0.8378910839665765,0.30584013632292084,-0.26263183067500917,0.026264120941740465,-0.03136765482047857,0.06371281036257137,0.8493069616454584,0.3028388715500713,-0.26281263698476615,0.026439098601195754,-0.03147391967800821,-0.0002678995817593096,5.8412710346700904e-05,0.00021973510499568024,0.0017493386002983531,-0.0013563894274304642,0.0010017450372178723,0.009253832834669478,-0.04157013430817729,0.011155107805702443,0.0008417198299505879,-0.0020641488235042292,0.0016177623230697017,12.017643105937994
1781531080.152693,0.06598300048680346,0.8373944231332106,0.3059853442256895,-0.26259390247659814,0.026239860830017836,-0.031354927651948375,0.06417888406617794,0.8472570870775864,0.3033830530313075,-0.26278691755672,0.026436082196166666,-0.0314848657658036,-0.000262108796948824,0.0001054288599433052,0.00026163273995131114,0.001968895987262838,-0.00149997365562131,0.0009577610533875357,0.008680385744772024,-0.04213848453798595,0.010007298993982481,-0.0008762516268086774,0.00035037753937988334,0.00029786603010799513,10.35851802137835
1781531080.1627445,0.0659823575465884,0.8369152772294253,0.30610605731850427,-0.2625427004555319,0.02625245701150125,-0.031414244722224885,0.06417888406617794,0.8472570870775864,0.3033830530313075,-0.26278691755672,0.026436082196166666,-0.0314848657658036,-0.0003449192433706206,0.00028937048204092297,0.0001576486177748135,0.0023297950282874335,-0.001035171233280334,0.00026373058483653586,0.008410204682408825,-0.043698036215488845,0.010979066237613048,-0.00021534297466707834,0.0005954846331568039,0.0004340076792237972,10.845289294350716
1781531080.1726978,0.06598458578052821,0.8364303191701921,0.30619590421980897,-0.26253710101005046,0.026194787141783804,-0.031308912746924,0.06417888406617794,0.8472570870775864,0.3033830530313075,-0.26278691755672,0.026436082196166666,-0.0314848657658036,-0.0004056715206713807,0.000361976790070038,-0.0001640570547106202,0.0021067980609681468,-0.001828487848860793,0.0011816793247065645,0.008140209482276207,-0.04420097519922247,0.012593003116164857,0.0024267962139212663,-1.8290460399927285e-05,0.0009042025258814085,11.331001447817643
1781531080.182746,0.06598890422428616,0.8359420497101191,0.30629209946630465,-0.26253436840003247,0.026147622939533877,-0.03122180336790105,0.06417888406617794,0.8472570870775864,0.3033830530313075,-0.26278691755672,0.026436082196166666,-0.0314848657658036,-0.0004493015477683479,0.0004156765713876884,-0.000420234962128145,0.0018820479701848708,-0.0023728341532560293,0.0018371291853621768,0.008988410579794649,-0.04377392204364076,0.011529742770667617,0.0008813291187089525,-0.005048499778902839,0.002063938467526589,11.822385324498141
1781531080.1927416,0.0659950298424161,0.8354508867954791,0.30639387622114833,-0.2625338575428509,0.026109621349569068,-0.03115073191914529,0.06417888406617794,0.8472570870775864,0.3033830530313075,-0.26278691755672,0.026436082196166666,-0.0314848657658036,-0.0004786334553473431,0.00045351826989996395,-0.0006205629048033256,0.0016621356500242997,-0.002715737269236144,0.0022779541361062907,0.008212831189086342,-0.042086265647635956,0.011449487754101612,0.0009075395362530511,-0.0031594201559122116,0.0003344372642914841,12.318677155533463
1781531080.2027297,0.06600271284566879,0.8349572095880836,0.3065005515053787,-0.26253502455026245,0.026079525210222387,-0.03109362254016383,0.06460320878040565,0.845073834561027,0.303935399986123,-0.26277019396823115,0.026349958983234112,-0.031429744641830695,-0.0004961155513942737,0.0004781500325422487,-0.0007735176367744916,0.0014518671853753276,-0.0028983211906543405,0.0025458998780928006,0.006669761572137091,-0.039996460223613445,0.01177380270005918,0.002784477016647477,0.0007765533290390726,-0.0011601733412063345,10.530181137502339
1781531080.2127073,0.06601173344987667,0.8344613598474293,0.3066115175235387,-0.2625374161964636,0.02605617614631406,-0.031048537704450943,0.06460320878040565,0.845073834561027,0.303935399986123,-0.26277019396823115,0.026349958983234112,-0.031429744641830695,-0.0005038634209733369,0.0004918651038788046,-0.0008865043352848536,0.0012545797647014144,-0.0029557867172069607,0.0026769775917655976,0.005797763882521712,-0.04135225347791221,0.01022387488144314,0.001640666600980437,0.0008369619443822507,-0.0003611088679015802,11.034952032760419
1781531080.2227476,0.06602005145716888,0.8339490631732439,0.3067527028688178,-0.26240677785296973,0.026133711271431492,-0.0311514300658762,0.06460320878040565,0.845073834561027,0.303935399986123,-0.26277019396823115,0.026349958983234112,-0.031429744641830695,-0.0005109464850112381,0.000453797561038215,-0.0007587014231384459,0.0025726636208400896,-0.0015237181651602655,0.0015198906777815061,0.0063616688220204,-0.04323153600914519,0.010539645990043454,0.001354971317502478,-0.0011581253023178735,0.0003480129202582118,11.563095482351416
1781531080.232729,0.06603474918656435,0.8338801872548925,0.3067942580793329,-0.26233663153509157,0.026165715875147377,-0.03116780432439023,0.06460320878040565,0.845073834561027,0.303935399986123,-0.26277019396823115,0.026349958983234112,-0.031429744641830695,-0.0003826351168350153,-1.2669197255939268e-05,-0.00043036031419454003,0.003062116272785909,-0.0009732815377862299,0.0012719942724860787,0.006722059415086829,-0.04301538019306341,0.011918078239318144,0.00286061229449081,-0.0041305622054202485,0.001050967357900147,11.641310817331032
1781531080.2427466,0.06606424903455785,0.8339502162619693,0.30731288127878703,-0.26228047946157185,0.02619319604839232,-0.031182936014412327,0.06460320878040565,0.845073834561027,0.303935399986123,-0.26277019396823115,0.026349958983234112,-0.031429744641830695,-0.00027478181985579294,-0.0003869756557564358,-0.00016132378491556587,0.0033450297942741497,-0.0005342218535060782,0.0010514278568965643,0.006099798718926776,-0.04258061199521918,0.009634298402853243,0.0008510232798130268,-0.005421781541151264,0.002742430847404085,11.716522631296387
1781531080.2527075,0.06609210259912998,0.8340287634568203,0.3078265210445778,-0.2622363498543042,0.02621653403859958,-0.031196722738012203,0.06491439634968477,0.8429890841146612,0.30449574576875044,-0.2626471826204372,0.026271805717278163,-0.031397851158669304,-0.00018471832396922021,-0.0006825554569673349,5.669565399035208e-05,0.0034654460060509016,-0.00019063009706307834,0.0008573784102018051,0.005550583820441175,-0.04068147837332451,0.010682241368514228,0.0024973554537491872,-0.004271064899428499,0.0022819770352337583,9.63163549140933
1781531080.2627528,0.06611849351468996,0.8341148040805664,0.30833577437206966,-0.2622024362238757,0.026236129605012426,-0.031209124535827873,0.06491439634968477,0.8429890841146612,0.30449574576875044,-0.2626471826204372,0.026271805717278163,-0.031397851158669304,-0.00011007719872882716,-0.0009111903151156294,0.00023099741476473922,0.0034608120531090815,7.202670922123354e-05,0.0006885104125283231,0.004616546242562379,-0.042274916602672456,0.011288815975647602,0.0025908680197276185,-0.00191074334885201,0.0021745993033469805,9.744152902157161
1781531080.2727435,0.06611734081353206,0.8343027009063332,0.3087988745934049,-0.26226403881859306,0.02622956043183544,-0.031170679007500396,0.06491439634968477,0.8429890841146612,0.30449574576875044,-0.2626471826204372,0.026271805717278163,-0.031397851158669304,-0.00021832356497989008,-0.0004898105126115739,8.735880671800365e-05,0.0023995379888772828,-0.00011413544984162813,0.000999980236266595,0.004823915024941595,-0.04380204413833721,0.012368209526579783,0.0030823989649104155,-0.0005229870344582913,0.0019506176688864243,9.768175177923261
1781531080.2827497,0.06610213694866819,0.834353278698924,0.30878197538010693,-0.26231807950956043,0.026223901770312086,-0.031139257106761978,0.06491439634968477,0.8429890841146612,0.30449574576875044,-0.2626471826204372,0.026271805717278163,-0.031397851158669304,-0.000302454460414809,-0.00014533172362070503,-2.905733626738345e-05,0.0015386788742993733,-0.00025048946694458777,0.0012059839535965965,0.004827137186535483,-0.04137752000756583,0.014054931790979703,0.0036780877257588693,0.0012602933181143634,0.0005945686586174048,9.713888366160072
1781531080.292691,0.06610594458981865,0.8345258754237649,0.3092502155572278,-0.2623649750304529,0.02621907971879156,-0.031113957919665203,0.06491439634968477,0.8429890841146612,0.30449574576875044,-0.2626471826204372,0.026271805717278163,-0.031397851158669304,-0.0003661600794494311,0.00013304810029162562,-0.00012214490441960293,0.0008515480854686257,-0.0003457932504765467,0.0013273260779157778,0.004330002374508341,-0.03815568373926878,0.013589975381117671,0.0006195837218774526,-0.0006505900463453812,0.0017473899138086275,9.78011613038279
1781531080.3027456,0.0661117726920902,0.8346921740493689,0.30972056660105124,-0.2624052332196403,0.02621501610546928,-0.031093938821325606,0.06516435345712579,0.8409038955458625,0.30510825426362553,-0.26254845234604357,0.02620712434113992,-0.03130891205986634,-0.0004126616200795143,0.00035483809460328084,-0.00019532540500280304,0.00031339478656790883,-0.00040773203505961315,0.0013819122780032674,0.004025057955984345,-0.03334011093403125,0.015853836095650137,0.002181623393253788,-0.00040801285612657585,0.0014597025179167325,7.794646384201849
1781531080.3127055,0.06611936112192425,0.8348529456570516,0.310192767964725,-0.262439416274535,0.026211631686206438,-0.031078423925002416,0.06516435345712579,0.8409038955458625,0.30510825426362553,-0.26254845234604357,0.02620712434113992,-0.03130891205986634,-0.00044476296671683605,0.0005283889885799376,-0.00025159777494885324,-9.840393088911395e-05,-0.0004429770781604926,0.0013849860560306948,0.004302158736056909,-0.031090131699435173,0.01730698115213418,0.002599796166992351,-8.42876375728949e-05,0.0008438928991613706,7.961049790912828
1781531080.322752,0.06609922168967008,0.8348736435143405,0.31019773221665403,-0.2625126803917656,0.026245922326706195,-0.031151797797914035,0.06516435345712579,0.8409038955458625,0.30510825426362553,-0.26254845234604357,0.02620712434113992,-0.03130891205986634,-0.0005446863996075802,0.0006552317551416504,-0.00019021002639851137,-0.0008667084174267942,0.00017437765394823332,0.0005575979913768448,0.004106917039385146,-0.030072869108109804,0.01885317723545929,0.0029890307071506234,0.0009596296041363074,0.00044023866625297507,7.946112509287782
1781531080.3327298,0.06609897565975185,0.8350204077770036,0.31068484428849075,-0.2625735198930931,0.026274472279524286,-0.031213966601731008,0.06516435345712579,0.8409038955458625,0.30510825426362553,-0.26254845234604357,0.02620712434113992,-0.03130891205986634,-0.0006180005190970789,0.0007487552710864793,-0.0001385194358017291,-0.0014186469081062772,0.0006321717146156292,-7.75972949264576e-05,0.0041050969140126094,-0.027304817888003517,0.02018223885266206,0.0025782044412505476,0.0005902705790729846,0.00024218659348250216,8.160104367799505
1781531080.3427026,0.06610152238090491,0.835164400103965,0.3111714536283205,-0.26262338435225274,0.026297940173418466,-0.031266037669400656,0.06516435345712579,0.8409038955458625,0.30510825426362553,-0.26254845234604357,0.02620712434113992,-0.03130891205986634,-0.0006690244318466483,0.0008143459492666236,-9.526843553356632e-05,-0.0017933620939841652,0.0009578802283254097,-0.000551402400965312,0.0035725479102287705,-0.023803562701783076,0.021464639071237773,0.002456019757681768,0.001177879840419454,0.00034998682198734916,8.401337991968752
1781531080.3527548,0.06608972521878327,0.8351766255541102,0.3111749315546575,-0.2626636603746868,0.0263169584567311,-0.03130911718805984,0.06536286702217992,0.8394653972322623,0.30604895223064554,-0.2624358405155318,0.026243607463162677,-0.03127484211087776,-0.0007015078402789866,0.0008566817947247536,-5.934054588848163e-05,-0.002025033236651097,0.0011757051859081547,-0.0008913142642592007,0.003436054847823644,-0.02021608812321856,0.020448606119965598,-0.0005648705426239996,-0.0022114281673913942,0.0021612833968519436,6.722912268911963
1781531080.3627458,0.0660967688706156,0.8353161243526769,0.31166069766642035,-0.2626956494238944,0.026332122663890623,-0.03134428019255882,0.06536286702217992,0.8394653972322623,0.30604895223064554,-0.2624358405155318,0.026243607463162677,-0.03127484211087776,-0.0007186958318440778,0.0008798128466590445,-2.9746695686316944e-05,-0.0021431851170406455,0.0013067335876277102,-0.0011216003600351308,0.0035962479862705794,-0.019620246988062837,0.02002034178564289,-0.0020087314759330106,-0.002275688571914031,0.0017513439064341723,7.017603877987126
1781531080.3727508,0.0661080315881423,0.8354912366353994,0.3121632164072153,-0.2626572648965644,0.026338290016100663,-0.031431202719856194,0.06536286702217992,0.8394653972322623,0.30604895223064554,-0.2624358405155318,0.026243607463162677,-0.03127484211087776,-0.0007073460154698558,0.0011513504369179584,0.00010181767484321923,-0.0014653013718747038,0.0014756094230856847,-0.0018977344552097485,0.003786601937035512,-0.021130951911086996,0.020073520604350317,-0.0038537623767718595,-0.003347360816810602,0.0021125106141931184,7.330310300451682
1781531080.3827584,0.0661204945723932,0.8356593855040602,0.3126629268644232,-0.26262358165842137,0.02634262438485635,-0.03150227640468707,0.06536286702217992,0.8394653972322623,0.30604895223064554,-0.2624358405155318,0.026243607463162677,-0.03127484211087776,-0.0006892718953650374,0.001354744745190886,0.00020614388600745108,-0.0009172736949795071,0.0015617599876290174,-0.0024273145682024455,0.0034693120831414724,-0.021260483802077654,0.02283888112287986,-0.001376763876350764,-0.0019208787333178411,0.000957728017677721,7.668401739365837
1781531080.3927534,0.06613397352540927,0.8358214650805897,0.3131601651321634,-0.26259434285305744,0.026345466017970498,-0.03155952971593225,0.06536286702217992,0.8394653972322623,0.30604895223064554,-0.2624358405155318,0.026243607463162677,-0.03127484211087776,-0.0006660287022096633,0.001500858243755973,0.0002872821150844763,-0.00048154455157866917,0.0015835668600834877,-0.002757665265815749,0.0029023802644899056,-0.018402239463944297,0.024247647474704138,0.0002797811508522038,-0.0001672035566900235,5.41663520125898e-05,8.027589656679613
1781531080.4026942,0.06614830774472046,0.8359782645583977,0.3136552320486898,-0.26256923440485036,0.026347110852509292,-0.0316048607910874,0.06552870029425212,0.8384463038899181,0.3071500255243441,-0.2625160301433953,0.02618500498612586,-0.03122339789679604,-0.0006389304308436908,0.0015991368397478536,0.00034877755093345715,-0.00014188456476890623,0.0015565645672750688,-0.0029296983997302963,0.002005110266134919,-0.015676196223014516,0.021623939565738826,-0.0033547099529464192,0.0019493588229401479,-0.0009232764312787245,6.9851874319159775
1781531080.412729,0.06615248242383591,0.8361332400234067,0.3141481169365682,-0.26249353150790355,0.026276089282391002,-0.03153357227249838,0.06552870029425212,0.8384463038899181,0.3071500255243441,-0.2625160301433953,0.02618500498612586,-0.03122339789679604,-0.0006778356416960668,0.001636030521651255,0.0003637871302047767,0.0006799753100346352,0.00043628303762063554,-0.0020597454129253523,0.0013333573673857146,-0.013650173133539362,0.024257063908112213,-0.0011078022343017143,0.003796234455151427,-0.0014806390845213747,7.396800119618832
1781531080.4226904,0.06615874960099256,0.8362836569166674,0.3146392927919268,-0.2624304358391724,0.026216454766921915,-0.031471685347540926,0.06552870029425212,0.8384463038899181,0.3071500255243441,-0.2625160301433953,0.02618500498612586,-0.03122339789679604,-0.0007004788346267227,0.0016449176110949514,0.0003712268651560671,0.0012771614862701933,-0.00041503961472075376,-0.001351534104473242,0.0017424901503964327,-0.012801181590065198,0.025558980970124018,0.00012053961352408885,0.0018486571211015117,-0.000623605639288453,7.820685920372994
1781531080.4327216,0.0661668329929146,0.8364301264660798,0.31512897199199225,-0.2623785129396259,0.02616698504985515,-0.03141853589597329,0.06552870029425212,0.8384463038899181,0.3071500255243441,-0.2625160301433953,0.02618500498612586,-0.03122339789679604,-0.000709780403918655,0.0016312091515720503,0.0003724954633226882,0.001689658854018413,-0.00104153962451397,-0.000783897077446135,0.0018722832260884739,-0.012018254895495567,0.027906637720506555,0.0007887113234365772,0.003554102983736785,-0.002350489691373562,8.254439501207342
1781531080.442688,0.0661598116334596,0.8364439851752856,0.31513462060710057,-0.2623363822565611,0.026126486027278295,-0.03137338732493704,0.06552870029425212,0.8384463038899181,0.3071500255243441,-0.2625160301433953,0.02618500498612586,-0.03122339789679604,-0.0007082538156151585,0.0015995352920739252,0.00036879396413122133,0.0019524826270671232,-0.0014824402479527493,-0.000337126153017831,0.002138753681302989,-0.009973041376521259,0.02790596500599677,0.0006786868478756866,0.0010875256416044573,-0.0015033925674480164,8.255988153638693
1781531080.452701,0.0661708422218199,0.8365841522972438,0.31562186793175434,-0.2623027414264083,0.026093817365168803,-0.031335468881410214,0.06562481934864339,0.8378234759163008,0.30842893129844823,-0.262556513542783,0.026310660315793655,-0.03130727206406492,-0.0006980540165268378,0.0015538406317623123,0.0003611495059685187,0.0020959658327100316,-0.0017722100994496635,6.853971724293502e-06,0.002097170157343054,-0.008996986086124707,0.027005483066928643,-0.0025565801279231245,0.0022867477353547584,-0.0024790670471595113,7.319317005127017
1781531080.4627228,0.06618303194252234,0.8367218301000312,0.316108150947334,-0.2622763823177001,0.026067910233540825,-0.03130400528939835,0.06562481934864339,0.8378234759163008,0.30842893129844823,-0.262556513542783,0.026310660315793655,-0.03130727206406492,-0.0006810208384854775,0.001497469446724225,0.0003504366092491543,0.0021461029112675345,-0.0019408119021577935,0.0002644003209372245,0.002124071460542591,-0.007553088760054005,0.026157385284366307,-0.004511818470231904,0.001331726904724914,-0.0027822176534689747,7.777894266464607
1781531080.4727507,0.06620006466626871,0.8368838332009206,0.31662588377256884,-0.2622495958234115,0.026074360171461697,-0.0313194517696872,0.06562481934864339,0.8378234759163008,0.30842893129844823,-0.262556513542783,0.026310660315793655,-0.03130727206406492,-0.0006349420567574993,0.0016193513210356132,0.000554918671701266,0.0022085907070831267,-0.0016171029971563946,9.097928881613427e-05,0.002308725176798142,-0.006666316571748662,0.026748818730316308,-0.005280100087412934,0.0019471815522408525,-0.0036259511856330203,8.270662940236948
1781531080.4827466,0.06620076090630149,0.8369111025635809,0.3166555171001035,-0.2622291057324562,0.026081198442362563,-0.03133290975107349,0.06562481934864339,0.8378234759163008,0.30842893129844823,-0.262556513542783,0.026310660315793655,-0.03130727206406492,-0.000589905887326155,0.0016966759920316948,0.0007120399985881324,0.002194954606315062,-0.0013302958366973616,-4.145261544510548e-05,0.0021690003810728,-0.005390604832857584,0.02792845988755905,-0.001650413083652464,0.001062515707145679,-0.0018941030993505363,8.297038493618473
1781531080.4927518,0.06621834232517032,0.837062726474808,0.3171632224060835,-0.26221389417972685,0.02608814046340946,-0.03134450938659822,0.06562481934864339,0.8378234759163008,0.30842893129844823,-0.262556513542783,0.026310660315793655,-0.03130727206406492,-0.0005462773530500764,0.001737251554360866,0.0008291505117325453,0.002124654945218742,-0.001078988230026309,-0.00013954696809937638,0.0022850452567250734,-0.0040067837049548635,0.030182453542755772,0.002188300544685319,-0.0014755213048620653,-3.530413177506216e-05,8.787425697513127
1781531080.5027454,0.06623610705043505,0.8372102078329491,0.3176668693632707,-0.2622030540252702,0.026094970173217602,-0.031354399085575496,0.06573836542147021,0.8375173048176496,0.30982685240125213,-0.26265027556722137,0.02632898583456167,-0.03140256575455451,-0.0005043316483135374,0.0017478117853000886,0.0009126575086827468,0.002013823670553128,-0.0008611579351791254,-0.0002092276741477471,0.0026327895769203084,-0.002621499870165934,0.03141697329665733,0.0036811408138554785,-0.00449758439864241,0.0013630590628604122,7.861801399930922
1781531080.512747,0.06625400528454659,0.837354137075899,0.318166998536722,-0.26219578592323933,0.02610152876564742,-0.03136273686498499,0.06573836542147021,0.8375173048176496,0.30982685240125213,-0.26265027556722137,0.02632898583456167,-0.03140256575455451,-0.00046426836862099066,0.0017341427051873332,0.000968130386560644,0.0018756573191966313,-0.000674373458183757,-0.00025571121758752107,0.0023027385014664837,-0.0024025455279923125,0.03264289025735259,0.0038363737831193087,-0.0039694733040436785,0.0016298099010187278,8.357663892579918
1781531080.5227578,0.06626990850829696,0.8375212160118095,0.3186397105590348,-0.26217656003116036,0.026086253056452513,-0.031335177555918414,0.06573836542147021,0.8375173048176496,0.30982685240125213,-0.26265027556722137,0.02632898583456167,-0.03140256575455451,-0.00043843802850383236,0.00185690014141916,0.0008352497571467021,0.0018730286790534009,-0.000839689799375132,1.9467317027447597e-05,0.0022244051381834235,-0.0016197699170801786,0.032931904213335195,0.00489835027429507,-0.005858959427852998,0.003033976059201093,8.828874348397386
1781531080.5326917,0.06628614932974694,0.8376818427938962,0.31911332797843256,-0.2621621148048985,0.02607414538516073,-0.03131221526032621,0.06573836542147021,0.8375173048176496,0.30982685240125213,-0.26265027556722137,0.02632898583456167,-0.03140256575455451,-0.00041214666993989935,0.0019319177052641182,0.0007179932928550822,0.0018197900827976953,-0.0009405691965490754,0.0002251175526230051,0.0015569875436651983,-0.0012057170876010484,0.031799536796256404,0.0033932853165542635,-0.002491326930976095,0.0019424361583833785,9.304072688955245
1781531080.542694,0.06630266831738765,0.8378368877567964,0.319587786729803,-0.26215164690647125,0.02606474291591665,-0.03129332582363155,0.06573836542147021,0.8375173048176496,0.30982685240125213,-0.26265027556722137,0.02632898583456167,-0.03140256575455451,-0.00038581835635254275,0.001967660432548508,0.0006147652473151969,0.0017300882347419946,-0.0009904073176954756,0.0003730430921168831,0.001589306550778942,-0.0010939433236569329,0.031550511023122375,0.001551923576891188,-0.0020174539751160875,0.0006754915801513342,9.78245419000861
1781531080.5527415,0.06631941395830906,0.8379871217590147,0.32006302575812534,-0.26214444557005145,0.026057624787801714,-0.03127800505291922,0.06583786911300177,0.8374407535258763,0.3114235300100907,-0.2624925214560805,0.02618445586787299,-0.031339057331674094,-0.0003597939827306567,0.0019714214788263532,0.0005241068438729226,0.0016155209327590246,-0.0010006380998418157,0.0004736681304662221,0.001550958298882066,0.0005396411863250166,0.03042929341712173,0.0008149857424527454,0.0011837673317317823,-0.0009913606127351646,8.67013785729692
1781531080.5626864,0.06631907706065104,0.8381280931035373,0.3206493599652915,-0.26213285655723906,0.026066540354614753,-0.03132909013547441,0.06583786911300177,0.8374407535258763,0.3114235300100907,-0.2624925214560805,0.02618445586787299,-0.031339057331674094,-0.0004465506336231407,0.0019415556613094419,0.0011591256665653363,0.0015801063662945704,-0.0006528624795976736,-9.128479183370875e-05,0.0012374022640691765,0.0013708190476195163,0.032744905177494094,0.0033304033244182774,0.0017526338723379954,-0.0006287179188930402,9.263904962065396
1781531080.5727065,0.06630338594471304,0.8381431972254757,0.32062655108914034,-0.2622143892032409,0.02604807220188099,-0.03129224090557359,0.06583786911300177,0.8374407535258763,0.3114235300100907,-0.2624925214560805,0.02618445586787299,-0.031339057331674094,-0.0005174272871767611,0.0018937181686591884,0.00093251645858714,0.0005071510678716345,-0.0008809076896173163,0.00025483690932196406,0.0010982708842913263,0.0011276939017357379,0.03285738375420656,0.0008626520949726032,0.00401551341608594,-0.001758733880229169,9.241522063661657
1781531080.5827258,0.06630683662930816,0.838284224381569,0.3210891465108036,-0.26228344241343154,0.026033262194060658,-0.03126168184748995,0.06583786911300177,0.8374407535258763,0.3114235300100907,-0.2624925214560805,0.02618445586787299,-0.031339057331674094,-0.0005677688326803151,0.001831320181855437,0.0007387847399329873,-0.00031065912452207366,-0.0010276597045364608,0.0005072025531742958,0.0016908051151267346,0.001508732631831982,0.03286736538553297,0.00020666238233251117,0.0006012605251986584,-0.0006106324282003007,9.713676747483783
1781531080.5926957,0.06631246559141642,0.8384225275708316,0.3215541237644078,-0.2623412549261751,0.026021597967039956,-0.03123667263779789,0.06583786911300177,0.8374407535258763,0.3114235300100907,-0.2624925214560805,0.02618445586787299,-0.031339057331674094,-0.0006009874662607144,0.001758024067107862,0.0005739009646145155,-0.0009149122805159406,-0.0011094849046367743,0.0006824110311976693,0.0017843335088428296,0.0023817352727607487,0.03437215849287751,0.0007420965633700651,0.0009061552660391991,-0.0009565082488045118,10.189114382893123
1781531080.6027138,0.06631998445818546,0.8385585185924533,0.3220212394004605,-0.26238906260239236,0.0260126096304254,-0.03121650657769641,0.06591368627271649,0.8375125155248482,0.3130550436111381,-0.2624562600753794,0.026226625363552802,-0.03137537461540012,-0.0006200393720398721,0.0016769079640309309,0.0004342647885622257,-0.0013426145109350406,-0.0011404231819467175,0.0007950115818436158,0.001709009356129599,0.003516294078181691,0.03637542734462134,0.0023082750849588098,-0.00048095305830466085,0.00010062673512477818,9.036142294442769
1781531080.61272,0.06632913744949256,0.8386925602388643,0.3224902715065647,-0.26242806531296625,0.0260058719642553,-0.031200521522222413,0.06591368627271649,0.8375125155248482,0.3130550436111381,-0.2624562600753794,0.026226625363552802,-0.03137537461540012,-0.0006274772020904256,0.0015905420076592401,0.0003166660394988429,-0.0016263258762397542,-0.0011323869859806955,0.0008576193929252811,0.002191033179867153,0.0040750736623074366,0.03521895815097296,-0.001104084264338441,-0.0004941298804292203,-0.0007556939155765003,9.517805978585477
1781531080.6227052,0.06633311220309128,0.838698088758333,0.3224955665179963,-0.2623689498006582,0.0260136732967291,-0.03126720044629645,0.06591368627271649,0.8375125155248482,0.3130550436111381,-0.2624562600753794,0.026226625363552802,-0.03137537461540012,-0.0005627653587787247,0.0015547190386693284,0.0003320423787510939,-0.0007845936277563467,-0.000737479430543047,8.33015078090184e-05,0.0018293761858489926,0.00395651029304114,0.03679844604355059,-0.0009486756641262768,-0.0004359370312845977,-4.318543783233726e-06,9.523915936102167
1781531080.632746,0.06633683648871974,0.8387020307634838,0.32249989450869027,-0.26231851486380825,0.02602087202396386,-0.03132353261091547,0.06591368627271649,0.8375125155248482,0.3130550436111381,-0.2624562600753794,0.026226625363552802,-0.03137537461540012,-0.0005036856198084598,0.001506261452086717,0.00034017877700195454,-0.00013243775594740733,-0.0004213997596722782,-0.0004991499729758459,0.0017253948943376288,0.003970377245056585,0.035832852558495054,-0.0006332304197895209,-0.0016111471084525107,0.0008145131242338221,9.528862003683422
1781531080.6426866,0.06635693866098946,0.8388338511487387,0.32298613250890074,-0.2622759644466409,0.02602742161583671,-0.031370570323645486,0.06591368627271649,0.8375125155248482,0.3130550436111381,-0.2624562600753794,0.026226625363552802,-0.03137537461540012,-0.00044987578327612877,0.00144827514053287,0.00034240004856392716,0.0003598241883288793,-0.0001730356160390254,-0.0009218988877574096,0.0015297776639270834,0.004175512018060785,0.03475878349846244,-0.0005453335271022388,-0.003191525647744881,0.0019708573121716938,10.028406015211774
1781531080.6526914,0.06637681056423551,0.838964570505001,0.32347167385243686,-0.2622404862811803,0.026033305084386615,-0.03140935646936242,0.06600661425740478,0.8377182157795524,0.31486287167744814,-0.2624819331244787,0.026128801005172564,-0.03134442702126415,-0.00040097830820302584,0.001383374169839368,0.0003398446694603397,0.0007188088639260236,1.7792798168651353e-05,-0.001213416078043192,0.0015044939889908686,0.005176243232596694,0.034948661164931165,-0.0012577695039164738,-0.003064037946423749,0.0016205205942142944,8.706429824866762
1781531080.6627295,0.0663964553726943,0.8390943981351514,0.3239566224951918,-0.2622112781868611,0.02603852803375828,-0.03144089832043129,0.06600661425740478,0.8377182157795524,0.31486287167744814,-0.2624819331244787,0.026128801005172564,-0.03134442702126415,-0.00035664392568297555,0.0013137446576270385,0.00033348710269142344,0.0009681072979355641,0.0001602878648557517,-0.0013986260048049416,0.0012782762548846107,0.005231510990022099,0.03610325313932011,0.0006141774615151356,-0.0037834039416447572,0.0022683207236774937,9.205550385840366
1781531080.672748,0.06639808371950906,0.8392336861702139,0.32442581336376475,-0.26215887521514836,0.026028682157036354,-0.03139637511282958,0.06600661425740478,0.8377182157795524,0.31486287167744814,-0.2624819331244787,0.026128801005172564,-0.03134442702126415,-0.0004286101777121313,0.0012821985770982253,0.00021981366346825578,0.001421945507331281,-8.673374853671332e-05,-0.0008045039181045515,0.0015067091445016354,0.0051233028393668075,0.03616319591285243,-0.0012077843803546362,-0.001931237640808881,0.0005511225348933085,9.690188467755606
1781531080.6827438,0.06640206800525719,0.8393708112562902,0.32489678712320097,-0.26211608754691307,0.026020668470775776,-0.03135823465025138,0.06600661425740478,0.8377182157795524,0.31486287167744814,-0.2624819331244787,0.026128801005172564,-0.03134442702126415,-0.00048095182657797715,0.0012406274727054815,0.00012577441599893473,0.0017230694967710232,-0.0002694399920856712,-0.00033732575971680425,0.001072903989604681,0.004943312085121127,0.035429517076734494,-0.0006147007301427382,-0.000932265361848098,3.423496141709661e-05,10.176783118890857
1781531080.6927207,0.06640810550649531,0.8395060904366802,0.32536933880172164,-0.26208167546164857,0.02601424720700063,-0.03132592046467775,0.06600661425740478,0.8377182157795524,0.31486287167744814,-0.2624819331244787,0.026128801005172564,-0.03134442702126415,-0.0005168761490585353,0.00119153529640424,4.868854329071243e-05,0.0019015270820244244,-0.0003989568793305887,2.1949386840574008e-05,0.001013326850580948,0.005380801153170459,0.03456559589549045,0.0016748540361586383,0.0005268947143413294,-0.000973063575140209,10.66506176475955
1781531080.7027128,0.06639932030499847,0.8395107276996433,0.32536051822840467,-0.2620544808270203,0.026009195073910085,-0.0312988561600864,0.06606894048735479,0.8379876939619479,0.3166394530745499,-0.26243679112993096,0.026078283677414715,-0.03133626713740774,-0.0005391658850388055,0.001137027453217208,-1.3810859037111415e-05,0.001983189845158258,-0.000485076407588574,0.00029054190756924275,0.0012078829821367335,0.006237639282467689,0.03375149469919436,0.0009557274133036905,0.0005655466178407415,-0.0014891634177683103,8.859218927639436
1781531080.7127419,0.06640606690196446,0.8396498482885035,0.32583201366242237,-0.261922053581051,0.025996233063589447,-0.031263890318101825,0.06606894048735479,0.8379876939619479,0.3166394530745499,-0.26243679112993096,0.026078283677414715,-0.03133626713740774,-0.0005657371221954491,0.0011288475878534852,-9.409114806547544e-05,0.0032025685969128284,-0.0006670509714777071,0.0005907450121471402,0.001107862905300995,0.0054923399658374575,0.0325539862530763,0.0002440595339057135,0.0031746013743639973,-0.002573996787250548,9.34770460521842
1781531080.7227118,0.06641681869656009,0.8397712907516717,0.3263047647275808,-0.2619952192563772,0.025994613801538113,-0.031292891249803154,0.06606894048735479,0.8379876939619479,0.3166394530745499,-0.26243679112993096,0.026078283677414715,-0.03133626713740774,-0.0005674480324603295,0.0010110124171988787,-0.0001510126840568366,0.0020623925540185556,-0.000529660909933988,0.0002159767818285593,0.001300409853063327,0.0052525023940188644,0.03353845771850379,-0.0014554473777894075,0.0015796488443508968,-0.0021468453900174,9.834657396522154
1781531080.7327695,0.06642872749158153,0.8398933383633284,0.3267789771817809,-0.2620586598477058,0.025993669142263753,-0.031317601152341085,0.06606894048735479,0.8379876939619479,0.3166394530745499,-0.26243679112993096,0.026078283677414715,-0.03133626713740774,-0.0005616313625464744,0.0009036069518994674,-0.00019479428090919362,0.0011516433834770409,-0.00041222290786682643,-7.07350132122343e-05,0.0013386082458952593,0.005811940221102057,0.03373758936594786,0.0006390082399337188,0.0005656517194913085,-0.0010908625706925442,10.323317121644664
1781531080.7426996,0.06644162409707512,0.8400159615913535,0.32725447446862455,-0.26211307722762534,0.025993256079823945,-0.03133841963972604,0.06606894048735479,0.8379876939619479,0.3166394530745499,-0.26243679112993096,0.026078283677414715,-0.03133626713740774,-0.000549845456475696,0.0008059351103493347,-0.00022747273010858212,0.0004377258325500838,-0.00031294841070941674,-0.0002836213257191889,0.0013604092465169405,0.005626560132093653,0.03252336066389196,-0.0010575947629346562,5.393374350405903e-05,-0.0006350370030085193,10.813484260223966
1781531080.7527459,0.06645536017576821,0.84013912836129,0.32773109829871666,-0.26215924427248577,0.0259932528692286,-0.031355752624217095,0.06606894048735484,0.8379876939619475,0.31663945307454994,-0.262436791129931,0.026078283677414937,-0.031336267137407545,-0.0005334169472741592,0.0007173147620270613,-0.0002508238013318934,-0.00010917047434424044,-0.00023000025455003815,-0.0004353656553147679,0.0016798965130161805,0.007323863509146173,0.03458056319852916,0.00345968654701289,-0.0019087519225719958,0.00039919890064528217,11.304980492201137
1781531080.762752,0.0664748969236088,0.8402642512748206,0.3282077505625596,-0.2621879491838508,0.025950525174157413,-0.03125258063879208,0.06613175859555376,0.8382876844253366,0.3183296545256555,-0.2624197968888067,0.02612827017016972,-0.03140004337191345,-0.0004735942742307848,0.0006017234620337718,-0.0002895770943236003,-0.00043957209514872055,-0.0009473761998969888,0.0005787439360699973,0.0012270823282053028,0.008472024787588059,0.036626766483034964,0.005033773691822112,-0.002226019839445661,0.0015213613649986578,10.079749090972447
1781531080.7727103,0.06646422588547221,0.8402709269858599,0.3282252832256971,-0.2622096343011465,0.025923920580925408,-0.03120010269486162,0.06613175859555376,0.8382876844253366,0.3183296545256555,-0.2624197968888067,0.02612827017016972,-0.03140004337191345,-0.0005077780281195034,0.0005828077900052345,-0.00016796758363447868,-0.0006430047108005353,-0.001273018917608807,0.0009934153905478461,0.0012334865975308132,0.007792160788840242,0.038448069485333095,0.0025312749859139,-0.0019818161863451853,0.001162269826238904,10.097883586268175
1781531080.7827837,0.06645538020792907,0.8402761894593764,0.3282403404769753,-0.2622273141590415,0.025902436892733194,-0.0311571480258815,0.06613175859555376,0.8382876844253366,0.3183296545256555,-0.2624197968888067,0.02612827017016972,-0.03140004337191345,-0.0005287857647944101,0.0005602380298743412,-6.821441353035762e-05,-0.0007778283118088058,-0.0014821662042154749,0.0012769223438625268,0.0011793812540529921,0.00810003371474677,0.03976112699881174,0.0013094933524473028,-0.0010484330486424005,0.000602983519494688,10.113386141351784
1781531080.7927449,0.0664646393962572,0.8404094138089963,0.32873596133686683,-0.2622415088032236,0.02588537797321444,-0.031122504727160577,0.06613175859555376,0.8382876844253366,0.3183296545256555,-0.2624197968888067,0.02612827017016972,-0.03140004337191345,-0.0005389499592388589,0.0005350208476955135,1.2729099188527583e-05,-0.000857555208116337,-0.0015983024242449356,0.0014543917813347666,0.0010876880475597897,0.00795623997777091,0.03978785292174815,0.0012988343936719718,-0.0017160023186016582,0.0018367245115234931,10.625618412780755
1781531080.802748,0.06647523873506875,0.8405416236585588,0.3292296654816119,-0.2622527033564541,0.02587210116983596,-0.03109503722326684,0.06613175859555376,0.8382876844253366,0.3183296545256555,-0.2624197968888067,0.02612827017016972,-0.03140004337191345,-0.0005402804584386372,0.0005079979134763288,7.754708745712339e-05,-0.000893817814085171,-0.0016415695970791368,0.0015475530482993137,0.0011008242826920109,0.008188747829108606,0.03966878500733523,0.0011145021122575356,6.584448100625612e-06,0.00039007893246333856,11.13590856254081
1781531080.8127165,0.06648699176601017,0.8406729777131469,0.32972169285953945,-0.26226134348164126,0.025862021483827435,-0.031073698220110024,0.06618954053415882,0.8386917961014252,0.32029045518248966,-0.2622823603168157,0.026070274208120692,-0.03134508362541487,-0.0005345026454827911,0.0004798677780138763,0.0001285986279013707,-0.0008965216032208378,-0.001629054090394015,0.0015749949592714033,0.0009542680435961529,0.008243321527547462,0.038644032645338354,-0.00011442699954717278,-5.3844051254392394e-05,0.0004483095624506,9.64167008017581
1781531080.822744,0.06649135955967624,0.8408087099972067,0.330230588800094,-0.2621963176337537,0.025883572175226188,-0.031100896897292854,0.06618954053415882,0.8386917961014252,0.32029045518248966,-0.2622823603168157,0.026070274208120692,-0.03134508362541487,-0.0005812545944304898,0.0005104783984413668,0.00029442863488122274,-8.119895918868246e-05,-0.0011467491444859404,0.0011773550738241084,0.0013628960041964606,0.008041351793647141,0.039342748594795696,-0.0006065393610536278,-0.0006397616479930314,-0.00019849978509819304,10.167530452481794
1781531080.832747,0.06649780863200776,0.8409431402321933,0.3307355920097593,-0.2621415846966685,0.025902435908657262,-0.031125090012824805,0.06618954053415882,0.8386917961014252,0.32029045518248966,-0.2622823603168157,0.026070274208120692,-0.03134508362541487,-0.0006114207179731231,0.0005285835030695071,0.00042382180260614843,0.0005319176972529586,-0.0007539882352917747,0.0008471862236092598,0.0013673735139305952,0.007851916697501213,0.039081658532488545,-0.0022384427052578398,-0.001704784477251969,0.00011362830569909831,10.689455690337107
1781531080.8427439,0.06650605348009098,0.8410764775719136,0.33123719438402344,-0.2620960620502412,0.02591876995570197,-0.031146369042448566,0.06618954053415882,0.8386917961014252,0.32029045518248966,-0.2622823603168157,0.026070274208120692,-0.03134508362541487,-0.0006278899507534127,0.0005364201052966448,0.0005223249111981145,0.0009767454867627861,-0.00043906970073661006,0.000576609594280741,0.0009823007195807652,0.007421076686762572,0.03679387702786122,-0.0034538386664588246,-0.0004418520172837402,0.000497881927489092,11.20794295609278
1781531080.8527427,0.06649929004449395,0.8410798183139198,0.33125306559277345,-0.26205868641024244,0.025932761394924064,-0.03116488228182293,0.06618954053415882,0.8386917961014252,0.32029045518248966,-0.2622823603168157,0.026070274208120692,-0.03134508362541487,-0.00063315500545524,0.000535914131772582,0.0005947821752360295,0.0012833039091458857,-0.0001910953426779815,0.00035809044486597986,0.0006389770705110742,0.007706238863207474,0.03690351216890324,0.0013262804720331777,0.0004429637532811008,0.001160021427658541,11.22396640471553
1781531080.8627174,0.06649383482659271,0.8410824253145773,0.33126635202380245,-0.26202843808893,0.02594461452843677,-0.031180816535853847,0.06624424511363142,0.8390903288202527,0.3222363863805457,-0.2623298307645024,0.026033884607097102,-0.03132318696201147,-0.000629358933210765,0.0005287173736109708,0.0006454124274254302,0.001477870386697793,-6.722995667471235e-08,0.0001845581362723201,0.0012695551663194137,0.007478254373348115,0.03497061580521439,-0.0006428557441358771,-0.0020046071392747383,0.0011248898727298185,9.250460690469096
1781531080.8727465,0.06647148757120494,0.841082337711174,0.3312474819449472,-0.26198166228730446,0.025882900837212564,-0.03121224465303661,0.06624424511363142,0.8390903288202527,0.3222363863805457,-0.2623298307645024,0.026033884607097102,-0.03132318696201147,-0.0007251329165531694,0.0005127231064333058,0.00045696662087963075,0.001836300466620732,-0.0005617527490673721,-0.0003413758112442805,0.0007784204928356401,0.007657024874327626,0.03535070731420765,0.0021226623588653237,-0.0012652476662898275,0.0018212809454186242,9.2314452729142
1781531080.882716,0.06645274668206992,0.8410820747977307,0.3312309293033754,-0.2619439998609421,0.025831575127418738,-0.031238511165122967,0.06624424511363142,0.8390903288202527,0.3222363863805457,-0.2623298307645024,0.026033884607097102,-0.03132318696201147,-0.0007928295287579591,0.0004933866157870525,0.00029989715560624385,0.0020545950309269136,-0.000967231111288888,-0.0007260927814804854,0.0012020404041946156,0.008393815014859876,0.03646370260912131,0.0003045351375535692,-0.0028746679653875364,0.0016305176730692218,9.214788512682576
1781531080.8927073,0.0664371420465874,0.8410816824872891,0.33121643440248033,-0.26191419700047125,0.025789437476247734,-0.0312601908120619,0.06624424511363142,0.8390903288202527,0.3222363863805457,-0.2623298307645024,0.026033884607097102,-0.03132318696201147,-0.0008371285964068814,0.0004716120908408355,0.0001700060043387122,0.0021619155869912155,-0.0012445689092456412,-0.0009944706884113387,0.0009734826920445003,0.007960965319015354,0.036444512719138455,-0.0006091092349741919,-0.0014650098023713846,0.0005203719169290543,9.200215276297364
1781531080.9027455,0.06642425520012538,0.841081196036893,0.3312037672525164,-0.2618910990650643,0.025755337377106446,-0.031277839900858875,0.06624424511363142,0.8390903288202527,0.3222363863805457,-0.2623298307645024,0.026033884607097102,-0.03132318696201147,-0.0008620834292848163,0.0004481562827539166,6.35787266595006e-05,0.0021831495000307895,-0.0014183032442210027,-0.0011683340311510447,0.0010611021846423868,0.008598140689120844,0.036774093994863824,0.004318979987486046,-0.0017101352063452284,0.001007182907920738,9.187484726981511
1781531080.9127452,0.06641371471120315,0.8410806423846809,0.3311927236961637,-0.26187365733219664,0.02572819283230854,-0.03129198567856677,0.06629728229526571,0.8395032492734266,0.3240783613322345,-0.262269371574817,0.025919117477746445,-0.031243431177461367,-0.0008711930267619411,0.00042364799460462764,-2.2663841578054244e-05,0.0021393004364138875,-0.0015096549919787305,-0.0012666221414152155,0.0008061197930881773,0.007819411153085825,0.03392242937767411,0.0017232290891149257,0.0006993195576303969,-0.0007721120813503424,7.288064035133482
1781531080.9227207,0.06640519184279219,0.8410800420305398,0.3311831221047615,-0.26186093115669007,0.025707002783124988,-0.03130311916570211,0.06629728229526571,0.8395032492734266,0.3240783613322345,-0.262269371574817,0.025919117477746445,-0.031243431177461367,-0.0008674670668145606,0.00039860534861359156,-9.160988607714048e-05,0.0020478872155990117,-0.0015367793823506497,-0.001305594208351163,0.0013137736720393272,0.008849019566661762,0.033870014247663595,0.00183287963172351,-0.0010286900518141405,-0.001292260663085408,7.278430153829197
1781531080.9327123,0.06638521145900111,0.8410727343009646,0.33118577883920697,-0.2618026702936407,0.02569883142853202,-0.03129992304624553,0.06629728229526571,0.8395032492734266,0.3240783613322345,-0.262269371574817,0.025919117477746445,-0.031243431177461367,-0.0009387631764095881,0.0003329029164708297,-7.400455124035788e-05,0.002459497121598119,-0.0014639432310705061,-0.001152465309889517,0.0010785689085973946,0.007731864250483118,0.03272884539860544,0.0006050311112896145,1.434481026383412e-05,-0.002399148337843618,7.2791756681591435
1781531080.9427345,0.06636862172474718,0.8410663880867315,0.33118797653336907,-0.2617559082541657,0.02569353186924017,-0.03129656129967702,0.06629728229526571,0.8395032492734266,0.3240783613322345,-0.262269371574817,0.025919117477746445,-0.031243431177461367,-0.0009841026964335408,0.00027594054992128,-5.893374828633955e-05,0.0027005798478514143,-0.0013692942702680543,-0.001006187833565235,0.0011240173852225404,0.00686928480249419,0.030333910320266406,0.0014503976861522973,-0.0022536126238726977,-0.0012204232413857569,7.279774761080375
1781531080.9527447,0.06635496286093831,0.8410608922649262,0.3311897820659786,-0.2617190418971957,0.02569052906002467,-0.0312931672218759,0.06629728229526571,0.8395032492734266,0.3240783613322345,-0.262269371574817,0.025919117477746445,-0.031243431177461367,-0.001008030465464214,0.00022671624440305039,-4.6088561857878145e-05,0.002807293120169111,-0.0012608933106162431,-0.0008690471743202427,0.0009759574492289499,0.005948723622385565,0.027493162362902602,0.002467775115777712,-0.0007635562855298149,-0.00229321592361763,7.280239253551336
1781531080.9626875,0.06634382851236796,0.8410561459554325,0.33119125461458926,-0.26169059917036996,0.025689329292602814,-0.03128984165517068,0.0663482340010908,0.8398841890508784,0.32569796444341237,-0.26217188662048624,0.025900051284353243,-0.0313215188739938,-0.0010144662665202517,0.00018432756846502757,-3.519280217853884e-05,0.0028104067872053115,-0.001145156273358644,-0.00074250578555756,0.00038380780611552113,0.004761017555366886,0.023414816314382147,0.0014063572103851488,1.3125378176299196e-05,-0.0024023546844076592,5.6169154612840435
1781531080.9727476,0.06633486042813336,0.841052058081472,0.33119244616587284,-0.261669246536814,0.025689513307746603,-0.03128665834140376,0.0663482340010908,0.8398841890508784,0.32569796444341237,-0.26217188662048624,0.025900051284353243,-0.0313215188739938,-0.0010067784371677122,0.0001479634599988052,-2.6000050294567876e-05,0.0027358114810339873,-0.001027091048884342,-0.0006273694410129983,0.00031597311548243535,0.00489867573712059,0.02177252301866672,0.0020361376515230507,-0.0006650564480867894,-0.0015041403810136726,5.617243658906527
1781531080.9827626,0.06633674636338348,0.8410387864012399,0.331161214482651,-0.261814570975859,0.025661633485506874,-0.031260616603209265,0.0663482340010908,0.8398841890508784,0.32569796444341237,-0.26217188662048624,0.025900051284353243,-0.0313215188739938,-0.0009262084211586108,2.2633414721771476e-05,-0.000230411572090874,0.0008434809884353778,-0.0012831497115309543,-0.000363099450779977,0.0005602613495063052,0.004147793069951942,0.021306243695553423,0.0004806033980479365,-0.0009317086732886944,-0.001781984898422958,5.583934813240831
1781531080.9926896,0.06633890957408743,0.8410273255914158,0.3311344547762874,-0.26193757548468827,0.025639411791151145,-0.031238692114919905,0.0663482340010908,0.8398841890508784,0.32569796444341237,-0.26217188662048624,0.025900051284353243,-0.0313215188739938,-0.0008497929742696704,-7.826496917441509e-05,-0.0003915881052799405,-0.0005974648299116008,-0.0014398842199247384,-0.0001551419822814849,0.0002559440249687957,0.004385147138026739,0.021058635245529398,0.0006371027938931873,-0.00025904288298533314,-0.0016882929447156797,5.555382546206373
1781531081.0027204,0.06634126855795565,0.841017444134905,0.33111162636471364,-0.2620404893803658,0.025622037237122308,-0.03122045366723096,0.0663482340010908,0.8398841890508784,0.32569796444341237,-0.26217188662048624,0.025900051284353243,-0.0313215188739938,-0.0007776809652326297,-0.00015827178626996605,-0.000516014480036972,-0.0016607612053431892,-0.0015179078199601679,4.92757626409268e-06,0.00019116022651314654,0.004540490253167546,0.020248883319747082,0.0025440193078841186,-0.0010484539740656066,-0.0007977891340562681,5.531008136046956
1781531081.0127025,0.0663437548068983,0.841008941905671,0.331092246029089,-0.26212553296915114,0.02560876961145908,-0.031205477028473552,0.06636948598464171,0.8401152603205019,0.3267930677998534,-0.2620932705862163,0.025868829057419385,-0.03140154281464798,-0.0007099373729414115,-0.00022049364681516725,-0.0006093622057476418,-0.002411992643637717,-0.0015348199602161082,0.0001247329467130373,0.00016174414717996905,0.004190897885980295,0.019375698578494558,0.0023496404931860394,-0.0007377693393386694,-0.0010931184389733224,4.391157286628629
1781531081.0227616,0.06632262412232269,0.8410118479213871,0.33104520974377377,-0.2621348311651951,0.0256030112844563,-0.03122123154331359,0.06636948598464171,0.8401152603205019,0.3267930677998534,-0.2620932705862163,0.025868829057419385,-0.03140154281464798,-0.0007997639837615928,-0.00018283670560014886,-0.0008742947737006442,-0.002245774536572859,-0.001383461143273183,-7.123709242280537e-05,7.847733851869576e-05,0.004036367096887604,0.018902013565140995,0.0014244465464306622,-0.0005460025770747434,-0.0008257062298482725,4.345891907473997
1781531081.0327258,0.06630496300640792,0.8410143927477998,0.33100527143390795,-0.26214059599216555,0.025599411174828557,-0.03123474833562455,0.06636948598464171,0.8401152603205019,0.3267930677998534,-0.2620932705862163,0.025868829057419385,-0.03140154281464798,-0.0008617405535779477,-0.00015028999748058092,-0.0010758973239617547,-0.0020597610350181236,-0.00123218232187962,-0.00021612042934492806,0.00011085285120170595,0.004533362709416435,0.02005295555702235,0.0014499770537111777,-0.0005775314085465692,-0.0007127266190484916,4.307581896062008
1781531081.0427442,0.06629030943584414,0.841016622473067,0.33097154042877397,-0.26214355559459346,0.025597526700967155,-0.031246218511172485,0.06636948598464171,0.8401152603205019,0.3267930677998534,-0.2620932705862163,0.025868829057419385,-0.03140154281464798,-0.0009005745521116162,-0.00012225804713182498,-0.00122410572725935,-0.0018640069475390664,-0.0010851047765455947,-0.00031876048489605307,0.00021102525356858247,0.0039835582180707775,0.018664824487546604,-0.0003306492298725931,-0.0023152093636842354,0.00018174063923802805,4.275319422755995
1781531081.0527172,0.06627825444978469,0.8410185769342859,0.33094322314869945,-0.2621443323291566,0.025596979283960097,-0.03125584126693072,0.06636948598464171,0.8401152603205019,0.3267930677998534,-0.2620932705862163,0.025868829057419385,-0.03140154281464798,-0.0009203382495473672,-9.82056163852778e-05,-0.0013275727919176649,-0.0016663126938696435,-0.0009452013361276987,-0.00038693962214798427,2.9044694629112166e-05,0.0038101159876602624,0.016804762439441737,0.00039320033404685947,-0.0017868528902564552,0.000381114114821027,4.248304781585966
1781531081.0627458,0.06626843689466548,0.8410202905720475,0.3309196139024237,-0.2621434522545699,0.025597448663915223,-0.031263816415181916,0.06637285702894508,0.8403237676753947,0.3277340947845698,-0.2620321633589421,0.02580446006498449,-0.03140955879573647,-0.000924542395137591,-7.765260585488974e-05,-0.0013938116783427448,-0.0014725760212775222,-0.0008145029858812636,-0.0004274321715834292,7.654801738487983e-05,0.0033158442114326883,0.015089070089680095,1.0062249808919538e-05,-0.0020598200935956594,0.00021393474604050963,3.262449962867992
1781531081.0726948,0.06626606849191914,0.8410088834990067,0.3309321422812848,-0.26206716732547036,0.025600735035922417,-0.03121263264863712,0.06637285702894508,0.8403237676753947,0.3277340947845698,-0.2620321633589421,0.02580446006498449,-0.03140955879573647,-0.000879239837273988,-0.00015524192366147627,-0.0012253420730277999,-0.00049326431596151,-0.0008353422887881833,0.00016803737672198732,3.197664890416594e-05,0.002863172709823109,0.013750773514981432,-0.0005227454745712136,-0.001977192474635053,0.00018222775225994943,3.2723531708311957
1781531081.0826883,0.0662645394071427,0.8409991275134031,0.3309435217629161,-0.26200256032199554,0.02560419657740587,-0.03116993045146721,0.06637285702894508,0.8403237676753947,0.3277340947845698,-0.2620321633589421,0.02580446006498449,-0.03140955879573647,-0.000831731298589574,-0.00021556147211695061,-0.0010745728686276219,0.0002540045651815634,-0.0008280925939744818,0.0006095997667911466,-0.00013683637355217562,0.002606154569578484,0.013963433139351403,-0.0012861924382066635,-0.0018306584411219792,-0.0001260165625324359,3.2815034888484775
1781531081.0927458,0.06626370312916785,0.8409908171513559,0.3309538364975885,-0.2619484716956251,0.025607695267386044,-0.031134752008429675,0.06637285702894508,0.8403237676753947,0.3277340947845698,-0.2620321633589421,0.02580446006498449,-0.03140955879573647,-0.0007830538391511406,-0.0002612530034617918,-0.0009399234697766309,0.0008069563783803123,-0.0007999947792585978,0.0009237587551934002,-0.00021325419928125932,0.0020113421479167515,0.012388859024548496,-0.0018843344502704577,-0.0019614433870943212,0.0001776780365137143,3.2899249650667737
1781531081.1027477,0.0662634331174758,0.8409837707364506,0.3309631676571179,-0.2619037447181815,0.025611126538055196,-0.03110617374403389,0.06637285702894508,0.8403237676753947,0.3277340947845698,-0.2620321633589421,0.02580446006498449,-0.03140955879573647,-0.0007340547943506823,-0.00029462259729988704,-0.0008199207626464443,0.00119917685801375,-0.0007570449666805742,0.0011338598915036542,-0.00045574235376602806,0.0014726616248118601,0.010310378676300929,-0.0030307940173252973,-0.002373406077483079,0.0006711583128321794,3.297649048827156
1781531081.1127474,0.06626362051731151,0.8409778276447862,0.33097159291067835,-0.26186725643595543,0.02561441376614426,-0.031083323008755964,0.06636798572047181,0.8404493588778528,0.3283954701903816,-0.2620869032982397,0.02571220616279679,-0.031407490181243405,-0.000685418457105122,-0.0003176776438844724,-0.0007131965825491619,0.001460230397808365,-0.0007041424676600621,0.001260243405208029,-0.0003517287675450748,0.0020415803306325702,0.010134777268118756,-0.00019621415422266784,-0.001458657786114235,0.0002503503694817746,2.6318395854010306
1781531081.1226933,0.06626417209137295,0.8409728458954189,0.3309791860679157,-0.261837939938735,0.025617503383016826,-0.03106538919012021,0.06636798572047181,0.8404493588778528,0.3283954701903816,-0.2620869032982397,0.02571220616279679,-0.031407490181243405,-0.0006376895635236122,-0.00033216031800407356,-0.0006184843511850518,0.0016158590572049848,-0.0006452306628059191,0.001320441010356063,-0.0005511058028644354,0.0026178945554231284,0.010662223266357731,0.0012346947568171577,-0.0018104759337571113,0.0007721960638358142,2.638257694572058
1781531081.1326902,0.06625635683537114,0.8409615817571465,0.33094623267920825,-0.261850034297904,0.025637798050322402,-0.031084286033851286,0.06636798572047181,0.8404493588778528,0.3283954701903816,-0.2620869032982397,0.02571220616279679,-0.031407490181243405,-0.0006500787691861085,-0.00037742691569665033,-0.0007821175115504156,0.0013126001140264154,-0.0003074512286852442,0.0010344386946138156,-0.0006872885843579607,0.0024826197558004063,0.01077960518446156,0.0008386795202693835,-0.0007922311360847366,0.0005263365181351769,2.60407806343547
1781531081.1427152,0.0662500073217833,0.8409521080198544,0.33091840643771425,-0.2618614374762549,0.025654894672336503,-0.031101171271101763,0.06636798572047181,0.8404493588778528,0.3283954701903816,-0.2620869032982397,0.02571220616279679,-0.031407490181243405,-0.000651787332796889,-0.00040898334277956707,-0.0009035675965411382,0.0010494500131773843,-4.5949010578114546e-05,0.0007918301440243403,-0.0006235787055748448,0.0025516863774371033,0.010805701372159074,0.0021115485837137145,-0.0005548670645744713,0.0008970273673489398,2.575244242871997
1781531081.1527002,0.06624491268971076,0.8409441973585918,0.3308950543348983,-0.2618720106232355,0.025669127137532,-0.03111608704314843,0.06636798572047181,0.8404493588778528,0.3283954701903816,-0.2620869032982397,0.02571220616279679,-0.031407490181243405,-0.0006449001144812856,-0.00042913376100823055,-0.0009896153452375537,0.0008235549970202375,0.00015124330673993707,0.0005883762556665442,-0.0004969544699240119,0.0021297694890347026,0.009599397127197701,0.0011533247424153688,-0.00032992920903274306,0.0008670805535706398,2.551065069424927
1781531081.1627002,0.06624088836813492,0.8409376462677886,0.3308755938793518,-0.2618816724212061,0.025680824019524984,-0.031129118839231446,0.06634115791566436,0.8405622374159627,0.3288953212399311,-0.2620515768546949,0.025674113061214587,-0.03137448477895309,-0.0006311997012595428,-0.00043987241529252433,-0.0010461527364746803,0.00063175713014361,0.00029485274933864426,0.00041982896123815984,-0.000531409705433366,0.0018760166949076179,0.008734867245626098,0.0013208089765564203,-0.0015243943829536884,0.0018953123619205262,2.0180350627848718
1781531081.1727445,0.06623777312280144,0.8409322731209701,0.33085950685589627,-0.26189038688858945,0.025690300913977726,-0.0311403822882948,0.06634115791566436,0.8405622374159627,0.3288953212399311,-0.2620515768546949,0.025674113061214587,-0.03137448477895309,-0.0006122034362308857,-0.00044291948851107556,-0.0010782836188694151,0.00047075699291053213,0.0003943834123867535,0.000282049776870826,-0.0004111946954696343,0.00176314862125184,0.00864953969282806,0.0016978250140166063,-0.0009681370848318582,0.0016843605856302621,2.0014094964149916
1781531081.1827242,0.06622778499135813,0.8409390798856926,0.3308425223718687,-0.2618980988507346,0.025656167570672572,-0.03109181690098918,0.06634115791566436,0.8405622374159627,0.3288953212399311,-0.2620515768546949,0.025674113061214587,-0.03137448477895309,-0.0006314201159134514,-0.00039088349842994897,-0.0011311148867815895,0.0003217615350016653,-0.00014586534535280816,0.0006667228041562848,-0.00051605836860218,0.0012636444968969329,0.0077532816068076405,-5.677461275492744e-05,-0.0005759288667806556,0.0014667768934066591,1.9865688800484322
1781531081.192687,0.06621958085995525,0.8409450508456385,0.33082854092680397,-0.2619048981340708,0.02562742979964283,-0.031051595147308944,0.06634115791566436,0.8405622374159627,0.3288953212399311,-0.2620515768546949,0.025674113061214587,-0.03137448477895309,-0.0006388460164493523,-0.00034415751181256606,-0.0011591940361588015,0.00020131566354989096,-0.0005466618449282319,0.0009366959670346635,-0.00026102681067049734,0.0008711485191774614,0.0067630734876453396,-0.0005221827676370483,-0.00015833554997006724,0.0009311251526176328,1.9745038516366433
1781531081.2026916,0.0662129161194117,0.8409502652052456,0.33081713960775105,-0.26191082716788333,0.025603521308753763,-0.031018726008132644,0.06634115791566436,0.8405622374159627,0.3288953212399311,-0.2620515768546949,0.025674113061214587,-0.03137448477895309,-0.0006367125023393938,-0.0003022863191101515,-0.0011670470579752483,0.00010555824616627342,-0.0008320008150133036,0.0011133383273978412,-0.0002465539601864463,0.0007098940124916133,0.0064982942204781825,-0.0007106790891643081,0.0006758935735560375,0.00011751595445877334,1.9647893939178533
1781531081.2126904,0.06620757385547674,0.840954799728985,0.3308079486192668,-0.26191594162983944,0.025583885616964563,-0.03099226568023164,0.06631981246685514,0.8406235593289395,0.3292711370635808,-0.26204844137252986,0.025655482784452177,-0.03131500003000172,-0.0006269319805881748,-0.0002648429751498201,-0.0011585635818466508,3.092040540286737e-05,-0.0010230210267097007,0.0012152157630520328,-0.0007366376124974528,0.000398700279967836,0.005621939850855464,-0.000957602983793439,0.0003802219074031743,0.0007805537509509686,1.5761051570871019
1781531081.2227345,0.06621077535190736,0.8409352103541639,0.3308105962673244,-0.2618620486852535,0.025598447551837822,-0.03108543897426702,0.06631981246685514,0.8406235593289395,0.3292711370635808,-0.26204844137252986,0.025655482784452177,-0.03131500003000172,-0.0005701390455662691,-0.00032977048695366414,-0.0010634653213996666,0.0006417535065140689,-0.0004942739997600445,0.00014153410840686293,-0.00013529156407264228,0.0007088629436534324,0.005567382594003118,-0.00047459597109055483,-0.0003279197373855323,0.00036706522879373897,1.574468194010408
1781531081.2327404,0.06621383444578578,0.8409186993321011,0.3308134351125481,-0.26181731651966555,0.0256111039026925,-0.0311640486526331,0.06631981246685514,0.8406235593289395,0.3292711370635808,-0.26204844137252986,0.025655482784452177,-0.03131500003000172,-0.0005173229614695767,-0.0003777140233799921,-0.0009736478056307115,0.0010818617808559007,-8.457506597811927e-05,-0.0006668157142051976,-0.0005252469716613441,0.0007107507160838009,0.0052593458180616205,-0.0010810963376168001,-0.0006963998536565159,0.000854950640461375,1.5738558492646033
1781531081.2427146,0.06621673751328944,0.840904895289191,0.3308163956546623,-0.26178067245307146,0.025621985302898942,-0.031229594613078213,0.06631981246685514,0.8406235593289395,0.3292711370635808,-0.26204844137252986,0.025655482784452177,-0.03131500003000172,-0.0004683686199405028,-0.0004114157870635218,-0.0008892076090369866,0.001382005197509784,0.00022471132086813116,-0.001254234053135803,-0.0005305179510313048,0.0008412030713010386,0.005397633368829892,-0.00035271329034528855,-0.000736100173929966,0.0008598622699316314,1.5740389073636054
1781531081.252721,0.06621947635636587,0.8408934576599587,0.33081941974591045,-0.2617510914044914,0.0256312383695132,-0.03128355825870327,0.06631981246685514,0.8406235593289395,0.3292711370635808,-0.26204844137252986,0.025655482784452177,-0.03131500003000172,-0.0004231346828805229,-0.0004332576023794738,-0.0008101541229384414,0.0015690622711190183,0.00045029652652858987,-0.0016600362326574154,-0.0005131842492171179,0.0010254752789342612,0.005609098412097226,0.0007289658313722214,-0.0008164621029041676,0.0008417895270152611,1.5748306920291337
1781531081.2627666,0.06622204710442602,0.8408840764623168,0.3308224592000565,-0.2617276120147002,0.02563901766532206,-0.03132736658356626,0.06629288286704149,0.8406636358118409,0.3295454393554156,-0.2620634778815789,0.02564566614418662,-0.03128156949230959,-0.0003814605465565046,-0.00044530181157812404,-0.0007364266313431422,0.0016662675623738622,0.000606992803418678,-0.001918651334763898,-0.000485863894014712,0.0010939183784871736,0.004818403324600009,0.0006452650313648242,-0.0007949738490789694,0.000731790369528082,1.2978410801227642
1781531081.2727132,0.06622711961104712,0.8408748446419478,0.3308247316397154,-0.26174634190953383,0.02561274491040244,-0.03126481865921257,0.06629288286704149,0.8406636358118409,0.3295454393554156,-0.2620634778815789,0.02564566614418662,-0.03128156949230959,-0.0003194535157946956,-0.0005031132218060067,-0.0006840354146563213,0.0012625748436285882,8.695572304068949e-05,-0.001124040085860806,-0.0005019073075090532,0.0009901588920223409,0.004632841804507514,0.0007418515586974167,-0.000231704482837321,0.0002781867810639629,1.2982768288863165
1781531081.2827349,0.06621693909033972,0.8408838744236874,0.33081076529782555,-0.2617968312888659,0.02560512310704044,-0.03125160091669234,0.06629288286704149,0.8406636358118409,0.3295454393554156,-0.2620634778815789,0.02564566614418662,-0.03128156949230959,-0.0003631878091741992,-0.00042501198924702695,-0.0007309007129039681,0.0005698976799690733,-4.046777635850822e-05,-0.0008835240135819649,-0.00045678151379989647,0.0012000767496695135,0.005490415493021367,0.0020671160652963134,-0.0003841306141891896,0.0001771977903640141,1.2865932705806733
1781531081.2927012,0.06620841069317586,0.8408918810094514,0.3307991658527923,-0.2618398007765711,0.025598958935098226,-0.03123970904707668,0.06629288286704149,0.8406636358118409,0.3295454393554156,-0.2620634778815789,0.02564566614418662,-0.03128156949230959,-0.00039369456743079917,-0.00035692908312314977,-0.000759261661954242,3.529898444221981e-05,-0.00013483594785309552,-0.000679128642720062,-0.00039209622454656974,0.001021357981602845,0.005214677707395029,0.001764809075314229,-0.0007575142725186088,9.647154960756724e-05,1.277130200337589
1781531081.3027563,0.06620131718396646,0.8408989534501011,0.33078961404267393,-0.2618759596720854,0.02559405562772743,-0.031229136207324107,0.06629288286704149,0.8406636358118409,0.3295454393554156,-0.2620634778815789,0.02564566614418662,-0.03128156949230959,-0.00041319606401419104,-0.00029775130004435304,-0.0007724084542430449,-0.0003662235688387396,-0.0002018533232834118,-0.0005073922410223371,-0.00037842692662631226,0.0009257557051267875,0.0047639594808475075,0.001540405350606645,-0.00044614463915352697,-0.00020007237080855325,1.2695390177571464
1781531081.3127444,0.06619546578676631,0.8409051775814005,0.3307818277496309,-0.261906025852627,0.025590231234357885,-0.031219841144787847,0.06627172745018811,0.8407100321803838,0.3297724989805332,-0.26200445572441117,0.025636778770228075,-0.031277611823943716,-0.0004236157282271199,-0.0002464721532647713,-0.0007731751467385797,-0.0006570460025882465,-0.0002465428925698651,-0.0003648270612064497,-0.0004580596209474761,0.0006319243565965866,0.004007293148293427,0.000935494205332264,0.00024517338882613324,-0.0004739240701756765,1.0308453487182883
1781531081.3227725,0.06619068584545962,0.8409106351812458,0.33077555819855736,-0.2619307039731098,0.02558731989175267,-0.031211757957515462,0.06627172745018811,0.8407100321803838,0.3297724989805332,-0.26200445572441117,0.025636778770228075,-0.031277611823943716,-0.0004266127135121197,-0.00020218357850463126,-0.0007639937127223346,-0.0008569640540370827,-0.000273279468398583,-0.00024802133892109124,-0.0002981554282466206,0.000557538879675219,0.00388055454836442,0.0013035350722214768,0.0006349274202215466,-0.0007731629435677114,1.026127234077282
1781531081.332743,0.06618826271551756,0.8409064376930511,0.3307635911049592,-0.2620228563057344,0.025631104969082497,-0.03129955075593814,0.06627172745018811,0.8407100321803838,0.3297724989805332,-0.26200445572441117,0.025636778770228075,-0.031277611823943716,-0.00042296951917779254,-0.0001946198565309405,-0.0007713297923052259,-0.0017451861674275002,0.0004659989813768433,-0.0010225740959192537,-0.00018446255602132827,0.0003238049062947294,0.003620844076754033,-2.3807956584702886e-05,0.00025470307836847583,-0.0010104024007963023,1.0138072235089708
1781531081.3426921,0.06618638700604579,0.8409030265449109,0.3307538232607355,-0.2620987393169865,0.02566775547186695,-0.031372376868311846,0.06627172745018811,0.8407100321803838,0.3297724989805332,-0.26200445572441117,0.025636778770228075,-0.031277611823943716,-0.0004146854072984037,-0.00018608187240406573,-0.0007674454683855855,-0.0023629318498280837,0.0010071612484656206,-0.0015749262835190857,-0.00032223006378431947,0.00030775842493495174,0.0035157836085584135,0.0005693335627208931,0.0007008807399264332,-0.0007723669194937082,1.003756523794603
1781531081.3527334,0.06618497024952416,0.8409003010980242,0.33074595558545283,-0.26216035446357444,0.02569805844543871,-0.031431994854068446,0.06627172745018811,0.8407100321803838,0.3297724989805332,-0.26200445572441117,0.025636778770228075,-0.031277611823943716,-0.00040278065951980725,-0.00017686996170531615,-0.0007546029241019313,-0.0027611089605903932,0.0013850682754071423,-0.0019456725578077308,-0.00031673319446697787,0.00019605456752818827,0.0031114160476194367,-0.0004754127544184599,0.00047718852376388933,-0.0005779891054409172,0.9956640168996735
1781531081.3626916,0.0661839370703201,0.8408981679801792,0.33073972021881487,-0.2622095920750811,0.025722777012914477,-0.031480084032828926,0.06625623207992493,0.8407314394362522,0.32996291499617586,-0.26198774708432926,0.025653461374030906,-0.03131384641482124,-0.00038812020768841463,-0.00016723376510979497,-0.0007347316890918001,-0.0029838713170997405,0.0016303090306870873,-0.0021701999616161017,-0.00026703582766944984,0.0002201306732527944,0.0025968802833496265,-0.0011615025657127661,-0.0003772156387318122,-3.3646397821396975e-05,0.7977789980270519
1781531081.3727055,0.06618322326859313,0.8408965416111596,0.3307348784849087,-0.26224820745057237,0.025742635539000913,-0.031518218363624825,0.06625623207992493,0.8407314394362522,0.32996291499617586,-0.26198774708432926,0.025653461374030906,-0.03131384641482124,-0.0003714333134376773,-0.00015737906358256697,-0.0007094697985935008,-0.0030691035274210787,0.001769434307108229,-0.0022790250608291235,-0.00031212106207630195,0.0004052698022627687,0.0028743439406313143,-0.0008298793163417957,-3.809740793335849e-05,-3.501807422845243e-05,0.7927904153228504
1781531081.3827128,0.06618277418140955,0.8408953444171183,0.33073121878655215,-0.26227780664381084,0.025758309574911875,-0.03154784975572261,0.06625623207992493,0.8407314394362522,0.32996291499617586,-0.26198774708432926,0.025653461374030906,-0.03131384641482124,-0.00035333108551112034,-0.00014747382123706,-0.0006802005283976758,-0.0030489558707112157,0.0018252424418099581,-0.002298179854891912,-0.0004916659046046985,0.0007087025855303388,0.003609705177101899,-0.00022765286747058997,-0.00044652186830183084,0.0003511096610541448,0.7890194040158993
1781531081.392744,0.06618441246036108,0.8408881260696923,0.3307413496187667,-0.26223000544461594,0.025781071845314862,-0.031540978111484166,0.06625623207992493,0.8407314394362522,0.32996291499617586,-0.26198774708432926,0.025653461374030906,-0.03131384641482124,-0.00032271925133569093,-0.0001802868992655573,-0.0005643443565324644,-0.002196278353510785,0.00184675133179473,-0.0019104248019855116,-0.0002587374946830842,0.000550649399970242,0.0031916510166863244,-0.0014665835514880608,0.00047315683701887855,-0.0006423602052362155,0.79728866823835
1781531081.402702,0.06618595563991161,0.8408821289769101,0.3307504539161556,-0.2621877295396201,0.025799033271184824,-0.03153306235532363,0.06625623207992493,0.8407314394362522,0.32996291499617586,-0.26198774708432926,0.025653461374030906,-0.03131384641482124,-0.0002940557121169919,-0.00020434393928620936,-0.0004641873161918291,-0.0014972807277429641,0.0018123195096956199,-0.0015675934854947283,-0.0007346021333766543,0.0004117714130917035,0.002900376501944972,-0.0017425421168958462,0.0007426002987919842,-0.00040958271447112064,0.8048997864128666
1781531081.412735,0.06618740362832558,0.8408771848780658,0.3307586173404318,-0.262150750690537,0.02581290576186146,-0.031524581254177855,0.06625623207992493,0.8407314394362522,0.32996291499617586,-0.26198774708432926,0.025653461374030906,-0.03131384641482124,-0.0002673194079287038,-0.00022106703994807122,-0.0003779022085543133,-0.0009325629905057072,0.0017369149720565119,-0.0012678077517922835,-0.0004483269492715718,0.00028273400638428024,0.002699995618315277,-0.001678514478059318,0.0006861480899118548,-0.0008961208585412137,0.8118628641670135
1781531081.4227142,0.06618875789718719,0.8408731449688667,0.3307659196235407,-0.2621187529198142,0.025823334709312862,-0.0315159089427649,0.06623548186343609,0.8407545781079668,0.3301044739036148,-0.26204324877116614,0.025664209998430332,-0.03132865165780124,-0.00024246901240269412,-0.00023169075232504395,-0.000303846435989223,-0.00048391394930535214,0.0016328744490473283,-0.0010084817071162957,-0.0004117008552120074,0.0003095937820638461,0.00245771722404323,-0.0019067034068905085,0.0009342178816027889,-0.0012495513501618483,0.673610918805459
1781531081.4326994,0.06618649594589295,0.8408740788790118,0.33074771180707885,-0.2621339615681532,0.02585309788017698,-0.03152297946048031,0.06623548186343609,0.8407545781079668,0.3301044739036148,-0.26204324877116614,0.025664209998430332,-0.03132865165780124,-0.0002455096452693352,-0.00021005030099670923,-0.00038915954925370803,-0.0005952606717232004,0.0017883681254055545,-0.0008887138444980459,-0.0004173983281126957,6.402702910484134e-05,0.002101684611932447,-0.0025987087023238015,0.0009628774974924456,-0.0013274024813397876,0.6560754947799065
1781531081.4427464,0.06618464726021647,0.8408750598171693,0.33073242434004235,-0.26214617636642507,0.025876756415683433,-0.03152771258776961,0.06623548186343609,0.8407545781079668,0.3301044739036148,-0.26204324877116614,0.025664209998430332,-0.03132865165780124,-0.00024483972721266227,-0.0001900163770698557,-0.0004527155795090465,-0.0006623964069260499,0.0018559211153658063,-0.0007746497276277469,-0.0004273967182130582,0.00029964526461791506,0.002449948002080861,-0.00190152776552629,0.0009978713717650758,-0.001174552920754587,0.6414216629849528
1781531081.452692,0.06618315355334117,0.8408760623109822,0.33071967635744703,-0.2621558135173675,0.025895193409015027,-0.03153056471922691,0.06623548186343609,0.8407545781079668,0.3301044739036148,-0.26204324877116614,0.025664209998430332,-0.03132865165780124,-0.00024119956703574937,-0.0001715259803677544,-0.0004980002882116045,-0.0006945683301964506,0.0018557341828040871,-0.000667981379567843,-0.0006084708004740307,7.60865297660984e-05,0.0017800785696116045,-0.002182671727538668,0.002084203666981896,-0.0013479805717119275,0.6292620462262692
1781531081.4627266,0.06618196414701552,0.8408770657608807,0.3307091280545839,-0.2621632554597223,0.025909213442605328,-0.03153192933581468,0.06623548186343609,0.8407545781079668,0.3301044739036148,-0.26204324877116614,0.025664209998430332,-0.03132865165780124,-0.00023522110075382475,-0.0001545089779827088,-0.0005280434672708419,-0.0006996621740874819,0.0018047972609964889,-0.0005697741585439503,-0.00023196887349331212,0.00033518624258605114,0.0021288170721665577,-0.0004814290151849551,0.0022097040331995996,-0.0014448619425804147,0.6192527863251
1781531081.4727416,0.0661810349491931,0.8408780538094159,0.3307004773787092,-0.26216884885557656,0.02591954025468368,-0.031532142001275215,0.06621040824653485,0.8407680460116028,0.33022387332061665,-0.26215200420704976,0.025735313983197727,-0.03139844439985387,-0.00022744125834660826,-0.00013889039969724678,-0.0005454704779457671,-0.000684327713493016,0.0017172294660394642,-0.0004805947160302759,-0.00010678678724411301,0.00045091265411207335,0.0020261961433399958,-7.323135619728969e-05,0.0029565234684599128,-0.0017523301736819313,0.4900162592881297
1781531081.482686,0.06618618998048767,0.8408792283173391,0.3306933568401177,-0.2620459854913029,0.02589145261119863,-0.03148575073728736,0.06621040824653485,0.8407680460116028,0.33022387332061665,-0.26215200420704976,0.025735313983197727,-0.03139844439985387,-0.0001744878513565987,-0.00012347240760393155,-0.0005716798182783142,0.0007187364893182255,0.001102948970418122,-1.857823321597333e-05,-0.00040257688898826536,0.00027531546339614566,0.0017243565217058962,-0.0005031710610632702,0.0027594229967582064,-0.0011031133004171245,0.4830763962379569
1781531081.492743,0.06619466225526913,0.8408807634582708,0.3307004557259773,-0.2619324078551617,0.02586349884749617,-0.031392945326530294,0.06621040824653485,0.8407680460116028,0.33022387332061665,-0.26215200420704976,0.025735313983197727,-0.03139844439985387,-0.00010251136853991786,-0.00012612164244761532,-0.0005044510115729632,0.001854208316939134,0.00042595118083628013,0.000882678715075618,-0.00017829168990297363,0.00030243016611559086,0.0017788607988149477,-0.00024236942463435853,0.0021892443066284842,-0.0008471099110037793,0.489983620260531
1781531081.5027435,0.06620199505818099,0.8408820926250553,0.3307068100893584,-0.2618386018826505,0.025839392648545623,-0.03131557172259079,0.06621040824653485,0.8407680460116028,0.33022387332061665,-0.26215200420704976,0.025735313983197727,-0.03139844439985387,-4.3431657396749875e-05,-0.00012665028778489212,-0.00044408962395415884,0.0026542204364936425,-9.29572402509789e-05,0.0015338051727914585,-0.0004341633091278893,0.00018140932967800682,0.0015495592715911043,-0.0003185735477851547,0.0016524574063119136,-3.2669370015454706e-05,0.4962915820170763
1781531081.512744,0.0662083246541521,0.8408832276165621,0.33071247536331244,-0.26176217741936103,0.025818830876475962,-0.031251878229646216,0.06621040824653485,0.8407680460116028,0.33022387332061665,-0.26215200420704976,0.025735313983197727,-0.03139844439985387,4.546271765024791e-06,-0.00012546988232582342,-0.0003900060560753167,0.003180986380927182,-0.0004792113482388569,0.001979692595754758,3.902686135595865e-05,4.980077875858857e-05,0.0011223036449616451,-0.0005770972345294895,0.001372714327696949,-0.0004062104522308536,0.5019991031911462
1781531081.522743,0.06621377192125844,0.8408841841198348,0.3307175076997145,-0.2617008679124372,0.025801488980802922,-0.031200177958225758,0.06619148341888914,0.8407835081767987,0.3303180009887532,-0.2621622651513542,0.025832726969021724,-0.03142725483383327,4.300405932937731e-05,-0.00012293245370679148,-0.00034164744705973384,0.003488599904689475,-0.0007554997214301388,0.0022595949927429757,-0.0003401855724476491,0.000292103428045816,0.0016823897519785197,0.0003180775739581083,0.00036423815035288706,0.0005841773590550384,0.4125991213601581
1781531081.5327427,0.06621746047864618,0.8408867868193476,0.3307333601900698,-0.26175073801735294,0.025836140029336097,-0.031213711492399487,0.06619148341888914,0.8407835081767987,0.3303180009887532,-0.2621622651513542,0.025832726969021724,-0.03142725483383327,5.8938516395625415e-05,-9.98595027420622e-05,-0.0002025174766711338,0.002566969671027357,-0.00026961398959658364,0.0019681229930468176,-7.785479799688701e-05,0.00040952137964091694,0.0015662116469041469,0.0007287359169671921,4.445157429752273e-05,0.0004820906434001179,0.42879430005394664
1781531081.542724,0.06622118610560432,0.8408923455419406,0.33074244945289893,-0.2617352042324092,0.025836557856560027,-0.0312059022477736,0.06619148341888914,0.8407835081767987,0.3303180009887532,-0.2621622651513542,0.025832726969021724,-0.03142725483383327,7.928219850208386e-05,-5.860576529360861e-05,-0.00013152777749479282,0.0024541201584361697,-0.00025776032333130856,0.001836765189186592,-0.00017803979375541075,0.0005508220720172074,0.0014616647737822066,0.0010933772714081457,0.0004988710214664082,0.0006276250797615035,0.43918597469046017
1781531081.552747,0.06622434273770265,0.8408970917357826,0.3307503176515455,-0.2617244359681843,0.025836702257306943,-0.03120102512667297,0.06619148341888914,0.8407835081767987,0.3303180009887532,-0.2621622651513542,0.025832726969021724,-0.03142725483383327,9.460897436443626e-05,-2.474577787671195e-05,-7.287256240154892e-05,0.002302389845444724,-0.00024182360203827685,0.0016880659745148769,-8.982429206052174e-05,0.0004849090314176512,0.0010465564615102687,0.0010299356892387488,-0.0009472810820154503,0.0014703024515389485,0.4481948868876419
1781531081.5627015,0.06622700246732545,0.840901128575759,0.33075710571631695,-0.2617175331047087,0.025836637897102444,-0.0311984784528076,0.06619148341888914,0.8407835081767987,0.3303180009887532,-0.2621622651513542,0.025832726969021724,-0.03142725483383327,0.00010571410677287492,2.749665097418753e-06,-2.4862361112211897e-05,0.002125680751202761,-0.00022326370950960972,0.0015304437317353876,-8.138929088246856e-05,0.0003892491351112367,0.00087453447688946,0.0012380864392476745,-0.000820729292005787,0.0015156969084207195,0.4559705284579828
1781531081.5726895,0.06622922944364874,0.8409045478133964,0.33076294054320493,-0.26171371540487914,0.025836418914302994,-0.031197747616830876,0.06618332725217474,0.8408051614304382,0.3303860211400923,-0.26211375025204176,0.025829527930877783,-0.031380717438945965,0.00011328950385364086,2.4787427484495263e-05,1.3993970888940864e-05,0.0019350929215045795,-0.00020324631759609322,0.0013704503170103928,0.00010680206638638773,0.00037138734185564333,0.0011400086760579688,0.001598456014991022,-0.001571851196926941,0.001758639248744025,0.3924957334066478
1781531081.582728,0.06622204564321268,0.8408942796059149,0.3307436579246356,-0.26186684159809825,0.025926991913121977,-0.031288310113599865,0.06618332725217474,0.8408051614304382,0.3303860211400923,-0.26211375025204176,0.025829527930877783,-0.031380717438945965,4.532847929351759e-05,-2.8474859702322073e-05,-6.985485976737532e-05,7.725749407983614e-05,0.0010291744158077982,0.0005220677098437463,-0.00023191863579662874,0.00041540247298525957,0.0008965055405090998,0.0013470428755611972,-0.0005656741837276393,0.0016932924197782466,0.37060117736368764
1781531081.592723,0.06621579913472993,0.840885511828335,0.33072732354230966,-0.26199571722457293,0.026002124296533147,-0.03136471128632587,0.06618332725217474,0.8408051614304382,0.3303860211400923,-0.26211375025204176,0.025829527930877783,-0.031380717438945965,-9.803164497761774e-06,-7.087158851187754e-05,-0.00013628131788526383,-0.001316864666468511,0.0019244175661611977,-0.00012789454736806768,-0.00022573710594138161,0.0005748635183923586,0.0014200844246913906,0.0019451478375140635,-0.000883869580682271,0.0019577268278522767,0.3521334113062912
1781531081.602687,0.06621037701038197,0.84087806925781,0.33071358323902894,-0.2621028937996978,0.02606363300150627,-0.03142840808280782,0.06618332725217474,0.8408051614304382,0.3303860211400923,-0.26211375025204176,0.025829527930877783,-0.031380717438945965,-5.393715193873522e-05,-0.00010400852916688999,-0.00018787987240461294,-0.002325382690549917,0.0025425188845229984,-0.0006113940359155901,-0.00017049019625538423,0.0005082388513769145,0.0012208242179420849,0.0019608202102346203,-0.00026590486790277023,0.0017316154109150862,0.33666625814138584
1781531081.6127434,0.06620568074793608,0.8408717916848462,0.3307021125304539,-0.26219087731469576,0.026113251909933632,-0.03148084044334165,0.06618332725217474,0.8408051614304382,0.3303860211400923,-0.26211375025204176,0.025829527930877783,-0.031380717438945965,-8.868329368803599e-05,-0.00012929208180911418,-0.0002269211779298131,-0.003017375788242695,0.002936047469717322,-0.0009569325037690603,-6.06368677990795e-05,0.00041333646066580817,0.0006599862976619377,0.0010628341098651724,0.00015698943119092507,0.0012060911444480476,0.32381018612136625
1781531081.622729,0.0662016241057662,0.8408665334845541,0.33069261634020686,-0.26226207102494226,0.02615260525084806,-0.031523396071817505,0.06617779460228906,0.8408290241445476,0.3304373426205952,-0.2620363800308917,0.025802487194283463,-0.03129336195252844,-0.00011545285606007598,-0.00014795077711446446,-0.00025538716811085134,-0.003453266555396096,0.0031505388950114925,-0.0011896420692659349,-0.00037825129884257907,0.0005408691392940011,0.0011150783136176987,0.0013560326546612897,0.000808642125936283,0.0013150495546715762,0.2591128475163929
1781531081.6327188,0.06620392391317478,0.840868291315525,0.3306991983383052,-0.2623099907985096,0.026173985120552024,-0.0315134760758015,0.06617779460228906,0.8408290241445476,0.3304373426205952,-0.2620363800308917,0.025802487194283463,-0.03129336195252844,-9.59434463206004e-05,-0.0001376236827500326,-0.00018658798896910693,-0.0036023306837164914,0.003003726629379576,-0.0008946964747665871,-0.00041112494744315487,0.00032062486551290525,0.0012746259836823946,0.0007241637576178277,0.0019815063042421237,0.0004372324129021848,0.26606966851059144
1781531081.642738,0.06620588563002898,0.8408698682234386,0.33070514209624235,-0.26234694957524096,0.02618951531850744,-0.03150362395091873,0.06617779460228906,0.8408290241445476,0.3304373426205952,-0.2620363800308917,0.025802487194283463,-0.03129336195252844,-7.906611507761385e-05,-0.00012758953685155768,-0.00012899359576378983,-0.003615416597967399,0.0028115005161487316,-0.0006492171247398908,-0.00027309568146743673,0.0003067792141242109,0.0014355897268654343,0.0004406435596641707,0.0025873707046135015,-0.0001367494930496299,0.2723488641004763
1781531081.6527436,0.06620755337756196,0.8408712722453273,0.33071049281607995,-0.2623746839450447,0.02620023752655909,-0.03149409198954356,0.06617779460228906,0.8408290241445476,0.3304373426205952,-0.2620363800308917,0.025802487194283463,-0.03129336195252844,-6.451559871046948e-05,-0.00011791770493359175,-8.112388332931927e-05,-0.0035262597433322693,0.0025905102234134525,-0.00044751967508269695,-0.0003889239213135522,0.00021350636382654146,0.0016244884402029616,1.8070486001947879e-06,0.0027912908348618768,-0.0003407097429248726,0.2779955323716268
1781531081.6627705,0.066208966546971,0.840872514038629,0.33071529314111353,-0.26239474759293874,0.026207063813066256,-0.03148506059120798,0.06617779460228906,0.8408290241445476,0.3304373426205952,-0.2620363800308917,0.025802487194283463,-0.03129336195252844,-5.2017356673020885e-05,-0.00010865928088278511,-4.166744139639361e-05,-0.0033629357854320445,0.002354017854963543,-0.00028414683961929205,-0.00014072830689358087,0.00017626154619721095,0.0019122055410237453,-0.000428739325050058,0.0030858776535446658,-0.0008877728565699664,0.28305397520413694
1781531081.6727147,0.06621016010217472,0.8408736058798527,0.33071958358920733,-0.2624085146222403,0.026210784181059266,-0.031476651312515924,0.0661624766236184,0.8408412250775907,0.33050505817019193,-0.26202741282394676,0.02589597629628093,-0.03128048834401731,-4.132499078597581e-05,-9.98500432021548e-05,-9.464900328977688e-06,-0.00314851115697313,0.0021123843782695157,-0.0001539607821345873,-0.0003108944452508155,-0.00013250858881144628,0.0009142552936497807,-0.0024593647890408413,0.002533845320347973,-0.0004893453603219538,0.22213371172807622
1781531081.6827111,0.06621116490852491,0.8408745608820698,0.3307234028289252,-0.2624171869633856,0.02621207555948213,-0.03146893826477383,0.0661624766236184,0.8408412250775907,0.33050505817019193,-0.26202741282394676,0.02589597629628093,-0.03128048834401731,-3.2217816921713774e-05,-9.151302226603773e-05,1.6506364979893267e-05,-0.002901667617850305,0.0018735134827817343,-5.220361281740217e-05,-0.0004429045576074373,-0.0003135132470225701,0.0008221102886786966,-0.002517155813793093,0.0025960136515818283,-0.00025513906655768833,0.2261773970686554
1781531081.6927526,0.06621568293557002,0.8408716025488374,0.33072792955291697,-0.26231567492827557,0.026262189688220472,-0.031486132886670126,0.0661624766236184,0.8408412250775907,0.33050505817019193,-0.26202741282394676,0.02589597629628093,-0.03128048834401731,-7.691857441109059e-06,-8.355788175943958e-05,6.023359622746015e-05,-0.0014719887576689979,0.0022464774673940143,-8.581490846633328e-05,-0.0003043544004313437,-8.985434179268984e-05,0.0010351838578662224,-0.002915831858473089,0.0022710938986465344,-0.0002181401901730495,0.23113925592292447
1781531081.7026916,0.0662195029865588,0.8408691747312811,0.3307319478902449,-0.26222892802994724,0.026302369564822792,-0.031499978464173004,0.0661624766236184,0.8408412250775907,0.33050505817019193,-0.26202741282394676,0.02589597629628093,-0.03128048834401731,1.2094388013154572e-05,-7.611294533234622e-05,9.457342268274374e-05,-0.0003604863730112041,0.0024644351673446937,-0.00010863563546951209,-0.00036853202375254033,-0.00043509079024871224,0.0002168280622461372,-0.003912702500171549,0.0024044947944303844,-0.00012021551180699518,0.23561013194965935
1781531081.712761,0.06622271333626013,0.8408672155646438,0.3307355080339387,-0.26215561849319824,0.02633400580892764,-0.03151093693130129,0.0661624766236184,0.8408412250775907,0.33050505817019193,-0.26202741282394676,0.02589597629628093,-0.03128048834401731,2.7825006476269684e-05,-6.91719219463692e-05,0.00012094217213024817,0.0004821922776065393,0.0025602856565395335,-0.0001227502223895034,-0.0005069428611825092,-0.0003393662403017696,0.0005953745505374525,-0.0029982707034318734,0.0015572235348797476,0.0006299797710378396,0.23960614906141411
1781531081.722722,0.06622539359388367,0.8408656656032866,0.33073865370099936,-0.26209438368922466,0.02635837432077137,-0.03151943314406899,0.0661455480634206,0.8408269029604141,0.3305360855516958,-0.2621758878755986,0.026006738712381017,-0.03129212880343128,4.010055356600213e-05,-6.272337623511763e-05,0.00014057783612981878,0.0011003839798709937,0.0025620215438597453,-0.00012995788595894349,-0.00036327910019192826,-0.00014739609384623576,0.0005657368099014108,-0.0022373451150257627,0.0014967201272454704,0.0006480481513899836,0.22115991121735734
1781531081.732742,0.06622761514749806,0.8408644688368024,0.3307414234949634,-0.26204387216293124,0.026376630104114174,-0.03152585259785956,0.0661455480634206,0.8408269029604141,0.3305360855516958,-0.2621758878755986,0.026006738712381017,-0.03129212880343128,4.9446918471355036e-05,-5.675188800109607e-05,0.00015455955609799442,0.0015334536116879947,0.002493192945612678,-0.00013179511594079145,-0.0001861138840095574,7.826519071615719e-05,0.0008417516737188274,-0.0008238274125523949,0.0018020172326961383,0.00043313128103932735,0.2242986230523318
1781531081.7427406,0.06623229099800944,0.8408699284452096,0.3307289977444237,-0.26203019629599467,0.026416356960976772,-0.03145587598668688,0.0661455480634206,0.8408269029604141,0.3305360855516958,-0.2621758878755986,0.026006738712381017,-0.03129212880343128,7.29691240233852e-05,-4.3250205893526953e-05,7.974434112857629e-05,0.0014950828824181397,0.0024421358721270128,0.0007325451539586553,-0.00017824870025984592,0.00020614923925211178,0.0007476778261888369,-0.00039846061176616795,0.001490799073456261,0.0006115605806763034,0.21584865796680738
1781531081.7527502,0.0662362070238449,0.8408745973177322,0.3307184666414466,-0.2620200679670449,0.02644743095434876,-0.03139708816130202,0.0661455480634206,0.8408269029604141,0.3305360855516958,-0.2621758878755986,0.026006738712381017,-0.03129212880343128,9.092752623619376e-05,-3.186339396029977e-05,1.86742533802513e-05,0.0014254004562276928,0.0023370375722135597,0.0013601141760382135,-0.00015945433195394015,0.0003768745220491628,0.0006628428850824639,0.00010834403573006666,0.002085408319856287,0.00020226007483705786,0.2091809282030793
1781531081.7627306,0.06623946467784474,0.8408785552075505,0.33070958981668075,-0.2620128753257396,0.02647117119839426,-0.03134829303817668,0.0661455480634206,0.8408269029604141,0.3305360855516958,-0.2621758878755986,0.026006738712381017,-0.03129212880343128,0.00010419190531201404,-2.2318625493112534e-05,-3.058779523670878e-05,0.0013341666534435472,0.0021943236010372163,0.0017931002751242519,-0.0001615200837914199,0.00032194694481901695,0.0005317317391776113,0.0005145234813821101,0.0020288366834996983,0.00012986735542011167,0.20394120492708118
1781531081.7727423,0.06624215414763546,0.8408818799383507,0.3307021511516244,-0.2620080794678465,0.026488766764259486,-0.03130832085405211,0.06613346511148704,0.8408336052224297,0.33057030291672795,-0.2622088819571978,0.026100733092586426,-0.031272016130932515,0.00011351997548509246,-1.4373541974158679e-05,-6.974646688013725e-05,0.0012292839650125044,0.0020273310244173512,0.0020684399932984253,2.6604783922871405e-05,0.0001006490569107016,0.0005184339250755715,0.00047913976262794046,0.0023969533447358348,-0.00027180363478656813,0.17756044554301217
1781531081.782718,0.0662496431192482,0.8408786932087681,0.3307054093700091,-0.2619601607881822,0.026542103967457376,-0.031300912950562476,0.06613346511148704,0.8408336052224297,0.33057030291672795,-0.2622088819571978,0.026100733092586426,-0.031272016130932515,0.00014779032326586272,-2.9906161845932064e-05,-2.5368573829071166e-05,0.0016158531407192281,0.0023476902047326973,0.0020715251014392882,-0.00037265374793518554,0.0002217213262459226,0.0006222206348544683,0.0010818253541128972,0.0028687379794315915,0.00037084360104948773,0.18380427012888054
1781531081.7927456,0.06625592310665573,0.8408759434034958,0.3307084151603827,-0.2619213749180355,0.026584390575528527,-0.03129595968296317,0.06613346511148704,0.8408336052224297,0.33057030291672795,-0.2622088819571978,0.026100733092586426,-0.031272016130932515,0.00017342898493360307,-4.199639063060002e-05,1.05782528659186e-05,0.0018612684656897842,0.0025234588111763823,0.002017134842111252,-0.00019529863205841263,0.00036293343516717244,0.0008750511629719424,0.0013194353764861477,0.002979567694633661,0.00042312698381085354,0.1893765402685024
1781531081.802737,0.06626115222582772,0.8408735844987673,0.3307111816073893,-0.2618904938353418,0.026617240023464772,-0.031292981801519223,0.06613346511148704,0.8408336052224297,0.33057030291672795,-0.2622088819571978,0.026100733092586426,-0.031272016130932515,0.00019181349285291713,-5.116996479539891e-05,3.93013630496821e-05,0.0019942036957554623,0.0025860800872530994,0.001921168683070889,6.51952658836869e-05,0.00039247596596620344,0.0009330216215042933,0.0015917601739717133,0.002110329384354352,0.000759144303326706,0.19429139761602665
1781531081.8127363,0.06626547172508503,0.8408715736816015,0.33071371936174726,-0.2618663809800432,0.0266421194679074,-0.03129156597027201,0.06613346511148704,0.8408336052224297,0.33057030291672795,-0.2622088819571978,0.026100733092586426,-0.031272016130932515,0.00020414161051645444,-5.7885888436913765e-05,6.186151658635638e-05,0.002039222144953747,0.002562210352179189,0.0017966776936874187,7.4980096782060465e-06,0.00021106482851889944,0.0003988898518221575,0.0008516463728512866,0.001970189331317141,0.0011913650747594567,0.19858405431319043
1781531081.8227441,0.06626900726512472,0.8408698713669821,0.3307160377500699,-0.26184799945202863,0.026660346319618,-0.03129135959558481,0.06612995848454861,0.8408480591337599,0.33060472747013936,-0.26216813982772813,0.026217903775979323,-0.031246088879269066,0.00021145161091317978,-6.254377864856013e-05,7.918835393446278e-05,0.0020171349089829335,0.0024741896359486383,0.0016542214686381023,0.0004001257653058972,0.00017171296179959263,0.0003785615092658625,0.0008160656736660648,0.002394182572301005,0.0007058877584402597,0.1794444630409617
1781531081.8326936,0.06626631468314144,0.8408589330051641,0.33071697505080916,-0.2616680734254552,0.0266605470753023,-0.03131491916683472,0.06612995848454861,0.8408480591337599,0.33060472747013936,-0.26216813982772813,0.026217903775979323,-0.031246088879269066,0.00018055949408515498,-9.448669245346161e-05,7.349958873035553e-05,0.003768015281350917,0.0022735102030212863,0.0012258689114221124,0.0001343795188416511,0.0002787710218136672,0.0008156261046056027,0.0010139924675338927,0.0021168092384300278,0.0013584681621645403,0.17694850476967755
1781531081.842738,0.0662638626097325,0.8408497346182938,0.33071784017580663,-0.2615202147598004,0.026658411930644776,-0.031335280659308296,0.06612995848454861,0.8408480591337599,0.33060472747013936,-0.26216813982772813,0.026217903775979323,-0.031246088879269066,0.00015347225994692213,-0.00011893236373650716,6.800148633511998e-05,0.004976752448902725,0.0020609016543759666,0.000871381241463628,-7.70481285849235e-05,0.00017052862484639468,0.0003518182517072937,0.0006922677092980693,0.0033030015234178788,0.0013476346117603205,0.17529291535328811
1781531081.8526986,0.06626163760625256,0.8408420672239445,0.3307186244664464,-0.2614004304056163,0.026654584596211617,-0.031352689448401846,0.06612995848454861,0.8408480591337599,0.33060472747013936,-0.26216813982772813,0.026217903775979323,-0.031246088879269066,0.0001297827062405684,-0.0001370496985285336,6.272610946396972e-05,0.005746192977609385,0.0018451782318194064,0.0005819368720356729,0.00020472257863006648,0.00012843309769889033,0.0005946982721827037,0.0009671613248765812,0.0029452605446355787,0.0011412057893277407,0.17420625661475275
1781531081.8626883,0.06625962582035934,0.8408357375032658,0.330719323680825,-0.2613049600324082,0.026649593773461433,-0.03136740991489757,0.06612995848454861,0.8408480591337599,0.33060472747013936,-0.26216813982772813,0.026217903775979323,-0.031246088879269066,0.0001091208898648275,-0.00014985724965812687,5.7696375045397134e-05,0.006165421235794331,0.0016330285247304227,0.0003491467895606179,9.714665982163137e-05,0.00023809010106162648,0.00043397701848609286,0.0010840420845110792,0.002179672097428787,0.0014414310741164217,0.17348697950508418
1781531081.8727028,0.06625781321491599,0.8408305683880309,0.3307199370345598,-0.2612303206095329,0.02664386752194181,-0.031379713532133424,0.06613537863147045,0.8408580308384641,0.3306281498803155,-0.26212937781292733,0.02634101006802214,-0.031179124519519402,9.115146592379736e-05,-0.00015823996434064034,5.2927567634969603e-05,0.006310771514777913,0.001429365580209431,0.0001651754438052982,0.00018179033724354698,0.00042097907678452886,0.00039901139312983105,0.0014831808840948522,0.002152946471890238,0.0011084548141403142,0.15546477122339045
1781531081.8827558,0.06625653266569936,0.8408291086022416,0.3307168474302106,-0.2611513445708147,0.026629596550680645,-0.03135828847772451,0.06613537863147045,0.8408580308384641,0.3306281498803155,-0.26212937781292733,0.02634101006802214,-0.031179124519519402,7.971630486282061e-05,-0.00015483737932546775,2.119038855152188e-05,0.0064778607125799016,0.0010627810188987572,0.0003328092968509172,0.0001582546504382667,0.0005097706289742033,0.0009166760752123876,0.002857298973900625,0.0018672770768572522,0.0008115660020320748,0.15291190638876154
1781531081.8927062,0.06625764081810341,0.8408354530673475,0.33071307904899644,-0.2611055247309492,0.026577418148559184,-0.03130612365998957,0.06613537863147045,0.8408580308384641,0.3306281498803155,-0.26212937781292733,0.02634101006802214,-0.031179124519519402,8.991973927378954e-05,-0.00011828739448187947,-2.6384044854872614e-05,0.006256016846014813,0.0002496697083680307,0.0006994234620279339,0.0002098898551143736,0.0005696559456324481,0.0007450705476959191,0.003639258405755272,0.0015205317104360736,0.0004627030069237329,0.15056812983395915
1781531081.9027507,0.06625856064773102,0.84084101534518,0.33070979313992216,-0.261072747998032,0.02653314618914626,-0.0312628106882034,0.06613537863147045,0.8408580308384641,0.3306281498803155,-0.26212937781292733,0.02634101006802214,-0.031179124519519402,9.697140808385794e-05,-8.744722653149375e-05,-6.42412101012135e-05,0.005918550061160618,-0.0003663919808210579,0.0009549887432395909,0.0001802496643164264,0.0008219655347111481,0.0012287962863610185,0.005385701120764904,0.0022191328596238894,-2.3095973239127928e-06,0.1487580518187716
1781531081.9127445,0.0662593227980297,0.8408458645167535,0.33070692364531357,-0.26105064072550754,0.026496010452526475,-0.031227315414395412,0.06613537863147045,0.8408580308384641,0.3306281498803155,-0.26212937781292733,0.02634101006802214,-0.031179124519519402,0.00010140357228266602,-6.158152253088232e-05,-9.381792463029754e-05,0.0055036889512810145,-0.0008179500850948275,0.001120348617862774,0.00022501633382519107,0.0008522951174959924,0.0010417624955017676,0.005996381087841242,0.0019187328514469967,-5.376922526208606e-06,0.14736173811406367
1781531081.9226942,0.06625995232776417,0.8408500680724965,0.33070441628697544,-0.261037132472886,0.026465238372669786,-0.031198649090926803,0.06614389565482853,0.8408874905728949,0.3306686049594134,-0.2619453903026361,0.02645048140116746,-0.03115418473157741,0.00010367670848601226,-4.003692937014486e-05,-0.000116372548628577,0.0050421952428210395,-0.001133892580841153,0.001213590749599551,0.00036795422140430866,0.0008441555479746587,0.0010116548046729984,0.005952034473614421,0.0008679855564769205,0.00017921031644229353,0.1270907000953
1781531081.9327283,0.06626046978107043,0.8408536909398816,0.3307022261541497,-0.2610304366412036,0.026440076804921553,-0.03117588403289731,0.06614389565482853,0.8408874905728949,0.3306686049594134,-0.2619453903026361,0.02645048140116746,-0.03115418473157741,0.00010418783203532859,-2.223419985164702e-05,-0.00013300423688685712,0.004558393998724363,-0.0013395759857708683,0.001250242558482964,0.0004127110965841519,0.0007785353061511703,0.0008696593238833537,0.0063048329018373945,0.00022216543881879974,0.00043986133695474015,0.12594572972669937
1781531081.9427228,0.06626601392371641,0.840840083845665,0.3306928796964953,-0.2609991027503666,0.02655205937698457,-0.0312780471589163,0.06614389565482853,0.8408874905728949,0.3306686049594134,-0.2619453903026361,0.02645048140116746,-0.03115418473157741,0.0001161784865774695,-6.355232549501328e-05,-0.00014210434339288666,0.004431784538045613,0.00027562569210140835,0.0003520381083029075,0.00038449935776103,0.0009440782844906838,0.0014000797104708775,0.006957320729163801,0.0005053769252389868,0.00034949421290831115,0.1332273704732535
1781531081.9526906,0.06627065724848667,0.8408286359223373,0.3306850466142476,-0.2609768327518201,0.026645920362014852,-0.031364222843693876,0.06614389565482853,0.8408874905728949,0.3306686049594134,-0.2619453903026361,0.02645048140116746,-0.03115418473157741,0.00012433216273578066,-9.591613498023407e-05,-0.00014760905826162015,0.004215613404955415,0.0014782821603689107,-0.0003306192148392425,0.0004913460255408637,0.0010825140150744577,0.0013033817555766225,0.007360259192241423,-0.0005189296360355799,0.0007120383142883933,0.1407220648395319
1781531081.9627466,0.06627450895325311,0.8408190882309005,0.3306785535329789,-0.26096196195429017,0.026723633835895155,-0.03143606123407035,0.06614389565482853,0.8408874905728949,0.3306686049594134,-0.2619453903026361,0.02645048140116746,-0.03115418473157741,0.00012930230030489627,-0.0001206815775271675,-0.00015015773892449315,0.003938253173647077,0.0023389162007282013,-0.00083308143470157,0.0004769428138169236,0.0008020633860251709,0.0008975522901143302,0.00646449326224002,0.0007804382927787035,-0.00034191276824570494,0.1477758039452427
1781531081.9727378,0.06627766977803594,0.8408112008718397,0.3306732364015179,-0.26095304085950555,0.02678712104794667,-0.03149519102042117,0.06616327962434604,0.8409353445126022,0.3307277084878386,-0.2616111731407919,0.02647810744799295,-0.03113018856350956,0.00013165380187512128,-0.00013903345178997766,-0.00015030110031715395,0.003622637557263771,0.002919729305173309,-0.001186770751290376,0.0005009103711942276,0.0006830349852641608,0.000758198812350098,0.00572539355961099,0.0003552563992470121,-0.0001494109240606017,0.1773808303935414
1781531081.9827394,0.06628023181130203,0.8408047538825583,0.3306689422195441,-0.26094882084943993,0.026838211045786764,-0.031543180273399196,0.06616327962434604,0.8409353445126022,0.3307277084878386,-0.2616111731407919,0.02647810744799295,-0.03113018856350956,0.00013187333685671967,-0.00015200414874184614,-0.00014851171944207903,0.0032869973076736347,0.0032749857111879156,-0.0014193043436748366,0.000575956637957661,0.0007125980674236529,0.0008692156773093246,0.005281489460172591,-0.0002628908579750286,0.00010645188568558538,0.18489240378751318
1781531081.9927523,0.0662829301488868,0.8408060466873373,0.3306597999590118,-0.2610044934021429,0.026868733075922302,-0.031601117713320484,0.06616327962434604,0.8409353445126022,0.3307277084878386,-0.2616111731407919,0.02647810744799295,-0.03113018856350956,0.00013516267226702376,-0.00011898401793074295,-0.0001837626189372193,0.002337167143958814,0.003402272831868861,-0.0017892670874601916,0.00023345576076222885,0.00031482153409869665,0.0005608577780284146,0.003930034270167176,0.0013268439535913336,-0.0005683681564151513,0.188800804893794
1781531082.0031583,0.06628509546888635,0.8408074525312722,0.33065223983984726,-0.26105340283779294,0.02689180756999332,-0.03164745647570273,0.06616327962434604,0.8409353445126022,0.3307277084878386,-0.2616111731407919,0.02647810744799295,-0.03113018856350956,0.00013609061412628027,-9.096869510358702e-05,-0.00020973263568456002,0.0015615208509730427,0.003404505669683682,-0.002017503727394488,0.00018593395055894817,0.0003455320905970953,0.0005644582122999376,0.0038996822531139896,0.001459181595735626,-0.00043010846420032446,0.192070236369997
1781531082.012739,0.06628680629300655,0.8408089272417569,0.33064604406005144,-0.2610959057215978,0.02690867106961048,-0.03168383572796954,0.06616327962434604,0.8409353445126022,0.3307277084878386,-0.2616111731407919,0.02647810744799295,-0.03113018856350956,0.00013511113467470164,-6.732608034540875e-05,-0.00022792314244904534,0.0009376152089433827,0.0033129808646315674,-0.0021332990308931266,0.0001864546625363917,0.00022619960941823856,0.0004559181538954952,0.003502937593664541,0.0017565876666429186,-0.0007067626949216685,0.19470296095370615
1781531082.0227401,0.06628813216565643,0.8408104325230998,0.33064101853584504,-0.26113244471239705,0.026920419912342952,-0.03171175640462916,0.0661780269778443,0.8409559747806912,0.33075689297815436,-0.26139415954918055,0.026530712627542474,-0.03114023051477255,0.00013261283960345788,-4.749333416381091e-05,-0.0002396379752689431,0.0004444809616881725,0.0031537137261034107,-0.0021616737382338536,0.00034430687925168443,6.34675494809873e-05,0.000243265227500163,0.0033549643779749445,0.002926801810552674,-0.0016526369890740328,0.21617721320347644
1781531082.0327396,0.06629112291796749,0.8408112022806321,0.33063490668509243,-0.26118156553330085,0.026965453427039376,-0.03171485702273445,0.0661780269778443,0.8409559747806912,0.33075689297815436,-0.26139415954918055,0.026530712627542474,-0.03114023051477255,0.0001372440559485373,-4.496253531480797e-05,-0.0002441605629908268,-0.00013958735208631696,0.0032928987896124655,-0.0018314435523664086,0.0003418739808051583,-0.00017472810242020618,-0.000123675226649232,0.0026747426923877863,0.0032519281997532325,-0.002019069073137715,0.2205230694070087
1781531082.0427413,0.06629353763729408,0.8408120165222758,0.33063000025585687,-0.26122268927743936,0.02700084303796113,-0.03171506089003391,0.0661780269778443,0.8409559747806912,0.33075689297815436,-0.26139415954918055,0.026530712627542474,-0.03114023051477255,0.00013922285055146933,-4.236115696836547e-05,-0.00024469741274743757,-0.0005733940688770623,0.0033070456433118046,-0.0015338888083802338,-0.00018132588832798696,5.123141928650484e-05,0.00042927613022800067,0.0033966283836605175,0.004121825550892331,-0.001902704401538723,0.2239831591539504
1781531082.0527399,0.06629545978359393,0.840812843127424,0.3306261249648374,-0.2612566951652676,0.027028038358708928,-0.03171308814456199,0.0661780269778443,0.8409559747806912,0.33075689297815436,-0.26139415954918055,0.026530712627542474,-0.03114023051477255,0.00013904727885386188,-3.9736081401584685e-05,-0.00024202781664093016,-0.0008827391351413366,0.003227119418019918,-0.0012689597605255072,0.00013102338469679555,-0.00018346529970176008,-9.095652606512687e-05,0.001797357817769113,0.004399900122186964,-0.0027060692760644558,0.22666584952323496
1781531082.0627432,0.06629696345277097,0.8408136577647654,0.33062312490305173,-0.2612844368917367,0.02704834974924908,-0.03170953809746811,0.0661780269778443,0.8409559747806912,0.33075689297815436,-0.26139415954918055,0.026530712627542474,-0.03114023051477255,0.00013714446440120346,-3.712524471506492e-05,-0.0002368179983740799,-0.0010903607465121193,0.0030788960097528264,-0.0010357265301056296,0.0001948496231075476,-0.00010807748231183895,0.0003072226268096026,0.0019471128003961176,0.003745909829373974,-0.002444646984812086,0.22867863041104902
1781531082.072741,0.06629811403562284,0.8408144425735679,0.3306208616677154,-0.2613067256299324,0.02706294738767312,-0.031704903090465975,0.06618325433767258,0.8409512571338813,0.3307616634362067,-0.261277179222083,0.026723232428878196,-0.031244229171137117,0.00013387917642811016,-3.455892057123307e-05,-0.00022963497164280294,-0.0012160805467907692,0.0028835577061681827,-0.0008326251255803518,0.00020257274045345206,-0.0003995657730761152,-0.00033562601514431533,0.0005553473765067974,0.003225490493253408,-0.002072587442020664,0.22745573665498833
1781531082.0827494,0.066298968902845,0.8408151850042243,0.33061921330693855,-0.26132431846797477,0.027072864406157304,-0.03169958181122369,0.06618325433767258,0.8409512571338813,0.3307616634362067,-0.261277179222083,0.026723232428878196,-0.031244229171137117,0.0001295615058059092,-3.2060847834197245e-05,-0.00022095892237411472,-0.0012769922745519658,0.0026582651923883088,-0.0006576591626613804,2.4402479665835285e-05,-0.0003242240757026622,-0.0002170779761354794,0.00012626128606403188,0.002567455041821545,-0.001488925991601884,0.22846777538849172
1781531082.0926957,0.06630077238842431,0.8408132474072864,0.3306240086679663,-0.26145231827221593,0.027082714718681844,-0.03169094894983353,0.06618325433767258,0.8409512571338813,0.3307616634362067,-0.261277179222083,0.026723232428878196,-0.031244229171137117,0.00013132923521766763,-6.365122579623133e-05,-0.00016736154955588288,-0.002537547093792684,0.0024470278605957635,-0.00046707999952097024,0.0003479763963457197,-0.00017523411188075777,4.8317592085707264e-05,0.00036472256694231183,0.0013185569453821255,-0.0010569794103454213,0.22760934099157157
1781531082.1027415,0.06630219670748139,0.8408115751692254,0.3306283754367717,-0.2615576214291251,0.02708893923970157,-0.031682694347157175,0.06618325433767258,0.8409512571338813,0.3307616634362067,-0.261277179222083,0.026723232428878196,-0.031244229171137117,0.0001310842461723756,-8.820460744119992e-05,-0.00012221437684592707,-0.003412579862720206,0.0022217690556319107,-0.0003115138087576387,0.00017145055379441697,-4.393819192245057e-05,0.00025724692162033586,0.0003400151813806588,0.0009779892002680114,-0.0006930075527251216,0.22676866930694803
1781531082.1127517,0.06630330088439289,0.84081012374895,0.33063233861522606,-0.2616430362972815,0.027092276794531855,-0.03167494838259627,0.06618325433767258,0.8409512571338813,0.3307616634362067,-0.261277179222083,0.026723232428878196,-0.031244229171137117,0.0001292266050461745,-0.00010679776109243566,-8.442285843550246e-05,-0.003974801656288033,0.0019921713912384883,-0.00018643652051143062,0.0005810421856759506,-0.0002582339428981552,-0.00020727434088928706,-0.0005110145820999427,0.0013198405237337296,-0.001229843970708105,0.22595290448079638
1781531082.1227405,0.06630413643262306,0.8408088585380519,0.33063592236964073,-0.2617112114916964,0.027093359930828953,-0.031667795050208836,0.06620161801848706,0.8409389235959559,0.330763093903712,-0.261260445458767,0.02681690514657098,-0.031313615619157256,0.0001260979083243532,-0.00012037060959176863,-5.301511872646078e-05,-0.004287254994539955,0.001765608235304619,-8.762469083557715e-05,0.0002400744601399755,-0.0002509731365858537,-3.0338333612152084e-05,-5.4305346075352975e-05,0.0017871160433078272,-0.0008863796274585463,0.20880503730173294
1781531082.1326878,0.06630280756823419,0.8408034422401327,0.33063189055712006,-0.2617224075878799,0.027076902984529694,-0.03164973654971423,0.06620161801848706,0.8409389235959559,0.330763093903712,-0.261260445458767,0.02681690514657098,-0.031313615619157256,0.00011199580836459041,-0.00015611005329800202,-8.14986095720971e-05,-0.003946691382768219,0.001348267680806234,6.581218313697116e-05,0.00042650458915397395,-0.0003171351560873302,-9.909420239746234e-05,-0.00034274924246135416,0.0027427801288513525,-0.0017122690958783619,0.21403000002486522
1781531082.142747,0.0662977423958823,0.8408055580041442,0.3306309106325682,-0.2617747103692701,0.02706307654718887,-0.031705119102228285,0.06620161801848706,0.8409389235959559,0.330763093903712,-0.261260445458767,0.02681690514657098,-0.031313615619157256,7.248576679475704e-05,-0.00011824271750661585,-8.599047859136296e-05,-0.004070456220916263,0.0012114612324209632,-0.0005642416760905751,0.000359712559779921,-0.00028700162353329704,-6.523210579894773e-05,-0.0001832832771376077,0.001980068564411976,-0.0008166759828286473,0.21094713598237308
1781531082.1527412,0.06629333361398541,0.8408074423264715,0.3306301872565219,-0.2618149422035887,0.027050504148519172,-0.03175091163344998,0.06620161801848706,0.8409389235959559,0.330763093903712,-0.261260445458767,0.02681690514657098,-0.031313615619157256,3.984969790307222e-05,-8.634558168563902e-05,-8.850684376868991e-05,-0.0040517663885134645,0.0010758051527264894,-0.0010208774751432345,5.8725557117630794e-05,-0.0003998799049706838,5.32799723029266e-05,-0.0005223663499284678,0.003158908421203521,-0.0012257287413827667,0.2082384487796575
1781531082.1627421,0.0662895094195532,0.8408091278120341,0.3306296715401369,-0.2618450285828534,0.027039215976598863,-0.03178826522889758,0.06620161801848706,0.8409389235959559,0.330763093903712,-0.261260445458767,0.02681690514657098,-0.031313615619157256,1.3145401858980178e-05,-5.9645331214221986e-05,-8.940544259718724e-05,-0.003926852484910459,0.0009447219384805289,-0.0013350769740399324,0.00017850692465050337,-0.00026639652747015383,2.4524889918974697e-05,-0.0008670526873714294,0.001966569360267864,-0.000715211613441408,0.20584793175354418
1781531082.172731,0.06628620461598299,0.8408106403735836,0.33062932258152333,-0.26186668989728096,0.027029199353285183,-0.03181827336313171,0.06621213779200708,0.8409231655510947,0.330762891631607,-0.26129403335336365,0.026934252674034376,-0.03136603607197738,-8.458655650705192e-06,-3.745532006210867e-05,-8.899395587427812e-05,-0.0037257683137010907,0.0008206513661564601,-0.0015339527910788206,0.00021931897934361267,-0.000408612781216231,0.00010392154461080862,-0.0012628013436171738,0.0018383130278334335,-0.0008431842319450202,0.18970635500173713
1781531082.1827464,0.06628336012796697,0.8408120007007198,0.33062910634157244,-0.2618814457705148,0.027020409860831096,-0.03184195640567028,0.06621213779200708,0.8409231655510947,0.330762891631607,-0.26129403335336365,0.026934252674034376,-0.03136603607197738,-2.569463324885374e-05,-1.9167177919389723e-05,-8.753598159779325e-05,-0.003473117009919065,0.0007052299626051956,-0.001640976339717656,0.00032830633943241024,-0.00047519169666455213,0.00029816163343745615,-0.0012881976852419743,0.0013898036794378601,-0.001028868032320015,0.18795943426197503
1781531082.1926875,0.06628325862356561,0.8408092422144607,0.33063642781920677,-0.26190680758923224,0.026988611384875183,-0.0318018848320821,0.06621213779200708,0.8409231655510947,0.330762891631607,-0.26129403335336365,0.026934252674034376,-0.03136603607197738,-1.9679852622392982e-05,-5.4961507869890136e-05,-4.6302598480538285e-05,-0.003382459764754447,0.00017958446019385546,-0.0011293266346016112,0.00016491371053221242,-0.0005319679035252766,-6.768859845139858e-05,-0.0021427440315865925,0.0018765236086589435,-0.0015249182599910266,0.18447166491955136
1781531082.2027183,0.06628319180319055,0.8408068507984873,0.3306427160776923,-0.2619250059416227,0.026961974038892222,-0.031767136043047886,0.06621213779200708,0.8409231655510947,0.330762891631607,-0.26129403335336365,0.026934252674034376,-0.03136603607197738,-1.4601984502221482e-05,-8.299981685506145e-05,-1.2614844590112296e-05,-0.0032219443460087755,-0.000219185699450357,-0.0007150587197004105,0.0003692189744006173,-0.0005626055829458463,-0.0003039152346236122,-0.003437826970966505,0.0010920181551551287,-0.0017669224212760236,0.18171394535943286
1781531082.212753,0.06628315696849639,0.8408047730762381,0.3306480875683837,-0.26193733869340063,0.026939932808107914,-0.03173732670915706,0.06621213779200708,0.8409231655510947,0.330762891631607,-0.26129403335336365,0.026934252674034376,-0.03136603607197738,-1.0340586333340383e-05,-0.00010445652659488263,1.4588622690921365e-05,-0.003013480783183178,-0.0005119755130278784,-0.00038509366389205383,0.0005121577530631111,-0.0008256555352310981,-0.00040897761449380977,-0.0038385173417429326,2.2489889206333404e-05,-0.0016635096833621365,0.17955632671799324
1781531082.2227418,0.06628315059705878,0.8408029657766005,0.33065264955077206,-0.26194493886478903,0.02692193856189551,-0.031712034370475414,0.06622678166542417,0.8408909575672383,0.3307538955565844,-0.2614267937166961,0.026982579768316972,-0.0314375651231987,-6.788624562875089e-06,-0.00012035782686116373,3.6241983216725126e-05,-0.002774797871436908,-0.0007173422473230845,-0.00012732468353373466,0.00022535556345304605,-0.0009213514553537111,-0.0005894720759623034,-0.0037868165883629874,0.00036512871485231676,-0.0014804662408028386,0.14550177100717765
1781531082.2326846,0.06628316872348294,0.8408013936097337,0.3306565001553251,-0.26194878495145824,0.026907469100385883,-0.031690818820677896,0.06622678166542417,0.8408909575672383,0.3307538955565844,-0.2614267937166961,0.026982579768316972,-0.0314375651231987,-3.851186248652913e-06,-0.00013159790793077533,5.316549698197943e-05,-0.0025200062929924003,-0.0008515835281731597,6.929531618544491e-05,0.00022492365186340147,-0.0005317219577718952,-0.00026590365619643037,-0.0025202039590981077,0.0006872429655578138,-0.001717805031449918,0.14382999334932914
1781531082.2427387,0.06628019390745869,0.8407962155031851,0.3306548600686253,-0.2620012796749634,0.0269233941078193,-0.0317847326138901,0.06622678166542417,0.8408909575672383,0.3307538955565844,-0.2614267937166961,0.026982579768316972,-0.0314375651231987,-2.7293273659525282e-05,-0.0001270406120136413,4.7365954710569896e-05,-0.0027905700748823625,-0.0003254671819754333,-0.0008831561973897215,0.00017925900196562598,-0.00024002022908030613,4.57065778644765e-05,-0.0015951092758639141,0.001182701725203341,-0.0018446771941698372,0.14709505149908197
1781531082.2526836,0.06627765048096637,0.8407919064815355,0.3306534332113323,-0.2620428523449326,0.02693728349114144,-0.03186301633831211,0.06622678166542417,0.8408909575672383,0.3307538955565844,-0.2614267937166961,0.026982579768316972,-0.0314375651231987,-4.576611858157054e-05,-0.0001217724036558706,4.2110063138188405e-05,-0.002916911734628413,7.765193586856996e-05,-0.0015726155874162826,0.000525676874307667,-0.00042092931659468304,-0.00020147327072235187,-0.0019032886867234174,0.00022060258770876149,-0.0018757847733804815,0.14997145324073322
1781531082.262699,0.06627548252246396,0.8407883683396001,0.3306522015069791,-0.2620751032711568,0.026949268232293377,-0.0319274460696415,0.06622678166542417,0.8408909575672383,0.3307538955565844,-0.2614267937166961,0.026982579768316972,-0.0314375651231987,-6.001571934337801e-05,-0.00011600024742603741,3.735719723421282e-05,-0.0029317336065322877,0.0003775766609240617,-0.002046152978089884,0.0002875363009669265,-0.0005329623702925841,-8.942813853922036e-05,-0.0022387391085658404,0.0007500662003664825,-0.0020997031499099274,0.15244016146978015
1781531082.2727168,0.06627364123554046,0.8407855069753399,0.3306511464084261,-0.26209948672199945,0.026959498399879767,-0.03197973179538709,0.06623956694363825,0.8408654947271916,0.3307414895235714,-0.26154418552768594,0.027013398688358725,-0.03152830965750282,-7.069445616661692e-05,-0.00010989667445455501,3.306837046871486e-05,-0.0028625912239645217,0.0005919698682012739,-0.0023449464250504554,0.00028038145262188855,-0.0005187974525887377,-0.00034135975580350757,-0.0025821845257207937,0.0005186435868059872,-0.001834896469031026,0.1253833173475945
1781531082.2827058,0.06627163155589064,0.8407897154521928,0.33064864731440896,-0.26204361163011897,0.026951770889563686,-0.03198056369098386,0.06623956694363825,0.8408654947271916,0.3307414895235714,-0.26154418552768594,0.027013398688358725,-0.03152830965750282,-7.789327233379711e-05,-6.770473591613994e-05,9.79801408872142e-06,-0.0019398126045276811,0.0004484693819100909,-0.0021195720949201253,0.0002241359944670597,-0.0005302049310409194,-0.00035732354790241175,-0.0026360605229498006,0.0006039861969577299,-0.001654509969010789,0.1240577030272732
1781531082.2927396,0.06626596981635668,0.8407889517478402,0.3306504478606303,-0.2620202839168275,0.02692919157578144,-0.031975987879570594,0.06623956694363825,0.8408654947271916,0.3307414895235714,-0.26154418552768594,0.027013398688358725,-0.03152830965750282,-0.00010615259603301112,-6.688272799651148e-05,1.1081051065510067e-05,-0.001474614440492062,0.0001485941268559126,-0.00190380183857531,0.00032191956308346553,-0.0005120511502852881,-0.0003290386351638557,-0.0025876857064576235,0.0001902782367963897,-0.0017583340957504933,0.1218381047409367
1781531082.3027189,0.06626117831461686,0.8407884110693578,0.33065194986660845,-0.26199926276227387,0.02691052095961144,-0.03197041528353288,0.06623956694363825,0.8408654947271916,0.3307414895235714,-0.26154418552768594,0.027013398688358725,-0.03152830965750282,-0.00012749336123076628,-6.537537003352134e-05,1.1970630535464299e-05,-0.0010856910030638217,-8.015752925614878e-05,-0.0016900216587160924,0.000325756617047389,-0.00040632357906132617,0.0001314222465034104,-0.0022238475091451286,0.0007051786105876383,-0.0021866974829652993,0.12010949933152328
1781531082.3127184,0.06625714807262197,0.8407880520672237,0.33065318815308425,-0.26198054530257064,0.026895289990957583,-0.031964248266677014,0.06623956694363825,0.8408654947271916,0.3307414895235714,-0.26154418552768594,0.027013398688358725,-0.03152830965750282,-0.0001430096842456967,-6.33369312111804e-05,1.2533081007456357e-05,-0.0007645640313308704,-0.0002493576622052406,-0.0014835839712874091,0.0004017940944943212,-0.0006397351504626435,-0.00021011977424433768,-0.0028476779182899288,0.0006037750472685649,-0.00253427627362542,0.1187585521516447
1781531082.3227582,0.06625378137830434,0.8407878393045133,0.3306541957513549,-0.261964066310018,0.026883053096592224,-0.03195780459432532,0.0662520739477871,0.8408397297048601,0.33072931832021746,-0.26166698411769257,0.027039872169190682,-0.03163137683535455,-0.00015365369388054586,-6.0897984022808356e-05,1.2825794283919136e-05,-0.0005030251510296652,-0.00036930678968149014,-0.0012882982638367736,0.00026893993418759766,-0.0004930454389468741,-0.00023983310268017286,-0.0020394565691434427,0.0006664830313817814,-0.002498201371164982,0.09131773825293868
1781531082.3327613,0.06625099091032367,0.8407877426385105,0.3306550034923689,-0.2619497156230267,0.026873394484495217,-0.03195132994598637,0.0662520739477871,0.8408397297048601,0.33072931832021746,-0.26166698411769257,0.027039872169190682,-0.03163137683535455,-0.00016025147073360513,-5.8168423408121514e-05,1.2898260807189334e-05,-0.0002932929222188114,-0.0004490707742819233,-0.0011067136619086284,0.0004654717096489197,-0.0003857968163369058,-0.0001808727318379234,-0.0017985803574719652,0.0008773537996075687,-0.003036799144815638,0.09070017461911785
1781531082.342738,0.06624733023786143,0.8407809993453275,0.3306592722638712,-0.2618937046803235,0.02687751214506684,-0.03201322740151623,0.0662520739477871,0.8408397297048601,0.33072931832021746,-0.26166698411769257,0.027039872169190682,-0.03163137683535455,-0.0001753484101015536,-6.577163356206638e-05,3.900951774783202e-05,0.00036826740850643986,-0.0001814570309779677,-0.0016267092250107293,0.0002651368544288076,-0.00032232479633333854,-0.00012769500607365546,-0.0015410201757221108,0.0006915481902909724,-0.0028046062220910047,0.09153255117363074
1781531082.3527186,0.06624428707134086,0.8407754253998531,0.33066287647429404,-0.2618468954177751,0.026881526205762007,-0.03206388851794624,0.0662520739477871,0.8408397297048601,0.33072931832021746,-0.26166698411769257,0.027039872169190682,-0.03163137683535455,-0.0001852459853116494,-7.104189316680661e-05,5.947664359893896e-05,0.0008538696561534755,2.402715656739233e-05,-0.0019717976161779884,0.0005979599029785666,-2.597630516137309e-05,0.0003132510610220762,-0.0004424878534636217,0.00022613792648962504,-0.00309239263283543,0.09279115247122126
1781531082.3627353,0.06624177673539554,0.8407708738196695,0.3306659036827246,-0.26180826189922973,0.02688535208188214,-0.03210474386275107,0.0662520739477871,0.8408397297048601,0.33072931832021746,-0.26166698411769257,0.027039872169190682,-0.03163137683535455,-0.00019084423823812388,-7.437254316404109e-05,7.51534732759296e-05,0.0011943407211107515,0.00017733428213885944,-0.0021763877810572077,0.0006001088370364817,-0.0001363797609895022,-0.00015939203685513158,-0.0007543997705253663,-2.9181735022285973e-05,-0.0029176074648899755,0.09417314774799702
1781531082.3726974,0.06623972485528183,0.8407672081250981,0.3306684314142664,-0.2617768116407251,0.02688893171189144,-0.032137133736581364,0.0662520739477871,0.8408397297048601,0.33072931832021746,-0.26166698411769257,0.027039872169190682,-0.03163137683535455,-0.00019292017511247472,-7.610392392456813e-05,8.678614044194971e-05,0.0014167506658478114,0.0002873498486358725,-0.002270107046697262,0.0002600670378377327,-9.975223604618544e-06,0.0002445952950323942,0.00027084551330014065,0.0006045593791887879,-0.0027278783658448414,0.09549395233822817
1781531082.3826904,0.06623806620981446,0.8407643031793365,0.33067052811889347,-0.2617516043903007,0.02689222846804573,-0.032162294113109946,0.06626969159464696,0.8408266841136407,0.3307248545282912,-0.26172434198262795,0.027060554551285865,-0.03177498182038545,-0.00019214218699750834,-7.652951592611222e-05,9.502486481542907e-05,0.0015446137312322018,0.000361916626111128,-0.0022781890416480395,0.0002579444162239734,-0.00017850196402251927,-0.00023114450948113235,-4.016730371553797e-05,0.0004563642627798087,-0.0026504928412170773,0.08856017552219068
1781531082.3927152,0.06623745123291531,0.8407649164591521,0.3306704247881702,-0.2616964081599068,0.026879459778172077,-0.0321023442631021,0.06626969159464696,0.8408266841136407,0.3307248545282912,-0.26172434198262795,0.027060554551285865,-0.03177498182038545,-0.00018042406062181773,-8.340429997230168e-05,8.123243164405014e-05,0.0019610982201837147,1.8722661064738745e-05,-0.0014335845149433938,0.0002983850632002009,-7.658171733303143e-06,9.712635389867566e-05,0.0005471497009656363,0.00042728626142009914,-0.002788252644841121,0.08841538709552335
1781531082.4027383,0.06623703425026212,0.8407655630153804,0.3306702431474648,-0.2616517501181103,0.026869043208124666,-0.03205064543276638,0.06626969159464696,0.8408266841136407,0.3307248545282912,-0.26172434198262795,0.027060554551285865,-0.03177498182038545,-0.00016873090732456286,-8.78663748669447e-05,6.913093919650382e-05,0.0022194771022310687,-0.00023892498361027667,-0.0007615073280405147,0.00012085022478065623,-5.005071484044497e-05,0.0003694743936268592,0.000986029970362603,5.688648773800514e-05,-0.002601301008172295,0.08823091130993109
1781531082.4127374,0.06623678333755693,0.8407662107665859,0.3306699987514297,-0.2616162103133371,0.026860674469235013,-0.03200654380877142,0.06626969159464696,0.8408266841136407,0.3307248545282912,-0.26172434198262795,0.027060554551285865,-0.03177498182038545,-0.00015720596586936216,-9.033505261039611e-05,5.854022676131823e-05,0.002352319834195208,-0.00042542527050062266,-0.00023709624880587196,0.00012939023481961756,-0.0002781851439219276,-0.00022581712203969916,6.8908618325681e-05,0.0003962112719954799,-0.0029617835837695977,0.08802917325406855
1781531082.4227,0.06623667015662969,0.8407668373426508,0.33066970605459683,-0.26158847524825657,0.026854069449916862,-0.03196934159231099,0.06626969159464696,0.8408266841136407,0.3307248545282912,-0.26172434198262795,0.027060554551285865,-0.03177498182038545,-0.00014596209307521002,-9.117220398499246e-05,4.929652303945632e-05,0.002387465984433808,-0.0005535138204375619,0.0001623185853230349,0.0004058402446426347,-5.151160778334734e-05,0.00013176419536817908,0.0007626122967632547,8.150653147496526e-05,-0.0030902835413204066,0.08782599568160722
1781531082.4326904,0.06623666972465048,0.8407674279819244,0.33066937817980013,-0.2615673471419277,0.026848966934234664,-0.031938327120826615,0.0662814481120928,0.8408233547551555,0.330726493871201,-0.26169816568843557,0.02707053999346587,-0.031909853297510685,-0.00013508632594114801,-9.06890022350877e-05,4.125128886075223e-05,0.002348449103065702,-0.0006343314929818853,0.0004571445416378544,0.00035527395818832656,-6.343544349495152e-05,9.539316656867881e-05,0.0009516081572028663,0.00014099512694156158,-0.00288736052326129,0.0916248336979397
1781531082.4427435,0.06623374017890903,0.840772869392746,0.33066747595337,-0.26152717939458897,0.02685825751075277,-0.031977897894863105,0.0662814481120928,0.8408233547551555,0.330726493871201,-0.26169816568843557,0.02707053999346587,-0.031909853297510685,-0.00014727042731261036,-2.8820780371053854e-05,2.8500072022184303e-05,0.002542094677137853,-0.000355265629527772,1.6306587964880236e-05,4.380674771820834e-05,-0.0001768984820569808,-0.00010427077991009582,0.0006352131278356908,-5.2224378877397656e-05,-0.0021679940517834377,0.09114786520480889
1781531082.4527204,0.06623131059076208,0.8407776531015041,0.3306658013797126,-0.2614957318598724,0.02686638455898982,-0.0320112793860428,0.0662814481120928,0.8408233547551555,0.330726493871201,-0.26169816568843557,0.02707053999346587,-0.031909853297510685,-0.00015518543093300696,2.1210555685544496e-05,1.7902612631802353e-05,0.0026176021085945788,-0.00013645066670282902,-0.00031444760717200504,0.0002518876073737979,-0.00019065279953063064,-0.00036711971500559017,0.0002738021490414029,-0.00023544375972181955,-0.0021013635215433343,0.09102741737922362
1781531082.4627433,0.06622931140439234,0.84078185784792,0.3306643342926308,-0.2614716788340043,0.026873417140839573,-0.03203910974127898,0.0662814481120928,0.8408233547551555,0.330726493871201,-0.26169816568843557,0.02707053999346587,-0.031909853297510685,-0.00015957302636091146,6.110560977855823e-05,9.168412468647774e-06,0.002602525935983187,3.123183390653763e-05,-0.0005536654016369802,0.0002031748736180964,-0.00013992448447103727,-0.0002986840160414841,0.000579597814569855,-0.00044794670311088853,-0.0016604741096127064,0.09112652088153972
1781531082.4727256,0.0662276817328759,0.8407855504660895,0.3306630553352602,-0.2614538246135341,0.02687943701714679,-0.03206201904775151,0.0662814481120928,0.8408233547551555,0.330726493871201,-0.26169816568843557,0.02707053999346587,-0.031909853297510685,-0.0001610733179048608,9.235801800130158e-05,2.0406579737697104e-06,0.0025199913246967756,0.00015601337910458265,-0.000717749485645388,0.00012016876755359095,-0.00031553655838295543,-0.00031299427652751473,0.0006795647748478307,-0.0009151349667157779,-0.0009611298727709783,0.09134788255999032
1781531082.4827132,0.06622636835499501,0.8407887881543911,0.3306619460996395,-0.2614411036290869,0.026884533216402273,-0.032080614105799585,0.06628667195031646,0.840813551432323,0.3307156135752327,-0.2616674004689835,0.027063878582801015,-0.03200973855272063,-0.0001602367491904406,0.00011627634240804289,-3.707169180900531e-06,0.002389171671178983,0.0002452356754759857,-0.0008210465903302217,2.6014279318353754e-05,-0.00026213138279404546,-0.00024867131999933953,0.0009706645044697073,-0.000790553556511305,-0.0006057664353498802,0.08443898080372528
1781531082.4927392,0.06622851393072775,0.840784367576333,0.3306691609360017,-0.26148923880444164,0.02687089028502232,-0.03204774206148982,0.06628667195031646,0.840813551432323,0.3307156135752327,-0.2616674004689835,0.027063878582801015,-0.03200973855272063,-0.00013374975605663834,6.080466671603993e-05,3.936579078187427e-05,0.0015933030288451065,-1.83615846258377e-05,-0.00042336774334117286,6.470592906073588e-05,1.117357742410053e-05,-0.00011724484365429996,0.0014064165690544884,-0.0010938755761306235,-0.00044173176737263094,0.07994936137612446
1781531082.5027452,0.06623043624405855,0.8407805444981225,0.33067530391691824,-0.26153117802991227,0.0268595341409954,-0.03201972199009119,0.06628667195031646,0.840813551432323,0.3307156135752327,-0.2616674004689835,0.027063878582801015,-0.03200973855272063,-0.00011079196386359604,1.5503037879705276e-05,7.344480209878779e-05,0.0009533730523598567,-0.00021536235192793463,-0.00011381011628650858,6.742334320328398e-05,6.361465747823175e-05,0.00021194575431916454,0.0021923722172745904,-0.0006226787256185366,-0.0005027433556801712,0.07666016512551063
1781531082.5127518,0.06623215632046657,0.8407772340437362,0.3306805075744033,-0.2615673267958145,0.026850202047566496,-0.031996104437342354,0.06628667195031646,0.840813551432323,0.3307156135752327,-0.2616674004689835,0.027063878582801015,-0.03200973855272063,-9.095821797331734e-05,-2.106033274593371e-05,9.987189723161085e-05,0.0004477991445295392,-0.0003570724568958476,0.00012124742559843887,-0.0002637737760263174,6.578939783457915e-05,-9.419296697197793e-05,0.0016282109191397506,-0.0003567588681237494,-0.00038106447063900495,0.0743191624409668
1781531082.5226967,0.0662336931594417,0.8407743654405034,0.3306848907841364,-0.2615981474331982,0.026842641773155762,-0.03197643211186704,0.06628667195031646,0.840813551432323,0.3307156135752327,-0.2616674004689835,0.027063878582801015,-0.03200973855272063,-7.388368628108861e-05,-5.014556924933288e-05,0.0001198213813580468,5.673253336622769e-05,-0.00045347636114805197,0.00029405010942686396,6.257169869691865e-05,0.00015796731011527383,-0.00016710127337974534,0.0011562672764685806,-0.00023101499862850352,-0.0010595363900230133,0.07270614919096326
1781531082.5327067,0.06623506397893908,0.8407718794846907,0.33068855981887707,-0.26162413220606956,0.02683661586195485,-0.031960254369610516,0.06628805730397375,0.8408158063316867,0.33071534616940457,-0.2615853386365713,0.027031949915042874,-0.03204062152548427,-5.924052932256352e-05,-7.285902096975278e-05,0.00013431803305624833,-0.00023783314860950324,-0.0005132951849761959,0.00041547703039596475,0.00013859467190434056,0.000263391149591938,0.00029888010107885136,0.0014525790861056246,-0.0006483281094453714,-0.0010530129524912839,0.07386046953429647
1781531082.5427356,0.06623324346061144,0.8407704468210511,0.33068393666404483,-0.26155158934923206,0.02679087259820756,-0.03193240933514965,0.06628805730397375,0.8408158063316867,0.33071534616940457,-0.2615853386365713,0.027031949915042874,-0.03204062152548427,-6.0278035443493024e-05,-7.830325247777358e-05,7.54888860763586e-05,0.0005721602881163363,-0.0010179229896242056,0.000534507665555361,0.00011158274447046163,-5.014217671068476e-05,-0.00014401235113280654,0.0003393374273434777,-0.0005718343902055458,-0.0010460925696318042,0.0777727436586786
1781531082.5527368,0.06623175134843173,0.8407692261520952,0.3306798251203778,-0.26149111969017724,0.026753172946884174,-0.03190970803940282,0.06628805730397375,0.8408158063316867,0.33071534616940457,-0.2615853386365713,0.027031949915042874,-0.03204062152548427,-6.0347133589369564e-05,-8.168155365274352e-05,2.730590546051391e-05,0.001163398751498233,-0.0013681615269481836,0.0006090603443487364,2.836720807038621e-05,-6.9980976694302e-05,-0.00017467784333616743,0.0002695091948015917,-0.00018771644464807096,-0.0010347370608971363,0.0812515765031367
1781531082.5627372,0.06623054466314494,0.8407681928333964,0.33067616748417794,-0.2614413510152773,0.026722532454846792,-0.031891481546904604,0.06628805730397375,0.8408158063316867,0.33071534616940457,-0.2615853386365713,0.027031949915042874,-0.03204062152548427,-5.9637944268534565e-05,-8.335857491524858e-05,-1.1720091333224136e-05,0.001574547864619925,-0.001593134096893408,0.0006482469923355397,7.409010374566579e-05,4.5940765990323115e-05,2.7460854742186105e-05,0.00021039591124562528,-0.000859910582734602,-0.00063791527260591,0.08431914640596329
1781531082.5726984,0.06622958408707692,0.8407673247253601,0.3306729152594297,-0.26140096232518745,0.026698020175852433,-0.03187710630593586,0.06628805730397375,0.8408158063316867,0.33071534616940457,-0.2615853386365713,0.027031949915042874,-0.03204062152548427,-5.8312952813279204e-05,-8.364860477691188e-05,-4.290060835152364e-05,0.0018395079692631897,-0.001718090757518445,0.000659862804838225,6.488130533397393e-05,-0.00018508311964344723,-0.0003055074410834335,-0.0004482434949679003,-0.0007616931273274807,-0.0006597107489155561,0.08700554791258416
1781531082.5827363,0.06622883399467512,0.8407666019282474,0.3306700272045135,-0.2613687071400127,0.026678770755313552,-0.031866009813372204,0.0662871286888525,0.8408132975034142,0.3307116455910547,-0.2615633135479828,0.027004853957353303,-0.03208086283035426,-5.651040092435129e-05,-8.282152020650878e-05,-6.738789602718853e-05,0.0019876810072046417,-0.0017646882933833468,0.0006505030516915132,3.0896765023876906e-05,-0.00018480634816413295,-1.0443533306636838e-05,-9.55862529709039e-06,-0.0018717659341857817,0.0003974883186452281,0.08550343974183294
1781531082.5927012,0.06623099366144326,0.8407701343195055,0.33066985216264044,-0.26139311886553496,0.026674337810302262,-0.031819775937439995,0.0662871286888525,0.8408132975034142,0.3307116455910547,-0.2615633135479828,0.027004853957353303,-0.03208086283035426,-3.7369562063534517e-05,-7.626721278181545e-05,-6.499987390744087e-05,0.0014907933846069782,-0.001749279992113295,0.0010544054606995276,-5.4546028493220576e-05,-0.00036887240446457486,-0.000314238222729166,-0.00037543217475497696,-0.00144985145982364,0.00039992314108953746,0.08222464597663974
1781531082.6026986,0.06622905051445149,0.8407671418171616,0.33066924344283416,-0.2613883414996929,0.026708023667775027,-0.031866531932520564,0.0662871286888525,0.8408132975034142,0.3307116455910547,-0.2615633135479828,0.027004853957353303,-0.03208086283035426,-5.29505977594885e-05,-7.154977850320121e-05,-5.180633685347788e-05,0.0013936224480411224,-0.001071166824476031,0.0005414041851654997,0.0002652183930014104,-0.00015304955900882013,3.144064307788242e-05,0.00025523146552824033,-0.0024190323483474106,0.0006371590999029551,0.08544801863656482
1781531082.6127343,0.06622741822639638,0.8407646468730912,0.3306687262659904,-0.26138562351208466,0.026737178443187348,-0.031906592823942356,0.0662871286888525,0.8408132975034142,0.3307116455910547,-0.2615633135479828,0.027004853957353303,-0.03208086283035426,-6.47876970663425e-05,-6.685614057250151e-05,-4.055848062946822e-05,0.0012826676344558,-0.0005337613574484625,0.00014220687318163136,3.1343882180179446e-05,-0.0004158760598810397,-0.00042818972940526827,2.1228966643616165e-05,-0.0024320322430966823,0.0007471561788331005,0.08817194350541696
1781531082.6227186,0.06622605153302288,0.8407625955770416,0.3306683008180131,-0.26138452275289764,0.02676214017007683,-0.03194054073042228,0.0662871286888525,0.8408132975034142,0.3307116455910547,-0.2615633135479828,0.027004853957353303,-0.03208086283035426,-7.346927668809871e-05,-6.224107886944371e-05,-3.101508649819511e-05,0.001164422336279124,-0.00011649302768097298,-0.00016079308091399968,8.871121716893698e-05,-4.4529957732225097e-05,-0.00019719225968922922,0.0010948418896929084,-0.002840174414058714,0.0009151349518998171,0.09044265394246408
1781531082.6327136,0.06622491182847341,0.8407609354331024,0.33066796344722277,-0.2613846636942889,0.026783276911028775,-0.031968979137465825,0.06629091192709996,0.8408033556920953,0.3307090301233524,-0.26154752609691834,0.026898995225590694,-0.032054186887533045,-7.950768539564185e-05,-5.774757357006305e-05,-2.296091326811459e-05,0.0010439513497035114,0.00019933931523329952,-0.00038342109158656125,-1.598163595045024e-05,-4.015525537635681e-05,7.150254744027155e-05,0.0014972316659427126,-0.0020949345691472655,0.00044697776181151945,0.08855486028489311
1781531082.642747,0.06622819282795514,0.8407618119075257,0.3306753741535702,-0.26134107337742984,0.026758484095947166,-0.03193324775034319,0.06629091192709996,0.8408033556920953,0.3307090301233524,-0.26154752609691834,0.026898995225590694,-0.032054186887533045,-4.90804935192398e-05,-5.635940353975262e-05,1.4857625876198443e-05,0.0013955651146995245,-0.00018446399393444804,-3.480107832669029e-05,-0.000174028565040658,7.00051678606491e-05,-6.228684639153423e-05,0.0016314768334592161,-0.0017106430345666074,0.0003842228172664702,0.08241538531051679
1781531082.6526887,0.06623104984583349,0.8407626009804864,0.33068167621827005,-0.2613056924719923,0.026737802586635162,-0.031903208254632026,0.06629091192709996,0.8408033556920953,0.3307090301233524,-0.26154752609691834,0.026898995225590694,-0.032054186887533045,-2.403246108706995e-05,-5.453088703971372e-05,4.502907256233001e-05,0.001620817251936801,-0.0004669836430220176,0.00022736243531862516,-0.00019600155153675844,6.42262036640129e-05,-9.528843588028824e-05,0.0016125211722426878,-0.0016763473081558371,0.00039443354468613097,0.07741221747976157
1781531082.6627412,0.06623353258016025,0.8407633032923264,0.33068700288223773,-0.26127743093353895,0.026720767876543983,-0.03187825558659982,0.06629091192709996,0.8408033556920953,0.3307090301233524,-0.26154752609691834,0.026898995225590694,-0.032054186887533045,-3.620057443692814e-06,-5.237204137672031e-05,6.867933586356741e-05,0.0017452250701036254,-0.000665882017112886,0.00041757045453906554,-0.00026852914201870776,1.0377784444125334e-05,-0.000144072529369582,0.0013280157820568781,-0.0007445681091653567,-3.505891954548999e-05,0.07336064022075213
1781531082.6726863,0.06623568489948492,0.8407639220378665,0.33069147547645694,-0.26125527718177266,0.026706932050053034,-0.03185779719536347,0.06629091192709996,0.8408033556920953,0.3307090301233524,-0.26154752609691834,0.026898995225590694,-0.032054186887533045,1.2812341982771994e-05,-4.997537109680649e-05,8.679489537110054e-05,0.0017906682252629097,-0.0007966817670364729,0.0005486578195728023,-0.0003663044259550651,7.430154508908001e-06,-0.00016381115007709884,0.0012919077110388772,1.5299764379690227e-05,-0.00015807664704731825,0.07009424578843812
1781531082.682715,0.066237545588433,0.8407644621629748,0.33069520382701934,-0.26123830611309784,0.026695871891002865,-0.031841266118162626,0.06628784948323835,0.8408037326197186,0.3307090878024342,-0.2614727840520341,0.026827271226600446,-0.0320455895408034,2.5841485691357506e-05,-4.7418149845381985e-05,0.00010023780073303092,0.001775701893258145,-0.0008728774454465769,0.0006318596173558234,-8.137174330814833e-06,7.02944009752268e-05,0.00011621819166608339,0.001243380123333775,-0.0001765193984522732,-0.0004448128849278972,0.06531014759417586
1781531082.692679,0.06623759829062037,0.8407625087772227,0.3306925793589602,-0.26117050698487265,0.026694158511498367,-0.03183016499905936,0.06628784948323835,0.8408037326197186,0.3307090878024342,-0.2614727840520341,0.026827271226600446,-0.0320455895408034,2.525064256015854e-05,-5.17902933950595e-05,7.375033542853466e-05,0.002318799034553516,-0.0008266451242888121,0.0006750847980013333,-0.00019899954518579516,-0.00017322273979970945,-8.760648846088142e-05,0.0007565548768962058,-0.0001536202940496334,1.8078667075038757e-05,0.06706054171861242
1781531082.70269,0.06623906992650815,0.8407679134874022,0.33069299026500387,-0.2611369030260176,0.026658318917936352,-0.03178638572301912,0.06628784948323835,0.8408037326197186,0.3307090878024342,-0.2614727840520341,0.026827271226600446,-0.0320455895408034,3.8917788059738905e-05,-2.627057866859139e-05,5.645947787102111e-05,0.002419964719410903,-0.0012376075645935004,0.0009619379936451008,1.88473311630048e-05,-0.00018546875210821587,-0.00034484650978484563,0.00039415884276361343,-0.00035518630738491175,8.011169827095608e-05,0.06262256866351949
1781531082.7127376,0.06624034927099834,0.8407725105108613,0.33069320617798226,-0.261110892535975,0.02662904458538118,-0.03175071151149801,0.06628784948323835,0.8408037326197186,0.3307090878024342,-0.2614727840520341,0.026827271226600446,-0.0320455895408034,4.9396277647492514e-05,-5.451161920520895e-06,4.186344272825802e-05,0.00242952355547722,-0.0015116488522905086,0.001150539754652132,-5.192989467466273e-06,-3.103651361759907e-05,0.00015411184608928274,0.0009801748159182478,-0.0003686876758150073,0.00018191255282229378,0.05901962588474909
1781531082.7227166,0.06624146000701826,0.8407763948398442,0.3306932581673432,-0.2610912832322832,0.026605490976687296,-0.03172208641841477,0.06628784948323835,0.8408037326197186,0.3307090878024342,-0.2614727840520341,0.026827271226600446,-0.0320455895408034,5.718222677404342e-05,1.1331178652145822e-05,2.961568525638242e-05,0.0023701828737729795,-0.001675599068820469,0.0012603616878637612,-0.00017910311406827515,5.42191551418186e-05,0.00025367327322224577,0.0013472040574364127,-0.0010457958573104388,0.0007302239219066658,0.0561241040868313
1781531082.7327225,0.06624242229126888,0.8407796539818151,0.33069317578417495,-0.26107700664421285,0.02658686863135018,-0.03169952637622753,0.0662820312820433,0.8407991925588296,0.3307054019169057,-0.2614266388494535,0.02680018840937093,-0.03203166677883733,6.270802082526134e-05,2.4660013561212816e-05,1.9408253576548466e-05,0.0022608424652735687,-0.0017525744362644597,0.001308149831177068,-0.00021675982107491123,-1.9851648865606912e-05,9.602228409819673e-05,0.00164088780214567,-0.0012856465429942074,0.0010707854987510367,0.04582691854652548
1781531082.742698,0.06624325341644534,0.8407823678757083,0.33069298640926936,-0.2610671162992072,0.02657245098572547,-0.03168212809385104,0.0662820312820433,0.8407991925588296,0.3307054019169057,-0.2614266388494535,0.02680018840937093,-0.03203166677883733,6.634940564015593e-05,3.5047576969495874e-05,1.0968079188588464e-05,0.0021170319238856955,-0.0017622757890093292,0.0013081496100282078,-1.1564442695062628e-05,4.916193467149937e-05,0.00011253497626356732,0.002019388113594719,-0.0011390102093369937,0.0008615792985613853,0.0440560739550731
1781531082.7527483,0.06624337306832487,0.8407774427758603,0.33069321069569035,-0.2611594660235128,0.026613356095710472,-0.03174248356280365,0.0662820312820433,0.8407991925588296,0.3307054019169057,-0.2614266388494535,0.02680018840937093,-0.03203166677883733,5.574981669099697e-05,1.1965745820187559e-05,3.1049789055033206e-05,0.0008950055412834089,-0.0009688211043368093,0.0006442803991552077,1.2896674808105092e-05,0.00013494745476585877,3.369465981408853e-05,0.0022404200688421797,-0.0016213963522037308,0.0011698458971190278,0.046001482822110126
1781531082.7627344,0.06624344400656652,0.8407732082132161,0.3306933889716432,-0.2612379851211886,0.026648463641704367,-0.031794052279415064,0.0662820312820433,0.8407991925588296,0.3307054019169057,-0.2614266388494535,0.02680018840937093,-0.03203166677883733,4.653434447089281e-05,-6.715346686254536e-06,4.677741423777501e-05,-4.5116615215045675e-05,-0.00034779242329101377,0.00012923178044209327,2.280995309064674e-06,0.0001341374795548549,0.0003096194833341904,0.0026597800750274366,-0.0015693523011495868,0.001199826812224678,0.048046590925501814
1781531082.772743,0.06624346949472604,0.8407695903100117,0.33069354291933806,-0.26130399179345526,0.026678266977172127,-0.03183762535496877,0.0662820312820433,0.8407991925588296,0.3307054019169057,-0.2614266388494535,0.02680018840937093,-0.03203166677883733,3.854677339094305e-05,-2.1626935948719822e-05,5.881041215234271e-05,-0.000748283664439337,0.00012704387094822204,-0.00026021277547161553,1.2094204236800565e-05,0.0002810627397100316,0.00027059404534017533,0.0023490719611939546,-0.0015923696502078996,0.0011497850890845396,0.05003938848033119
1781531082.7827227,0.06624345411265763,0.840766519802997,0.33069368647240105,-0.26135881627476504,0.026703280829199816,-0.03187401447527932,0.06628245917367864,0.8408064037018244,0.33071338057042754,-0.2613141765100116,0.02672326912733225,-0.03197167027415254,3.1646139016159656e-05,-3.332352423185017e-05,6.772499218602101e-05,-0.0012546605966317144,0.00047934546839007217,-0.0005448866415226116,6.182700047674901e-05,0.00017676063150819338,0.0002477850030299198,0.0019023988154847466,-0.0017131418756431752,0.0010579903706579054,0.0591606090908608
1781531082.7927587,0.06624391728536014,0.8407633887225138,0.330693427154864,-0.2613409087972649,0.02669589526956062,-0.03186237815216464,0.06628245917367864,0.8408064037018244,0.33071338057042754,-0.2613141765100116,0.02672326912733225,-0.03197167027415254,3.3893817908427546e-05,-5.3367074441376815e-05,5.816853285305609e-05,-0.0009255387266661739,0.00031639011748163905,-0.0003835578883959232,-0.0002787854916846091,-0.00011450685827642869,-0.0002860599596623203,0.000667311080787728,-0.0005670991571825143,0.0008107874675837989,0.06110568216539027
1781531082.8027093,0.06624429347236176,0.840760733235464,0.3306931798650311,-0.2613249862788862,0.026689493197099123,-0.03185217557361314,0.06628245917367864,0.8408064037018244,0.33071338057042754,-0.2613141765100116,0.02672326912733225,-0.03197167027415254,3.526872509092962e-05,-6.878128340995729e-05,4.9759809493786756e-05,-0.0006536043146071386,0.0001856326549783786,-0.0002521808768874118,0.00011360842534007206,-3.772364865968989e-05,0.00019587135534923135,0.0007237822864888147,-0.0007653799757004919,0.0003131861676330948,0.06285284999981314
1781531082.812737,0.06624459625051991,0.8407584914951823,0.3306929421108238,-0.2613109868585654,0.02668400327745779,-0.03184332650965831,0.06628245917367864,0.8408064037018244,0.33071338057042754,-0.2613141765100116,0.02672326912733225,-0.03197167027415254,3.5925573106527105e-05,-8.028386783765747e-05,4.237900482320344e-05,-0.0004319621214170158,8.257918774133402e-05,-0.00014684179226240129,0.00025557998792743737,-0.0001527228184583358,-0.00020514931590604707,-2.8063469262851734e-05,-0.0006406077337425461,8.892928786262088e-06,0.06439651486226444
1781531082.8226836,0.06624483718231863,0.8407566090211516,0.3306927124962885,-0.26129881154589013,0.026679347093528705,-0.03183573379854972,0.06628245917367864,0.8408064037018244,0.33071338057042754,-0.2613141765100116,0.02672326912733225,-0.03197167027415254,3.599765956972435e-05,-8.850055567730659e-05,3.5916907968367965e-05,-0.00025406914060344094,3.1042548012594673e-06,-6.389542788627411e-05,-0.0002509479089095792,-0.0001519658329239576,-0.0005395614482626828,-0.0006759523025373135,-0.00024542515268132506,0.0004800839004217175,0.06574263263525404
1781531082.8327372,0.06624502610831484,0.840755037868582,0.3306924904104136,-0.26128833624070213,0.02667544306683811,-0.03182929025214218,0.06628221859431616,0.8408049538276231,0.3307118362160798,-0.2612773335728106,0.026683215977625574,-0.03194249703911016,3.5599401749353805e-05,-9.397530017637396e-05,3.027420641150409e-05,-0.00011382538217321063,-5.6528624609079524e-05,2.3874527998421794e-09,-3.2391091743436756e-05,-0.00018748481128536907,-0.0002736678212627624,-0.00033937529462401973,1.7207096972208675e-05,2.6941000821648137e-05,0.06518545987280312
1781531082.8426874,0.06624517139945256,0.8407537358866227,0.33069227577885074,-0.26127942142608046,0.026672209482748954,-0.0318238841040306,0.06628221859431616,0.8408049538276231,0.3307118362160798,-0.2612773335728106,0.026683215977625574,-0.03194249703911016,3.482861049666506e-05,-9.71795156041746e-05,2.5360792159283415e-05,-5.629767226010692e-06,-9.966220290255712e-05,4.787873232109843e-05,-2.5994075338326298e-05,-2.507227811480576e-05,0.00023591771833506012,0.000256280545331633,3.6186457763221906e-06,8.91330023948546e-05,0.06616934964295602
1781531082.8527625,0.06624290098840155,0.8407530890394408,0.33068975869323297,-0.26125065571143313,0.026657198619626454,-0.03183620916102903,0.06628221859431616,0.8408049538276231,0.3307118362160798,-0.2612773335728106,0.026683215977625574,-0.03194249703911016,1.9739256161992302e-05,-8.63291843353199e-05,6.506955650090957e-07,0.0003126584824918329,-0.00021222367338444325,-0.00012961829328686828,-0.00025739522554651576,-6.46754040908504e-05,0.00017477996471119706,-7.326251365876478e-05,-5.62026906133459e-06,0.0003027292604983738,0.06872588597540626
1781531082.86268,0.06624095117159602,0.8407526145769876,0.33068756593347787,-0.2612267463777121,0.026644792535064132,-0.03184651131514114,0.06628221859431616,0.8408049538276231,0.3307118362160798,-0.2612773335728106,0.026683215977625574,-0.03194249703911016,7.375811195295845e-06,-7.652495127530602e-05,-1.9194151550090673e-05,0.0005425826693181337,-0.0002907530777953305,-0.00025906290850619113,-8.067823611381576e-05,-0.00026588764165263085,-9.979968957752312e-05,-0.00038233151108107847,0.000662922285785483,-0.0002613351804411358,0.07093267196876418
1781531082.8727453,0.06623928418190834,0.8407522891056028,0.3306856581912276,-0.26120713025652653,0.026634677654209904,-0.03185501570181902,0.06628221859431616,0.8408049538276231,0.3307118362160798,-0.2612773335728106,0.026683215977625574,-0.03194249703911016,-2.6426895134366333e-06,-6.768472736004471e-05,-3.488185264032474e-05,0.0007000050315516405,-0.00034163383240855565,-0.00034896020046404217,-7.0988088556932754e-06,-0.00016636300095449326,0.00021898054561344935,-7.008832360705505e-06,8.668936341995926e-05,-0.00011977935843478552,0.07281638345481266
1781531082.8827379,0.06623786581269148,0.8407520903771397,0.33068400151203536,-0.26119126786174807,0.026626556322241868,-0.03186194023529702,0.06627786280653264,0.8407957651876801,0.33071384279299804,-0.26128449294612266,0.02668344280113577,-0.031938195191881166,-1.0651787351297946e-05,-5.9730398718099795e-05,-4.703352940910352e-05,0.000798795173359042,-0.0003704056367469425,-0.00040676526806951636,-0.00020724601611435726,-0.00019858143407709976,-4.195549707418071e-05,-8.40940493803607e-05,-6.0446365390613976e-05,0.0003234503900823282,0.06631553846240472
1781531082.8927922,0.0662366652129643,0.8407519976587613,0.33068256641799104,-0.2611786522196558,0.02662015095855108,-0.03186749145134356,0.06627786280653264,0.8407957651876801,0.33071384279299804,-0.26128449294612266,0.02668344280113577,-0.031938195191881166,-1.6946307110059392e-05,-5.2588032437966455e-05,-5.619260670294359e-05,0.0008509500382263063,-0.0003818243844715337,-0.00043894242138252105,0.00023427996557722164,-0.00016405315191027624,-0.00022448489945034797,-4.2893566604421744e-05,-0.00029151386600099777,-0.00010273438338391562,0.06775728696646324
1781531082.90274,0.06623816668912774,0.840750854119465,0.33068485260988123,-0.2612635766867978,0.02665521983503938,-0.03190036216194929,0.06627786280653264,0.8407957651876801,0.33071384279299804,-0.26128449294612266,0.02668344280113577,-0.031938195191881166,-1.1853879990459499e-05,-5.545020550547981e-05,-2.10942110289552e-05,-0.00015970279418998858,0.00012199029660867511,-0.0006387025360834051,-5.3889261873805124e-05,-0.00021579993523488186,1.9358965500750808e-05,0.0002512204764787183,-0.0006653329894502927,0.00037043320715812137,0.0665824038495457
1781531082.9127197,0.06623944496748074,0.8407499389676699,0.33068686779071216,-0.2613348442223594,0.026684756692453737,-0.03192741587946438,0.06627786280653264,0.8407957651876801,0.33071384279299804,-0.26128449294612266,0.02668344280113577,-0.031938195191881166,-7.615615522216689e-06,-5.70452707957109e-05,7.349123786206234e-06,-0.0009125802936881339,0.0004961400421300636,-0.0007708931459166376,-8.258150919810112e-05,-0.00014470476373164,7.866019151431155e-06,0.0005298482760671833,-0.00034901529964275694,0.00024475728373105863,0.06560200870521438
1781531082.9227319,0.0662405246058318,0.8407492172453587,0.33068865008909487,-0.2613939280649209,0.026709340618789712,-0.031949370138983774,0.06627786280653264,0.8407957651876801,0.33071384279299804,-0.26128449294612266,0.02668344280113577,-0.031938195191881166,-4.1167530125714215e-06,-5.760292488410637e-05,3.0089548483013093e-05,-0.0014517068905115864,0.0007628953272897724,-0.0008488377599477449,-4.461552670837733e-05,-0.00017542451469961258,-2.6759558042113345e-05,0.0003406206018295156,-0.00029832721036844264,3.739358785066814e-05,0.06477286851672485
1781531082.9327533,0.0662414288677809,0.8407486583617471,0.33069022994983344,-0.2614422656154409,0.02672954095844382,-0.031966902243133616,0.06627476605759952,0.8407866340521701,0.3307134946196053,-0.2612679766623074,0.02666374226448509,-0.03192525932391595,-1.2557966848340235e-06,-5.7320707068135724e-05,4.79636857748574e-05,-0.0018159196127396915,0.0009418821987939301,-0.0008840041026797751,-0.0002516551978427421,-6.404008264542451e-05,-0.00017433104994946187,0.00018779897094469046,-0.0010560972513634333,0.0006709095927112358,0.05563062239186897
1781531082.9427495,0.06624837167237255,0.8407616301744608,0.33069608594699546,-0.2614393043716129,0.02668895915909819,-0.03185433007555369,0.06627476605759952,0.8407866340521701,0.3307134946196053,-0.2612679766623074,0.02666374226448509,-0.03192525932391595,5.147545094947654e-05,-1.3963069267513825e-05,6.660535001665665e-05,-0.0016178681127658274,9.353045353267635e-05,0.0002847541447538245,-7.025245805061303e-05,-0.0003101086104140686,-0.00023735294011828782,4.683929533938505e-06,-0.0006641660584287423,0.00011288151345385093,0.04031028843917497
1781531082.9527056,0.06625607633054904,0.8407781775983327,0.33069989013403844,-0.2615035679060105,0.026649259696027494,-0.031746744014077274,0.06627476605759952,0.8407866340521701,0.3307134946196053,-0.2612679766623074,0.02666374226448509,-0.03192525932391595,0.00010524968500909108,4.214339885701443e-05,7.371182075716e-05,-0.0021738419111246277,-0.00063916160917624,0.0012758229373616018,-0.00019402683698410477,-0.00030202194065579737,-0.000233931940660601,-4.553850520100248e-06,-0.0003973021438320885,0.00019889638647915687,0.02461502663546202
1781531082.9626963,0.06626265636959108,0.8407920958289001,0.33070307396869364,-0.2615556604452473,0.02661613681306485,-0.03165753677161187,0.06627476605759952,0.8407866340521701,0.3307134946196053,-0.2612679766623074,0.02666374226448509,-0.03192525932391595,0.00014708457603214892,8.665016549448573e-05,7.84827010629166e-05,-0.0025309113734502888,-0.001170652739098979,0.001983469782529307,-0.0005014627689537966,-0.0003401915920066448,-0.00030384305972529766,-0.00032942626842660843,0.0002744780948670276,0.00022868828738775902,0.01688388326579298
1781531082.9726794,0.06626825436766627,0.8408037045713781,0.33070571204822446,-0.2615972070185577,0.0265888470298119,-0.031584542385994924,0.06627476605759952,0.8407866340521701,0.3307134946196053,-0.2612679766623074,0.02666374226448509,-0.03192525932391595,0.00017880479245979122,0.00012128105727692878,8.131818017475663e-05,-0.0027291743146015015,-0.0015368411148680779,0.0024593891132463777,-0.0002380611040107991,-0.00012723741862943614,9.425234547585351e-05,-0.00043058773753370036,-1.8834842957907896e-05,0.00021926595748110981,0.019858830507210695
1781531082.9827592,0.06627299580784579,0.8408132986809762,0.33070787353523945,-0.26162971404558344,0.02656667391045131,-0.03152569408962484,0.06626559142089522,0.8407761622942842,0.33070922899468436,-0.2612731774487764,0.026655735421587723,-0.03192099256003515,0.00020200329232604233,0.00014754505330636327,8.256404276941028e-05,-0.00280302170673325,-0.0017691491527112469,0.002748656538813306,-0.00019548536395882737,-0.0002932729839971609,-0.000335949617389463,-0.0008748184419205362,0.0007678651357333451,-5.3839397607636307e-05,0.03789160108729504
1781531082.9926903,0.0662769911408913,0.8408211474567838,0.3307096218995068,-0.26165455781517977,0.02654894084084236,-0.03147905602695762,0.06626559142089522,0.8407761622942842,0.33070922899468436,-0.2612731774487764,0.026655735421587723,-0.03192099256003515,0.00021806683837520752,0.00016675953855798886,8.251801755717541e-05,-0.0027816271850787263,-0.001894785528586401,0.0028901546381024175,-0.00013339857969901892,-0.00022297152978698485,8.068121906754534e-06,-0.0008806225579352831,0.0005044274443697643,0.00019133343549730095,0.04640875817457398
1781531083.0027375,0.06627584262155722,0.8408189845650212,0.33070357378018267,-0.2616017949690143,0.026591634516612617,-0.03151179582760709,0.06626559142089522,0.8407761622942842,0.33070922899468436,-0.2612731774487764,0.026655735421587723,-0.03192099256003515,0.00019051944339018015,0.00016246128340821462,5.3005731985646424e-05,-0.0018926594800180848,-0.0011450564328146086,0.0023500559458359163,9.697062508317596e-05,-0.0003524066125684229,-0.0001449347533310482,-0.0015724023193600357,-0.0014236242913721574,0.0015386935449542805,0.044393867111902616
1781531083.0127347,0.06627475349929683,0.8408169128916011,0.3306983761465724,-0.2615557417782949,0.026628001589463324,-0.031541687896219486,0.06626559142089522,0.8407761622942842,0.33070922899468436,-0.2612731774487764,0.026655735421587723,-0.03192099256003515,0.00016599105947936993,0.0001569522101523313,2.8642425015161636e-05,-0.0011747746011172146,-0.0005519705340784328,0.0018810523836946553,-8.051970556161794e-05,-0.00011535397203308853,-4.137026404775584e-05,-0.0012965423556733707,-0.0008683162880784693,0.00205484814494622,0.04315482793920896
1781531083.0227575,0.06627372099427499,0.8408149651528473,0.3306939371697809,-0.2615159765133437,0.02665863288520698,-0.03156862833139548,0.06626559142089522,0.8407761622942842,0.33070922899468436,-0.2612731774487764,0.026655735421587723,-0.03192099256003515,0.0001441970561355802,0.00015054093018017117,8.721287665471213e-06,-0.0006047278211716446,-9.248544548593076e-05,0.0014781555201887802,-0.000276555058865813,-0.00021428740426030038,-0.00020804148240854953,-0.001738877511757487,-0.0012560975512611405,0.0027289454964199637,0.042492254645754034
1781531083.0327444,0.06627274336885358,0.8408131615198169,0.3306901707318462,-0.26148201104109203,0.026684128059424328,-0.0315926200308443,0.0662567323011315,0.8407625662727582,0.3307004839772919,-0.2613495390135683,0.02661705592208774,-0.031841108702145834,0.0001248742922510576,0.00014348662030525612,-7.3813741362242185e-06,-0.00016105565300956397,0.00025432047938973054,0.0011358182665877348,-0.00010091412246878695,-0.00028632122324634104,-0.000281347510933633,-0.002042440660442695,-0.0017424334549996589,0.002908710590786931,0.05406104277711654
1781531083.0427673,0.0662718195396112,0.8408115124254165,0.3306869968895832,-0.2614533208512563,0.026705076987511456,-0.031613745833917656,0.0662567323011315,0.8407625662727582,0.3307004839772919,-0.2613495390135683,0.02661705592208774,-0.031841108702145834,0.00010778021209600794,0.0001360054885569175,-2.0214629209355208e-05,0.00017578318589410994,0.0005072072683604615,0.0008482267665495926,-0.0001232792859859762,-0.0002245495328812038,-0.0003856914850873167,-0.0019655519951802735,-0.00131106608642085,0.0026806653126368566,0.052964631216052625
1781531083.0527537,0.06627296976869587,0.8408062431655046,0.33068901232572856,-0.2613800706093256,0.026692844474112798,-0.03159783580452763,0.0662567323011315,0.8407625662727582,0.3307004839772919,-0.2613495390135683,0.02661705592208774,-0.031841108702145834,0.00011047361191736961,9.73881328212394e-05,-1.3451456948937978e-05,0.000951701036809204,0.00027827322397307717,0.0008888430820166414,-9.535003933286181e-05,-0.0002079370636671866,-0.0001906221880855932,-0.0015504012988615634,-0.001503019325621922,0.002678366142539873,0.04798880184447213
1781531083.0627372,0.06627389553599636,0.8408016552131395,0.3306907516899559,-0.2613193542187551,0.026682097379411518,-0.031585177302169365,0.0662567323011315,0.8407625662727582,0.3307004839772919,-0.2613495390135683,0.02661705592208774,-0.031841108702145834,0.00011123598814835768,6.51531498881404e-05,-7.85172021481355e-06,0.0015070185063307314,9.91211751551372e-05,0.000894947077404521,0.0001223283389376465,-0.0002407841552634507,-0.00024068293656955727,-0.0012573442688266745,-0.0007947841739555602,0.0018428986005596623,0.04378629132445236
1781531083.0727367,0.06627463112708201,0.840797676381183,0.3306922413610786,-0.2612696909389678,0.02667275771911659,-0.03157530149092576,0.0662567323011315,0.8407625662727582,0.3307004839772919,-0.2613495390135683,0.02661705592208774,-0.031841108702145834,0.00011043853040320413,3.845021445448206e-05,-3.2569126361077678e-06,0.0018818472420816038,-3.782642165428695e-05,0.0008750246715584953,-0.00034648263532298954,0.00010627330797521342,0.0001846371939809017,-7.215713544287035e-05,0.00025978784725542303,0.001590159720353177,0.040261997044882286
1781531083.0827327,0.06627520603726851,0.8407942401605305,0.3306935071595447,-0.261229668758591,0.02666472846220791,-0.03156778092391145,0.0662481213831086,0.8407557114543761,0.3306910097115652,-0.2614043015264078,0.02656813258238766,-0.03172396421766667,0.00010839898441898768,1.6526611536930593e-05,4.7294391906856554e-07,0.0021111819593565054,-0.00013940256710691972,0.0008361465913749027,-0.00039189606097140585,-7.341363402708434e-05,-0.00020625424119965544,-0.00035379940141534364,0.0011807476344201867,0.0009117279877023278,0.047162240567052184
1781531083.0927234,0.06627564561663152,0.840791285565768,0.330694573883544,-0.26119796581171717,0.026657900978287463,-0.03156223086942696,0.0662481213831086,0.8407557114543761,0.3306910097115652,-0.2614043015264078,0.02656813258238766,-0.03172396421766667,0.00010538816646192455,-1.2824772401949087e-06,3.4611799446125163e-06,0.0022252255413011926,-0.00021169532475288309,0.000784129637697198,-0.00012004559832186598,4.2004068433349394e-05,5.848203859329498e-05,0.0002859986703692359,0.00017916842316086944,0.000841082207257425,0.0451198864608603
1781531083.1026986,0.0662670240668606,0.8407834038053653,0.33068782227986043,-0.2611376740982003,0.026691601554563293,-0.031646966798984794,0.0662481213831086,0.8407557114543761,0.3306910097115652,-0.2614043015264078,0.02656813258238766,-0.03172396421766667,3.6969840982620705e-05,-1.0228700692138117e-05,-2.926630683368886e-05,0.0026649382604284483,0.00040588937445025524,-9.986151569710375e-05,-0.00023552531630410958,-1.1570842034980552e-05,-0.00033527360652958597,1.219610455197697e-05,0.0005650662013471334,0.0006658559751651362,0.033679926918120176
1781531083.1127415,0.06625958434224177,0.8407768210807278,0.3306820806402015,-0.2610894077329014,0.026719614129858682,-0.03171805139736657,0.0662481213831086,0.8407557114543761,0.3306910097115652,-0.2614043015264078,0.02656813258238766,-0.03172396421766667,-1.842299927468403e-05,-1.7280880671915294e-05,-5.516822074447546e-05,0.0029214545776473175,0.0008575056819389688,-0.0007594781173332509,-2.7030373735413064e-05,-2.775014535583704e-05,-9.37731814331953e-05,0.0005847325317443065,0.0009065799964246105,0.0002372378089921414,0.025627018402763595
1781531083.1227381,0.06625318442001941,0.8407713852108145,0.3306772287264964,-0.26105147230405346,0.026742597343147656,-0.03177696205755326,0.0662481213831086,0.8407557114543761,0.3306910097115652,-0.2614043015264078,0.02656813258238766,-0.03172396421766667,-6.265744616716901e-05,-2.2723215121758713e-05,-7.526254445752194e-05,0.0030336862142924534,0.0011724077047805066,-0.0012329215945510628,-9.568605819180404e-05,0.0002055436166349923,0.0002520330809316329,0.001225469191917706,-0.00015908336775426047,0.0009203385066189339,0.02147595243793388
1781531083.13274,0.06624769821206457,0.8407669520735261,0.3306731567318223,-0.26102231555410216,0.02676118254716986,-0.03182513888961981,0.0662428562280965,0.8407613717480467,0.33069337132052085,-0.2613757926579437,0.026584791738683444,-0.03168818433672842,-9.737373908486112e-05,-2.6804248896964372e-05,-9.044007519446457e-05,0.003034737939005108,0.0013762562519496256,-0.0015539113935252613,0.000107237485545821,0.0001498238245819429,0.00021755113077294138,0.0009629051251101289,-0.00011020959277026862,0.0004907593836484499,0.021522417091386605
1781531083.142738,0.06624301380154775,0.840763387342617,0.33066976500385803,-0.26100053421451963,0.026775963337450026,-0.03186395466460071,0.0662428562280965,0.8407613717480467,0.33069337132052085,-0.2613757926579437,0.026584791738683444,-0.03168818433672842,-0.00012400922284905967,-2.9740756196440152e-05,-0.000101478221808511,0.0029524573819201747,0.0014913175258297491,-0.0017518856835608322,-0.00013254102397057058,0.00023033250539990558,0.0002531208230703718,0.001572171187809398,2.9613515336331364e-05,0.0005999195448331331,0.02369273384921554
1781531083.1526783,0.06624281520750577,0.8407708390604616,0.330672040431248,-0.26104865081246864,0.026753376969536058,-0.031867840440085504,0.0662428562280965,0.8407613717480467,0.33069337132052085,-0.2613757926579437,0.026584791738683444,-0.03168818433672842,-0.00011466086303802603,1.4746969527885456e-05,-8.734067515344876e-05,0.0021060754013654667,0.0011010119029999273,-0.0016652357635840156,-6.966659266089866e-05,0.00030279202839768744,0.00036138533357636833,0.0017591351593796126,3.9698532025273885e-05,0.00032260981965686534,0.02333749181513706
1781531083.1627684,0.06624958679298112,0.8407785573943467,0.3306760251538548,-0.26108367067382143,0.026715145656963646,-0.03180019374488767,0.0662428562280965,0.8407613717480467,0.33069337132052085,-0.2613757926579437,0.026584791738683444,-0.03168818433672842,-5.729348858659116e-05,3.195243977790771e-05,-6.970302914074562e-05,0.0014743415530190174,0.00038687729743212926,-0.000877942748522687,-0.00010710306968641181,0.00023792704715013024,0.00021942784389997292,0.0021127869704299857,6.014731699959463e-05,0.00040835606362965246,0.02532856964817559
1781531083.1727145,0.06625543895687615,0.8407851609445246,0.33067944679165107,-0.2611144579752063,0.026682857366318702,-0.031742424983332865,0.0662428562280965,0.8407613717480467,0.33069337132052085,-0.2613757926579437,0.026584791738683444,-0.03168818433672842,-1.0514533872926385e-05,4.535965951519411e-05,-5.4660792294783066e-05,0.0009606492709073376,-0.00015878715451203432,-0.0002640160829519903,1.9619121988926925e-05,0.00037477878128688207,0.00012969990301105956,0.0026097525966367304,0.0013781556836564156,-0.0003572636669362799,0.03030088178343212
1781531083.1827443,0.06626048322496239,0.8407907614161463,0.33068236489239883,-0.2611412309124771,0.026655905489348264,-0.03169363890483916,0.0662428562280965,0.8407613717480467,0.33069337132052085,-0.2613757926579437,0.026584791738683444,-0.03168818433672842,2.7171584893666277e-05,5.5547862627128435e-05,-4.189268066200952e-05,0.0005494623858445014,-0.0005632868802385935,0.00020320745131528745,-7.346274261235945e-05,0.000568048358333843,0.0006763856326663212,0.003321979754659368,0.0008267003654300146,-0.0003360334033146019,0.03599451443652374
1781531083.1927402,0.06626481812561122,0.840795467360006,0.33068483614710414,-0.26116426291203926,0.02663368948635103,-0.031652918816691036,0.06623731841267011,0.8407769282935753,0.33070912984438433,-0.2612768418431775,0.026612300922140175,-0.031676087289560784,5.7080697691717024e-05,6.302283073641712e-05,-3.111196063450621e-05,0.00022633439667802682,-0.0008509448314576366,0.0005477215548224126,-5.834702558071277e-05,0.00017740691607569814,0.00016759691231513964,0.0017569389346184727,0.0016843309987930372,-0.0011870171621493413,0.04111100732779313
1781531083.2027543,0.06626284732161193,0.8407901325973105,0.3306864491876631,-0.2611769698867032,0.026628880148222622,-0.03167610852513268,0.06623731841267011,0.8407769282935753,0.33070912984438433,-0.2612768418431775,0.026612300922140175,-0.031676087289560784,4.0754164428443636e-05,3.195086952537738e-05,-2.0148921367654888e-05,6.963712154378534e-05,-0.0007434768739345033,0.00022987893544503278,-4.915237970156143e-05,0.00033491105837879905,0.0003965710322674816,0.0019430410487540387,0.0017545515329809704,-0.0013621361628482578,0.03661271661864648
1781531083.2126987,0.06626114780166346,0.8407855354477655,0.33068780338747517,-0.2611877313619899,0.026625439900352266,-0.0316959933660875,0.06623731841267011,0.8407769282935753,0.33070912984438433,-0.2612768418431775,0.026612300922140175,-0.031676087289560784,2.7131265207386395e-05,6.602283310743723e-06,-1.1092780482029247e-05,-4.967778144869451e-05,-0.0006426037390544088,-1.4561761263534156e-05,0.0002942492524035004,0.00027354781468173404,0.0003507037345341068,0.001716202308350701,0.0012730955375003922,-0.001578646259629932,0.03311707486098644
1781531083.222689,0.06625968666838783,0.8407815945333535,0.330688934322867,-0.2611967405811962,0.02662311966907427,-0.03171285770553184,0.06623731841267011,0.8407769282935753,0.33070912984438433,-0.2612768418431775,0.026612300922140175,-0.031676087289560784,1.585138677502372e-05,-1.3830538789574223e-05,-3.6821969217396074e-06,-0.00013771716833458182,-0.000549433066691974,-0.0001973139817860137,8.606092078434802e-05,0.00023026426687505842,5.116139575589044e-06,0.0009544431650861848,0.0004067974273237344,-0.0007260125476339759,0.030495438132256043
1781531083.2326941,0.06625843454913437,0.8407782347765145,0.3306898734835744,-0.26120419029527203,0.026621702168386996,-0.03172699728141437,0.06623731841267011,0.8407769282935753,0.33070912984438433,-0.2612768418431775,0.026612300922140175,-0.031676087289560784,6.595350040566706e-06,-3.005821283200639e-05,2.3134777785819883e-06,-0.0001999128451272405,-0.00046458393316884826,-0.0003288427702531993,-5.667988643566068e-06,0.00011051056483908095,0.0003964286562896559,0.001044514708160127,0.00021464683101965086,-0.00018621228865030206,0.028607788248810023
1781531083.2428467,0.06625736528245585,0.8407753873475811,0.3306906486055512,-0.2612102676107456,0.02662099987737787,-0.03173870825884234,0.06623496602579204,0.8407903563899743,0.33072260309961427,-0.26118807396048743,0.026671226202061193,-0.031717680436660844,-9.187175301703968e-07,-4.270448580412556e-05,7.097330346674022e-06,-0.00024104212992230145,-0.0003882924057241942,-0.000418391334913173,-0.00022853826283767299,1.9792177431471706e-05,-2.126480511899559e-05,-2.5090171948599235e-05,2.5550184400322682e-06,0.00027202855799061433,0.04179579667968846
1781531083.2526863,0.06625534473386818,0.8407727235515463,0.33069065528752073,-0.26118052045780177,0.026615002900261864,-0.031720370644367876,0.06623496602579204,0.8407903563899743,0.33072260309961427,-0.26118807396048743,0.026671226202061193,-0.031717680436660844,-1.2507886543547701e-05,-6.0097479540134074e-05,3.245561841677036e-06,0.0001047423033930777,-0.000460700054337927,-0.00019628878628007087,-2.6654526030634242e-05,-2.557592302848824e-05,0.00023905436759240917,0.00025907133997727565,9.111115316714792e-06,8.7261436617247e-05,0.04179559105271461
1781531083.2627363,0.06625363066215484,0.8407704692078412,0.3306906221329,-0.2611555948050415,0.026610413766744445,-0.03170488239407382,0.06623496602579204,0.8407903563899743,0.33072260309961427,-0.26118807396048743,0.026671226202061193,-0.031717680436660844,-2.1652872664670922e-05,-7.329861186611947e-05,1.1234093226081966e-07,0.0003609602032790556,-0.0005023416917848362,-2.4502490569206273e-05,-1.2751796661113472e-05,4.116253084363669e-05,4.906178279493617e-05,0.0002345637234128277,-0.0005576490195536497,0.0005288302408831585,0.04203154643517554
1781531083.2727337,0.06625218453342437,0.8407685699266061,0.3306905572668694,-0.26113496400611286,0.026607005177991194,-0.031691952975680546,0.06623496602579204,0.8407903563899743,0.33072260309961427,-0.26118807396048743,0.026671226202061193,-0.031717680436660844,-2.871985812038825e-05,-8.296735864255449e-05,-2.404348168321418e-06,0.0005430554464524976,-0.0005197916412613401,0.00010488142718601155,0.00020322995863725132,2.4765483271780515e-05,5.0034516547727486e-05,0.0002394595328665756,-0.0005360100683228386,0.00026398666520765856,0.042403565740299735
1781531083.2827141,0.06625097180952853,0.8407669781281036,0.3306904681306364,-0.26111811590535217,0.02660457449620468,-0.031681294676053656,0.06623496602579204,0.8407903563899743,0.33072260309961427,-0.26118807396048743,0.026671226202061193,-0.031717680436660844,-3.402913454970577e-05,-8.967788829658489e-05,-4.39421307884947e-06,0.0006646285724205184,-0.0005186379910874707,0.00019895319795670716,0.00017794253267664728,0.0001065610749074069,0.00011346873255604383,0.00012828486372943698,-0.00020542216674315523,-7.2441809061852e-05,0.042841387376260726
1781531083.2929208,0.06624996165050681,0.8407656522008772,0.3306903613825367,-0.26110456322277764,0.026602943109540478,-0.031672629766483634,0.06623653520819389,0.8407893875155887,0.33072174227764206,-0.26119018814947415,0.02664959297018399,-0.03170386981744447,-3.786009543948057e-05,-9.392861144105801e-05,-5.935944064706226e-06,0.0007375266799132697,-0.0005035769214138247,0.00026399185421138954,3.826071579993724e-05,-2.0336893163741517e-05,0.0002280886062939087,0.0002625247130605071,-0.0003714175286463991,9.218299363448808e-05,0.04157397136733269
1781531083.3027303,0.06625227350869568,0.8407664519402299,0.3306964029924255,-0.26105279043190643,0.026584956977198093,-0.03164950996435344,0.06623653520819389,0.8407893875155887,0.33072174227764206,-0.26119018814947415,0.02664959297018399,-0.03170386981744447,-1.7497021456096152e-05,-8.461690605839815e-05,2.4339405015068065e-05,0.001215607776818151,-0.000703204046722635,0.00042824779611514883,1.576211958915365e-05,-0.00012115235270097633,-0.0002079588894537477,3.2074035533546386e-05,-2.745184419075924e-05,-0.00010076507601752271,0.03762730517871533
1781531083.3126993,0.06625428773542474,0.840767170776198,0.3307015110910242,-0.2610103757501141,0.02657035090555726,-0.03163061178510426,0.06623653520819389,0.8407893875155887,0.33072174227764206,-0.26119018814947415,0.02664959297018399,-0.03170386981744447,-9.283873320084014e-07,-7.606953685592364e-05,4.8335237463930623e-05,0.0015405433397120544,-0.0008335292877073955,0.0005395965417698808,0.00016035311049186911,8.358126874413922e-06,1.7790577267654926e-05,6.0769915861503445e-05,-0.0007985610786530116,-9.295120659598225e-05,0.034900381720047516
1781531083.3227355,0.06625603846517847,0.8407678150699832,0.33070580230726704,-0.26097613370169637,0.02655867744082374,-0.03161539382465875,0.06623653520819389,0.8407893875155887,0.33072174227764206,-0.26119018814947415,0.02664959297018399,-0.03170386981744447,1.2384230926607357e-05,-6.824406006494566e-05,6.698599098901936e-05,0.00174183774896709,-0.0009083616158871204,0.0006082558892436618,0.00015486967289804525,-0.0001318260424197593,5.8700453633133855e-05,0.0003505851806418052,-0.0011157010619429245,8.497819464835828e-05,0.03316368643510935
1781531083.3327177,0.06625755592350974,0.8407683911731122,0.33070938210671696,-0.26094895236529003,0.026549520987516395,-0.03160334974056994,0.06623653520819389,0.8407893875155887,0.33072174227764206,-0.26119018814947415,0.02664959297018399,-0.03170386981744447,2.2914322673731936e-05,-6.10972558575346e-05,8.110953467153873e-05,0.001844982038466641,-0.0009395666186944859,0.0006430501912036836,8.329768421249735e-05,-0.0002945342149218557,-0.00047702516565395806,-0.00026119653511531913,-0.0004216431330853698,-0.00017597581814636604,0.03217904123928577
1781531083.3427107,0.06625886693226428,0.8407689052788032,0.33071234531856125,-0.2609278053631293,0.026542501208034253,-0.031594013310682095,0.06624024300634951,0.8407885995383677,0.33072125620050874,-0.2611802574926511,0.02662839251264204,-0.031706062859294906,3.10772498869304e-05,-5.458582904562506e-05,9.141979619760794e-05,0.0018717624167649343,-0.0009372289779775995,0.0006515181978516691,0.0002752541782903808,0.00016673398901488737,0.00021469223727831445,0.001067520245574982,-0.0003868943864456472,-0.0001212457494264887,0.02853275825003019
1781531083.3527324,0.06625724752703971,0.8407658111545249,0.330708319189194,-0.26089391429890696,0.02655160228101816,-0.031588184938828284,0.06624024300634951,0.8407885995383677,0.33072125620050874,-0.2611802574926511,0.02662839251264204,-0.031706062859294906,1.7760260749564833e-05,-6.84600975652025e-05,6.19627483861069e-05,0.0020356910228161106,-0.0007551767341718589,0.0006674727930954336,6.719111600594811e-06,5.3252359993074004e-05,-6.2719699726245e-06,0.0010299470509443072,-0.0006241026741479184,0.00042795204264801587,0.031238284585253604
1781531083.3626907,0.06625586038004648,0.8407631949133038,0.3307047950706941,-0.26086729825121857,0.02655976945967109,-0.03158405417807146,0.06624024300634951,0.8407885995383677,0.33072125620050874,-0.2611802574926511,0.02662839251264204,-0.031706062859294906,6.844698860984749e-06,-7.873052889479108e-05,3.753029031383637e-05,0.0021027952559741947,-0.0005981002070192182,0.000661154628668807,-3.535550958555008e-05,0.00013221960400280772,-0.00017603431435590525,0.0010743804242747017,-0.0005444280883642301,0.0006012063466249527,0.034062679439598065
1781531083.372735,0.06625467573293335,0.8407609973720832,0.330701722843186,-0.26084686170492016,0.026567013424253494,-0.031581308459676063,0.06624024300634951,0.8407885995383677,0.33072125620050874,-0.2611802574926511,0.02662839251264204,-0.031706062859294906,-2.00475045212112e-06,-8.597775968904845e-05,1.7441022038387836e-05,0.0020955153199997763,-0.00046403667741301807,0.00063832165078313,-3.441580417055339e-05,0.00011733388074895628,8.058798531503722e-05,0.0013597185911227085,-0.00058267400715218,0.0005969409194462237,0.03676595202819064
1781531083.3827043,0.06625366736149721,0.8407591652261054,0.33069905594399923,-0.2608316146721787,0.026573367421239835,-0.031579675675384944,0.06624024300634951,0.8407885995383677,0.33072125620050874,-0.2611802574926511,0.02662839251264204,-0.031706062859294906,-9.083448551327724e-06,-9.070621648613907e-05,1.0929013550993156e-06,0.0020327010271985156,-0.000350885636160972,0.0006037400322121487,0.0001858053742632949,0.00014895459373513647,0.00013669417961009018,0.0017051709934985443,-0.0005559825507156671,0.000394333211215729,0.039235741850708473
1781531083.3926837,0.06625281218851906,0.8407576506486037,0.3306967513074913,-0.2608206733328497,0.026578880702877505,-0.03157892147862061,0.0662404073788192,0.840793259817026,0.33072444783652155,-0.2611193443312565,0.026601575304441072,-0.031681540770402444,-1.4650940823840658e-05,-9.33527547924353e-05,-1.2044779193164542e-05,0.001929996052723113,-0.0002565008247589433,0.0005613024095924278,0.0001426974317284481,0.00020609390355575538,0.0002051325805199883,0.002039366713403027,-0.0003959906396661749,0.0004933891582144649,0.0467866423216871
1781531083.4027412,0.06625388299638695,0.8407634327017589,0.3306999824430468,-0.2608140173696631,0.026563967478447692,-0.031539908924709883,0.0662404073788192,0.840793259817026,0.33072444783652155,-0.2611193443312565,0.026601575304441072,-0.031681540770402444,-3.909664562575447e-06,-6.455520804121585e-05,3.4387442617372585e-06,0.001780753131181413,-0.0004955609948561193,0.0008693960622077069,-0.0001411621936685663,0.0001900020368100389,0.00012139353649230168,0.002300044500186874,-0.00028757416806063515,0.0008250366060556725,0.04086324206255391
1781531083.4127495,0.0662548203920703,0.8407683730419326,0.33070271289317615,-0.26081007813355905,0.026551658702777425,-0.03150798501328621,0.0662404073788192,0.840793259817026,0.33072444783652155,-0.2611193443312565,0.026601575304441072,-0.031681540770402444,4.762683063348675e-06,-4.06193306180202e-05,1.5824928816091804e-05,0.0016201862005865008,-0.0006611132741794461,0.0010764443170014604,0.0001149959348721393,0.0001400946014790968,6.239341926695608e-05,0.002388209580344065,-0.00048508088573021274,0.0006401502384407038,0.03604849910540634
1781531083.4227488,0.06625563997138773,0.8407725676900063,0.33070500479473686,-0.26080828216246854,0.026541638312491456,-0.03148224621010315,0.0662404073788192,0.840793259817026,0.33072444783652155,-0.2611193443312565,0.026601575304441072,-0.031681540770402444,1.1664262876316705e-05,-2.0889562678460594e-05,2.5567707321978872e-05,0.0014555297804268864,-0.0007670576047658736,0.0012021147386718895,4.008221729779584e-05,8.654730562122738e-05,-2.2440200457145437e-06,0.002080909411331144,0.0004805225484499051,0.00019662402014180856,0.03222154358189864
1781531083.4326928,0.06625635523964166,0.8407761057538758,0.3307069146048779,-0.2608081411422894,0.026533606831881107,-0.031461846232383905,0.0662404073788192,0.840793259817026,0.33072444783652155,-0.2611193443312565,0.026601575304441072,-0.031681540770402444,1.7056867805840975e-05,-4.786342701624824e-06,3.306497952482421e-05,0.001292316378214032,-0.0008254402139093351,0.0012633712170489592,-9.82147372857061e-05,0.00010520433633574507,6.64339557612534e-05,0.0013496011686703058,-0.0001915178367352841,0.0005911755670345003,0.029257654711935758
1781531083.442716,0.06625697796217439,0.8407790691486575,0.33070849327763985,-0.2608092439185933,0.02652728541808913,-0.03144600485655506,0.06623854483114483,0.8408021852119953,0.33073079811526646,-0.26101148905334876,0.02658708288824929,-0.031643295745419395,2.1169778431190902e-05,8.201537786544214e-06,3.866462150247353e-05,0.0011346518050689724,-0.0008465887052959208,0.0012746874926630157,8.928468290385527e-05,-3.3155353280469505e-05,-0.00014388082135173433,0.0013659463600453159,0.00015126343819342724,0.00021363426023734153,0.03703563804419471
1781531083.4527352,0.06625751845139766,0.8407815325356857,0.33070978651105143,-0.26081124839953085,0.02652241832582458,-0.03143401270980922,0.06623854483114483,0.8408021852119953,0.33073079811526646,-0.26101148905334876,0.02658708288824929,-0.031643295745419395,2.4203270071990008e-05,1.8523937739013128e-05,4.2669943732383874e-05,0.0009854605121079516,-0.0008392603115907537,0.0012482753138014545,0.00010862435691166771,0.00010276888464394248,-0.00017691549679318432,0.0010429095910242455,-0.00015008877252899432,0.0004240034302276736,0.03504309940544668
1781531083.462736,0.06625944547071005,0.8407786807974169,0.3307104735860065,-0.26075035244209493,0.02652714792064237,-0.031439833710829757,0.06623854483114483,0.8408021852119953,0.33073079811526646,-0.26101148905334876,0.02658708288824929,-0.031643295745419395,3.447944662684051e-05,9.80735443181462e-06,4.392308340598173e-05,0.001544339838662266,-0.0006811065574999774,0.001063932425247591,0.0002138601214430092,-0.00017213638590962138,-0.0003097931696309541,0.0005725726523115045,-0.0010994170452225316,0.0006730401628575332,0.03744837417763415
1781531083.4727452,0.06626109033672159,0.840776221248994,0.330711007927026,-0.2607005807058649,0.026531478796543162,-0.031445835271563166,0.06623854483114483,0.8408021852119953,0.33073079811526646,-0.26101148905334876,0.02658708288824929,-0.031643295745419395,4.2291995677305645e-05,2.68564623255806e-06,4.437252022736759e-05,0.001920816529475987,-0.0005439668663264429,0.0008966854816425522,4.9937264228361447e-05,-0.0001778642709609067,-0.00015710036208686605,0.0007519357119757199,-0.000646518724454807,0.000715083807671081,0.03967466127190019
1781531083.4827232,0.06626248669885075,0.8407741166476363,0.3307114146766589,-0.26066050636656934,0.026535392463567176,-0.03145180783903853,0.06623854483114483,0.8408021852119953,0.33073079811526646,-0.26101148905334876,0.02658708288824929,-0.031643295745419395,4.8027817780386593e-05,-3.0654997743455123e-06,4.4171071155560374e-05,0.002150319879652188,-0.00042632536079525735,0.0007468265412873911,5.7245280556024076e-05,2.2502196311792684e-05,-0.00013032721661111084,0.0007624726957569869,-0.000849724713535884,0.0009453850830235198,0.04167463289192458
1781531083.492751,0.06626366487207934,0.8407723304458369,0.3307117155833299,-0.26062879490655144,0.02653888645201996,-0.03145759520146661,0.06623799592593882,0.8408002337014844,0.3307237127568527,-0.2609604453255114,0.02656207245937825,-0.03160371924457035,5.202382055500225e-05,-7.643522390006731e-06,4.3449660927571424e-05,0.002263418929296634,-0.0003265127340700492,0.0006140983293143739,0.00011635416823415865,2.197627885249302e-06,-3.865734811294145e-05,0.0008502643386732141,-0.0007576270684437004,0.0009239623100173401,0.039767054759317876
1781531083.502692,0.06626397853409684,0.8407728899916823,0.33071378285098874,-0.26064876810503956,0.026512420759607913,-0.03143976941057236,0.06623799592593882,0.8408002337014844,0.3307237127568527,-0.2609604453255114,0.02656207245937825,-0.03160371924457035,5.449549290031042e-05,-1.3407442400224641e-05,4.438395077052296e-05,0.0017932431135257514,-0.0006202556720994789,0.0006605712587065988,-0.00013678556001346277,2.9088608045925537e-05,-2.9672651020997104e-05,0.0008965644303580502,-0.000411148954263236,0.0009642018061579406,0.039004838454987124
1781531083.512737,0.06626764508177903,0.8407738266591682,0.33070936091354564,-0.2606678120973804,0.02648066168337526,-0.03138389063737568,0.06623799592593882,0.8408002337014844,0.3307237127568527,-0.2609604453255114,0.02656207245937825,-0.03160371924457035,7.998425422162383e-05,-3.1110953282272644e-05,1.4740822409599593e-06,0.0013736068957469047,-0.001044790556298951,0.0010883247060996502,0.00016491375911103086,5.1008205412470254e-05,0.0002791372692474049,0.0015261519181124024,-0.0010996515661165127,0.0009403969540841801,0.04221823933129642
1781531083.5227418,0.06627077937556669,0.840774537113852,0.3307054879655735,-0.260685124111015,0.0264546207187355,-0.03133810431768601,0.06623799592593882,0.8408002337014844,0.3307237127568527,-0.2609604453255114,0.02656207245937825,-0.03160371924457035,9.943246578634934e-05,-4.492864915617905e-05,-3.29914863107126e-05,0.0010215882926205297,-0.0013342774670566733,0.0013790392680951991,-8.183852526900727e-05,0.0002701518063515744,0.0003176307827490011,0.001614354156436387,-0.0007778345208879488,0.001044401616429177,0.04546660535628598
1781531083.5327368,0.06627344871692557,0.8407750453257006,0.33070210110544507,-0.2607006641975824,0.026433576725821473,-0.03130113334694788,0.06623799592593882,0.8408002337014844,0.3307237127568527,-0.2609604453255114,0.02656207245937825,-0.03160371924457035,0.00011378505759247697,-5.545183282921227e-05,-6.024148379966516e-05,0.0007298689972168289,-0.0015146544475047544,0.0015591166323149332,0.00012117915350864092,0.0002028610448892309,0.00020128242411408763,0.002019711836627791,-0.00046960410370427725,0.0006594392603232321,0.048563547439836596
1781531083.542686,0.06627571208396235,0.8407753774517586,0.3306991456234278,-0.26071445101353724,0.02641685263743887,-0.031271779514126394,0.0662373303097939,0.8408059911666235,0.3307279061779567,-0.2608876931477183,0.02652792667042725,-0.03155156961280017,0.00012386516074966807,-6.319693113473717e-05,-8.135372942239384e-05,0.0004913150903385962,-0.0016083423839003642,0.0016513673701319747,0.00012291124470056349,0.00025351322711669874,0.0002621941397010009,0.0023138264239068664,-0.0007627931027705812,0.0009103449038543067,0.056899293694737084
1781531083.552735,0.06627278717936141,0.8407720029022123,0.33069328823610655,-0.26072152763126455,0.026469726432666096,-0.031358565518963474,0.0662373303097939,0.8408059911666235,0.3307279061779567,-0.2608876931477183,0.02652792667042725,-0.03155156961280017,8.808784966088268e-05,-4.774390841915192e-05,-9.292613197330477e-05,0.0003851495694692383,-0.0006309214691000687,0.0007047717491378972,0.0001589428985035588,0.00018959956890955988,0.00018633783508902543,0.001942437168476316,-0.0010733747299387175,0.0010039080320217194,0.060089879473597625
1781531083.5627167,0.06627021640794256,0.8407691814413115,0.3306883429552175,-0.26072785717728675,0.026514590383804215,-0.03143233557693839,0.0662373303097939,0.8408059911666235,0.3307279061779567,-0.2608876931477183,0.02652792667042725,-0.03155156961280017,5.825062235311603e-05,-3.4733672860683045e-05,-0.00010103867760465409,0.0002950610958433108,0.00011869582392386212,-2.3772925065449944e-05,0.00031784442105931666,-7.341214698384351e-05,-0.00017007055433478522,0.0012575816701740489,-0.0003824111755789556,0.0004597090885927281,0.06325899084319286
1781531083.572714,0.06626795643091814,0.8407668623178116,0.3306842068538476,-0.2607334530941775,0.026552224868780616,-0.031494333869251906,0.0662373303097939,0.8408059911666235,0.3307279061779567,-0.2608876931477183,0.02652792667042725,-0.03155156961280017,3.356000279417769e-05,-2.384929414390015e-05,-0.00010627094879914171,0.00021948448946908903,0.0006771087925085139,-0.0005689968755887209,9.798181554292647e-05,-4.065262355415614e-05,-0.00042263473309039624,0.0009297211704385279,-0.0006560870198022691,0.0009207901217454851,0.06617142156590687
1781531083.5826993,0.06626597021396666,0.8407649921323429,0.33068078308418786,-0.26073834564623055,0.02658341247674012,-0.03154581485450959,0.0662373303097939,0.8408059911666235,0.3307279061779567,-0.2608876931477183,0.02652792667042725,-0.03155156961280017,1.3313796982382395e-05,-1.480941235584977e-05,-0.00010912471481515904,0.00015684980621906338,0.0010769737650778905,-0.0009619403423788441,0.0001454295500481216,-0.00011749775266524127,-0.00022162116638740854,0.0006175459420195309,-0.001091185723438962,0.0010217367547874095,0.06871499755739631
1781531083.592682,0.06626422594653764,0.8407635171678695,0.33067798161760587,-0.2607425768676267,0.02660891603143445,-0.03158800635396501,0.06624386640783625,0.8408069027458627,0.33072538803947366,-0.26082101375049455,0.026487416240505546,-0.03150411529933661,-3.1080128095709577e-06,-7.364787663023405e-06,-0.00011003292061770199,0.00010562650062946881,0.001347098861007277,-0.0012300291113626991,0.00017633596551875946,-6.152759943311596e-05,-0.0001099190788011138,0.0005039945222747592,-0.0010555005743140607,0.0008580411300081615,0.06741059284894026
1781531083.6026955,0.06626269614776346,0.8407623851222725,0.33067571966303944,-0.2607461964488569,0.026629462666998727,-0.03162208262088892,0.06624386640783625,0.8408069027458627,0.33072538803947366,-0.26082101375049455,0.026487416240505546,-0.03150411529933661,-1.6251619147983263e-05,-1.2951234914946692e-06,-0.00010936777502461382,6.435543848658937e-05,0.0015126203229045847,-0.0013972300481488679,-6.898108175696271e-05,-6.752700251646247e-05,-0.0004131189653600289,-6.90040297148849e-05,-0.0004454697959662297,0.0007033420180541939,0.06930602811770274
1781531083.612739,0.06626480622611843,0.8407647293859436,0.3306760795440828,-0.2608139863807103,0.02662612345324633,-0.03159819841505862,0.06624386640783625,0.8408069027458627,0.33072538803947366,-0.26082101375049455,0.026487416240505546,-0.03150411529933661,-8.591664971546319e-07,-4.948410374753158e-06,-9.881291009864428e-05,-0.0006896376533374054,0.001244753172243638,-0.0010022591331501607,0.0001682009328694576,-0.0003517361685433349,-0.0005248314284865847,-0.00046841717618921843,-0.0003963853833418796,0.0003067748811759006,0.06817914632983607
1781531083.6227176,0.06626659652842581,0.840766752060377,0.3306765021543494,-0.2608703395320076,0.026622448430759116,-0.03157692542917122,0.06624386640783625,0.8408069027458627,0.33072538803947366,-0.26082101375049455,0.026487416240505546,-0.03150411529933661,1.150836775399429e-05,-7.818469619144813e-06,-8.908768800521333e-05,-0.0012357026745925318,0.0010099732651861373,-0.0006788904693337077,0.0001845970863563393,-0.00013173936891666747,-0.0004638122263008147,-0.00032295803572527954,0.00011186818757346947,-0.00011856891695727398,0.06722027738240834
1781531083.6327012,0.0662681094543904,0.840768475695018,0.33067696668442387,-0.26091658094440184,0.026618622318189455,-0.031558191153022636,0.06624386640783625,0.8408069027458627,0.33072538803947366,-0.26082101375049455,0.026487416240505546,-0.03150411529933661,2.1290869508786252e-05,-1.0023408177931337e-05,-8.015170934253465e-05,-0.0016110267479322454,0.0008064120390606091,-0.0004180213700908412,-7.692672022767108e-05,-0.0002684595974475595,-0.0002984360430811901,-0.00023182644845609986,0.000545746684841894,-0.0001953881598824464,0.06640023469614728
1781531083.6426961,0.06626938231202648,0.8407699259036641,0.33067745590770237,-0.260953980211921,0.026614787650693916,-0.031541871799444565,0.06624593594408207,0.8407983506122391,0.33071230542405605,-0.26081871359507425,0.026477757414953063,-0.03148690482209472,2.887422234706451e-05,-1.1666466896702542e-05,-7.196254203980592e-05,-0.001848146620993993,0.0006318146606556937,-0.00021112098210925058,3.932812799377974e-06,-5.673355692344685e-05,-6.463369677158493e-05,-0.00031046872539104866,0.00029071122179378297,-0.00026375231788852515,0.050716713393556954
1781531083.6527655,0.06627044786157528,0.840771129817905,0.33067795577316955,-0.2609837306316962,0.026611051465517788,-0.03152780853832485,0.06624593594408207,0.8407983506122391,0.33071230542405605,-0.26081871359507425,0.026477757414953063,-0.03148690482209472,3.459606869644278e-05,-1.2837644342844515e-05,-6.447665991155786e-05,-0.0019752240402600035,0.00048369865901833867,-5.032035381957365e-05,0.0001402524693472332,-0.00019391141660314928,-0.0002745330002643583,-0.0002843173268927995,0.0009899173481721843,-0.0007279535233755096,0.050216573552906034
1781531083.662704,0.06626923801725511,0.8407674375299943,0.33067438430693147,-0.26096795322887867,0.026625134918186744,-0.03154339476167048,0.06624593594408207,0.8407983506122391,0.33071230542405605,-0.26081871359507425,0.026477757414953063,-0.03148690482209472,2.244570904502169e-05,-2.739421014376967e-05,-7.838612668651278e-05,-0.0015828942779598874,0.0006233977384255477,-0.00016948902795819982,-9.141332871473268e-05,-9.956228197764843e-05,-0.00015855604920459452,-0.00012690263003069065,0.0011615505103269885,-0.0005649505171376785,0.05419055629914819
1781531083.6727316,0.06626816981035334,0.8407642935528366,0.33067141589467525,-0.2609532220273508,0.026636467233341676,-0.03155620551828901,0.06624593594408207,0.8407983506122391,0.33071230542405605,-0.26081871359507425,0.026477757414953063,-0.03148690482209472,1.2407316599310028e-05,-3.873271790356778e-05,-8.855904136309138e-05,-0.001245606577008603,0.0007110063804490801,-0.0002541369516016439,0.00015547587032575255,-1.600274760174143e-05,2.308971692233601e-06,1.634184843811682e-05,0.0006866791018190511,-0.0004664331608305872,0.057673058853324494
1781531083.6827438,0.0662672283892228,0.8407616355020359,0.3306689694618535,-0.2609396779034432,0.02664542796550906,-0.031566586101950136,0.06624593594408207,0.8407983506122391,0.33071230542405605,-0.26081871359507425,0.026477757414953063,-0.03148690482209472,4.19155135027685e-06,-4.7344184658742154e-05,-9.560345117390606e-05,-0.0009587925564598157,0.0007571870978938216,-0.00031060304106567935,5.3119805527098194e-05,-9.030080820636503e-05,0.00018829202855779483,4.86953591685323e-06,0.0016416786250931686,-0.0007998090701826258,0.06065783673464824
1781531083.692715,0.06626640056954818,0.8407594055402134,0.33066697257219235,-0.2609273939279499,0.026652366426594964,-0.031574861740891816,0.06624147205707737,0.8407918246612097,0.33070293968801867,-0.26083027585119817,0.026523291800512938,-0.03150498881970808,-2.45695563049662e-06,-5.365734008196885e-05,-0.00010004712144604038,-0.0007176476693317391,0.0007710630051929782,-0.00034440813523516604,-0.00021704879496858455,-0.00031034705437550387,-0.00044181538544669157,-0.0010765488241981764,0.0015072847927968588,-0.0002667249077912418,0.054461578760096434
1781531083.7027376,0.06626608043354429,0.8407664938288897,0.3306710309801,-0.2609799452202963,0.02666079317145309,-0.03161550840711497,0.06624147205707737,0.8407918246612097,0.33070293968801867,-0.26083027585119817,0.026523291800512938,-0.03150498881970808,-6.634918573778425e-06,3.8782101038707764e-06,-6.23160704179365e-05,-0.0012012600275512772,0.000889985332653911,-0.0007116413327019238,-0.0003206083936820213,-4.787674166502413e-05,-0.0003184800354428998,-0.0006670881568686342,0.0022520933833592082,-0.0002907231639460394,0.04759610172486865
1781531083.7127266,0.06626578708159644,0.8407726220525765,0.3306746048479525,-0.2610230205005829,0.026667257843575598,-0.031648853688786074,0.06624147205707737,0.8407918246612097,0.33070293968801867,-0.26083027585119817,0.026523291800512938,-0.03150498881970808,-9.904803901571818e-06,5.001706424763351e-05,-3.123698775080123e-05,-0.001530731694247461,0.0009547288380323533,-0.0009673182246776944,-0.00033076187117618474,-0.00026812051503031375,-0.00038659378528576156,-0.0008245154185946732,0.0016701999965827875,0.00016798095504345738,0.0419859947751288
1781531083.7227213,0.06626551870906994,0.8407779052207446,0.3306777445738325,-0.26105781657450416,0.026672075850593835,-0.03167581540562116,0.06624147205707737,0.8407918246612097,0.33070293968801867,-0.26083027585119817,0.026523291800512938,-0.03150498881970808,-1.2404276132016677e-05,8.642233065165171e-05,-5.891730229286898e-06,-0.001735692659616409,0.0009771056925887878,-0.0011324109177179,7.727763147722222e-05,-0.00011885493175264461,-0.00012198830238148016,-0.0005699171270696036,7.57356467169546e-06,0.0005142405683759743,0.037507146969206734
1781531083.7327297,0.06626527389851404,0.8407824448960618,0.3306804953416432,-0.2610854568123004,0.026675528487836386,-0.03169725602284844,0.06624147205707737,0.8407918246612097,0.33070293968801867,-0.26083027585119817,0.026523291800512938,-0.03150498881970808,-1.4253610560524764e-05,0.00011455244245062373,1.4529416256558698e-05,-0.0018417518105596554,0.0009671260691480027,-0.0012251127040970385,-3.110303805782449e-05,-0.0001596372382344917,-9.891245330046661e-05,-0.0007679111813399017,-2.9048739381150297e-06,0.0004279135308060405,0.034033165210275315
1781531083.7426813,0.06626505147120978,0.8407863308784564,0.3306828977892854,-0.261106978807184,0.026677863810762315,-0.031713972913222144,0.06623291798238073,0.8407835059568658,0.3306935430110234,-0.26086419976970077,0.02657944269835899,-0.03150236809290449,-1.5557598871244005e-05,0.00013568304522083808,3.073886194199389e-05,-0.0018708041868219344,0.000933175952746979,-0.0012610367877388272,0.00012846974447165179,-0.0002727673165958399,-0.0003660359344456301,-0.00076155995151789,0.0004902635264738763,-0.00020227215972182269,0.033968544746147876
1781531083.7526913,0.06626485038052825,0.8407896426576809,0.33068498856477563,-0.2611233274767763,0.026679298197329615,-0.03172669284404657,0.06623291798238073,0.8407835059568658,0.3306935430110234,-0.26086419976970077,0.02657944269835899,-0.03150236809290449,-1.640727510385309e-05,0.0001509268838694988,4.336187716303449e-05,-0.001841362852200924,0.0008821948280331124,-0.0012534358111767798,0.00024019173514388747,-0.0001794073129164453,-0.00045543552404861745,-0.0013287166229025657,0.00036832320998619157,-0.000543423468775924,0.03362314231226214
1781531083.7627444,0.06626618800744323,0.8407877327007636,0.3306808570080549,-0.26109175576973276,0.02668003537367314,-0.03168309223535329,0.06623291798238073,0.8407835059568658,0.3306935430110234,-0.26086419976970077,0.02657944269835899,-0.03150236809290449,-5.664348280979652e-06,0.00011636563097647998,1.3146327789799026e-05,-0.0013083235105077282,0.0006709588494096661,-0.000654827621008271,-7.867211704982508e-05,-3.190998061989306e-05,-0.00030132728326927674,-0.000581105316566982,0.0009907394166541385,-0.00043503376091887916,0.035856583815991126
1781531083.772722,0.06626731594959111,0.8407901827149301,0.3306855215325755,-0.2611450256247423,0.026655159087372038,-0.031619978207850646,0.06623291798238073,0.8407835059568658,0.3306935430110234,-0.26086419976970077,0.02657944269835899,-0.03150236809290449,6.547454845084758e-06,9.247144389702336e-05,3.457015006082902e-05,-0.0017652374884997721,0.00015727776753924477,1.1970338691621443e-05,8.527882219820992e-06,-0.00010402460754149981,-0.0001225828646101897,-0.0006198358105912948,0.0005889684648959978,-0.0005325176711369501,0.03594639568781284
1781531083.782735,0.06626828789588012,0.8407921159638729,0.3306895018404405,-0.2611882099711495,0.02663409497861169,-0.03156686617854061,0.06623291798238073,0.8407835059568658,0.3306935430110234,-0.26086419976970077,0.02657944269835899,-0.03150236809290449,1.6267799637366866e-05,7.211812492174664e-05,5.1330580501255705e-05,-0.0020592686889954457,-0.00023191555252305527,0.0005112481041075379,-0.00016387521941666494,-0.0001304473226909903,-0.0001712559789176213,-0.0009023731407680479,0.0005498723003745876,-0.0004480553249096662,0.0366264120723918
1781531083.7927215,0.06626912540202526,0.8407935928232236,0.33069287664190744,-0.26122265528120037,0.026616463301278648,-0.031522702299276534,0.06623241877756608,0.8407766213956882,0.3306851682320119,-0.2609015622527602,0.026611332087907114,-0.03152393331715972,2.3864901930445525e-05,5.486521701479576e-05,6.413499350870805e-05,-0.0022232088094669288,-0.0005171800327158204,0.0008713429960731745,7.890200359490886e-05,1.9687274030098685e-05,8.71728331656338e-05,-0.0006183625328425909,0.00019683360561974613,-0.0005131851054617388,0.041168254941097666
1781531083.8027334,0.06626984659083131,0.8407946733521129,0.330695718282676,-0.26124960967833255,0.02660188568396249,-0.031486451983229274,0.06623241877756608,0.8407766213956882,0.3306851682320119,-0.2609015622527602,0.026611332087907114,-0.03152393331715972,2.9661259148989512e-05,4.031984773641314e-05,7.360137701614332e-05,-0.0022851885305074306,-0.000716764867753984,0.0011172967924208855,-0.00021057356194654388,-0.0001493045903117665,-0.0002016572369450362,-0.00097896403382443,0.0002890306834834181,-0.00013597029419151348,0.04287211104658872
1781531083.8127568,0.06627046676047084,0.8407954154459586,0.3306980928277799,-0.26127021342748447,0.026589995126028,-0.03145712339964653,0.06623241877756608,0.8407766213956882,0.3306851682320119,-0.2609015622527602,0.026611332087907114,-0.03152393331715972,3.3938580835790454e-05,2.81323223760531e-05,8.026813136781182e-05,-0.00226907617062103,-0.000846689052497802,0.0012709966281959225,-9.901832628530409e-05,-0.00032849420087563023,-0.00044485356914134423,-0.0014183782412950673,0.0006636292451217573,-0.0003844106084904648,0.04436113732145678
1781531083.8227332,0.06626922215774067,0.8407957697950835,0.33069335011980167,-0.2612279908697632,0.0266084185510429,-0.03146714858043617,0.06623241877756608,0.8407766213956882,0.3306851682320119,-0.2609015622527602,0.026611332087907114,-0.03152393331715972,2.127341110965924e-05,3.8483005193528425e-05,5.0239463465094215e-05,-0.0015575927353482213,-0.000531507729911351,0.0010784969241325216,-2.797273163996602e-05,-8.508467109315872e-05,0.00022731131325464502,-0.0007950063644296034,0.0006536250872292004,-0.0003558088996450168,0.042285852001378764
1781531083.8327162,0.06626450827111827,0.8407960391505789,0.33069346944898126,-0.26126091883861613,0.026631971613370053,-0.03155377258457839,0.06623241877756608,0.8407766213956882,0.3306851682320119,-0.2609015622527602,0.026611332087907114,-0.03152393331715972,-1.5693958150319374e-05,6.70251419083632e-05,5.8165906390868484e-05,-0.0017220530426326193,1.8961616444313303e-05,0.00011390732693624252,-8.67579864321681e-05,-0.00037570115635705186,-0.000449818952143615,-0.0021826614393919194,0.0007948504805352036,-0.00024290423989799424,0.03841477586297384
1781531083.8427331,0.06626045734599993,0.8407962696433005,0.33069357880431804,-0.26128703706919265,0.026651735926063846,-0.03162672785160234,0.06623149652334676,0.8407654712752033,0.3306719174591818,-0.26097690727341316,0.026643148687113483,-0.03154675025675861,-4.5171511325959647e-05,8.908872637483677e-05,6.379202087267455e-05,-0.0017981399850434136,0.000430896887592305,-0.0006119413533753398,-0.0001531096581077322,-0.00020921692064220738,-0.0001694256469723688,-0.001925403641585379,0.0006078497088577972,0.00029655978192330047,0.04750244835068157
1781531083.8526974,0.06625698693538364,0.8407964863860212,0.3306936841870229,-0.2613073377599909,0.026668120852633148,-0.031687444491812766,0.06623149652334676,0.8407654712752033,0.3306719174591818,-0.26097690727341316,0.026643148687113483,-0.03154675025675861,-6.826293070255697e-05,0.00010567193501136605,6.750020485466044e-05,-0.0018059291315591648,0.0007277559058036093,-0.0011390419927818885,2.0381325543861233e-05,-0.00035235025453796007,-0.0006661785472693614,-0.0023300196283080905,0.00045762141721522213,0.00045182678160396943,0.04566715062018972
1781531083.8627324,0.0662579066932839,0.8407952263891446,0.33069262435035923,-0.26132509451963043,0.026669609901022406,-0.03166948934384295,0.06623149652334676,0.8407654712752033,0.3306719174591818,-0.26097690727341316,0.026643148687113483,-0.03154675025675861,-5.777547902673403e-05,8.131106736916981e-05,5.759414451015946e-05,-0.0018078396992241635,0.0006133038762733592,-0.0008211984585413488,7.138249561855209e-05,-0.00044509368492555754,-0.0005167453794419684,-0.0024931243426755526,-0.00047330448837429713,0.0009929217014197573,0.04485130125207224
1781531083.8727365,0.06625871674129331,0.8407940925763697,0.3306917175491486,-0.2613383464553418,0.026670512465639895,-0.03165351310232138,0.06623149652334676,0.8407654712752033,0.3306719174591818,-0.26097690727341316,0.026643148687113483,-0.03154675025675861,-4.862436040046845e-05,6.072452306993709e-05,4.891204892826517e-05,-0.001759786102006956,0.0005107588963121133,-0.0005605714208287329,0.00030227828790332646,-0.0003388729240180393,-0.00035039938853318814,-0.001762188956220952,-0.0004958670115520062,0.0007823848837812412,0.04418328539405035
1781531083.8827128,0.06625942934689254,0.8407930675902091,0.33069094372974983,-0.26134786033810165,0.026670950879027044,-0.031639456886376774,0.06623149652334676,0.8407654712752033,0.3306719174591818,-0.26097690727341316,0.026643148687113483,-0.03154675025675861,-4.066196803395267e-05,4.342875663866846e-05,4.13225303639358e-05,-0.0016756113140886527,0.000419942941428609,-0.0003499486397616003,0.0001970000970738257,-0.00017415973853167813,-0.00011760943186019922,-0.0016170984971583821,-0.0004016472366687818,0.00035712919098902096,0.043632536081100855
1781531083.8927228,0.06626005550782454,0.8407921379421642,0.33069028501013525,-0.2613543130039186,0.02667102950699962,-0.0316272240281875,0.0662363031799505,0.8407494829186916,0.33065511911592016,-0.26107468058798355,0.026620034289925654,-0.03151348487553805,-3.375474479049629e-05,2.8993893252826597e-05,3.470627020267733e-05,-0.0015666761656261663,0.00034040143282484427,-0.00018255752488442953,-5.993493986837751e-05,-0.00025398536354984607,-0.0003040261187661722,-0.0014761543073733207,0.0004332912948251525,-7.09689771487666e-05,0.06016863155197775
1781531083.9027445,0.0662606050622591,0.8407912931003658,0.3306897255428167,-0.26135829537657396,0.02667083639845047,-0.03161669219153211,0.0662363031799505,0.8407494829186916,0.33065511911592016,-0.26107468058798355,0.026620034289925654,-0.03151348487553805,-2.7782104522262362e-05,1.703859039955752e-05,2.895515049208583e-05,-0.0014421707176114449,0.0002714850560301361,-5.21402721203765e-05,-0.0002365988368804089,-0.00017883724190955426,-0.00021608750658576285,-0.0013931934318439528,0.0004212187486938192,-9.9366706443801e-05,0.05946660876427634
1781531083.9127042,0.06626095942711223,0.8407868797971467,0.3306875942209969,-0.26130150933186,0.02669506392651022,-0.03163171430068258,0.0662363031799505,0.8407494829186916,0.33065511911592016,-0.26107468058798355,0.026620034289925654,-0.03151348487553805,-2.7032088061859855e-05,1.4786830495304617e-06,2.0716585400733076e-05,-0.0006605376892940915,0.000539968596980338,-0.00013648168130496376,-0.00016683374702015008,-0.00011823559049623941,0.00016560182601298257,-0.0011010992230371405,0.00020616399725660573,-0.00022567990863473663,0.05532711353429943
1781531083.9226747,0.0662612593429579,0.8407831313300063,0.33068580398853853,-0.2612531345379353,0.026714995347001835,-0.031644098651112146,0.0662363031799505,0.8407494829186916,0.33065511911592016,-0.26107468058798355,0.026620034289925654,-0.03151348487553805,-2.608747098020547e-05,-1.1031129242180138e-05,1.3840386358188606e-05,-5.68058260584501e-05,0.00072635440321346,-0.00019593771710458497,4.191619579797099e-05,-0.000312281200842134,-0.00010186091910171865,-0.0013994980323930348,0.0005403095495057716,-0.0006911314398558562,0.051928672847099795
1781531083.932678,0.06626151047252632,0.8407799722631533,0.330684312596596,-0.26121238609967773,0.026731162101417683,-0.03165416788852833,0.0662363031799505,0.8407494829186916,0.33065511911592016,-0.26107468058798355,0.026620034289925654,-0.03151348487553805,-2.4998603001909534e-05,-2.093389508457041e-05,8.144986627286496e-06,0.00039710493386966157,0.0008461251215921676,-0.00023512107604790213,5.88264992598779e-05,-0.00035144506380119944,-0.00041484092112819984,-0.002031087105028197,0.000555189844355987,-0.0007680020378843273,0.04916570998853599
1781531083.9426773,0.06626171854535849,0.8407773320131332,0.3306830811130727,-0.26117846718239784,0.0267440654650295,-0.031662227073654445,0.0662399783086941,0.840739058501558,0.3306438272850628,-0.26115232058036697,0.02662913554864299,-0.03153918098138396,-2.3807731339454424e-05,-2.86183159319953e-05,3.469667379803251e-06,0.0007263350425518224,0.0009127048490995854,-0.00025804267245788776,0.00011665036105207889,-0.00011446138420930569,-7.330311973653862e-05,-0.001381369992999285,-0.000101779407755215,-0.00042107646681863636,0.05897764484917959
1781531083.952734,0.06626188914970793,0.8407751452731657,0.3306820740394453,-0.2611505938143939,0.026754170384281517,-0.031668559749517586,0.0662399783086941,0.840739058501558,0.3306438272850628,-0.26115232058036697,0.02662913554864299,-0.03153918098138396,-2.2550063411037227e-05,-3.4424539559798785e-05,-3.2751760014929055e-07,0.0009531342388249036,0.0009376078173279395,-0.00026815277137898257,-0.00022741111570366576,-0.00019553136713739935,-0.00025265237477446794,-0.0012951270033068768,0.0006094532577066743,-0.00031814395814354547,0.05696625544823078
1781531083.9627388,0.06626325715420282,0.8407764775427279,0.33067717177675116,-0.261172670254392,0.02677150093883296,-0.031679042187063786,0.0662399783086941,0.840739058501558,0.3306438272850628,-0.26115232058036697,0.02662913554864299,-0.03153918098138396,-1.488865316828961e-05,-2.2576932740407472e-05,-2.4238240593563925e-05,0.0006110473533333135,0.0010474722825740284,-0.00030054609213775967,6.71302424853854e-05,5.870088333259456e-05,0.0001324851206230196,-0.00035287612284186853,-4.822632251626444e-05,-0.00018522075670356666,0.055262504614347195
1781531083.9727395,0.06626441324606586,0.8407776794346568,0.3306730480955061,-0.2611917863037139,0.02678521948103829,-0.03168734419452089,0.0662399783086941,0.840739058501558,0.3306438272850628,-0.26115232058036697,0.02662913554864299,-0.03153918098138396,-8.549624361969514e-06,-1.2779919402632635e-05,-4.3126003950545396e-05,0.00033800722721677863,0.0011011173692893745,-0.00031659213685395865,-0.0001041834261739182,-5.1595019418274754e-06,-7.080182650536337e-06,-2.911149714669918e-05,0.0007257806214351355,-0.00010052418815621378,0.05424480067937791
1781531083.9827657,0.0662653843224508,0.8407787591079355,0.33066960290888037,-0.26120816092820615,0.02679585621173275,-0.03169378512922817,0.0662399783086941,0.840739058501558,0.3306438272850628,-0.26115232058036697,0.02662913554864299,-0.03153918098138396,-3.352489801616592e-06,-4.753205565192423e-06,-5.774214302548858e-05,0.00012417534704001773,0.0011111708857884691,-0.0003199500985706537,6.251141986922401e-06,4.565068263592871e-05,-1.979443340307434e-05,-4.7709456633302026e-05,0.0004226565781738648,-2.159916502385128e-05,0.053721378099766896
1781531083.9926758,0.06626619471357457,0.8407797246460569,0.3306667460814745,-0.2612220332456523,0.026803892735942192,-0.03169865524114726,0.06623749608465784,0.8407347417078532,0.3306378576851367,-0.26118848427389674,0.026665617352212623,-0.03155868361805103,8.62109743183785e-07,1.7506527471265008e-06,-6.874393548632804e-05,-3.9440642402672956e-05,0.0010882876116676094,-0.00031370909411963593,-0.000294102184355364,4.75724678463668e-05,4.1264369309545933e-05,0.0002077470178087143,0.000944993491676853,8.063566083426622e-05,0.06067631724242793
1781531084.002698,0.06626686627820265,0.8407805840373461,0.3306643969066234,-0.26123365092434037,0.026809761067112747,-0.031702215021956345,0.06623749608465784,0.8407347417078532,0.3306378576851367,-0.26118848427389674,0.026665617352212623,-0.03155868361805103,4.234553300494697e-06,6.949593040072348e-06,-7.67048236401522e-05,-0.0001609529534338099,0.0010413523599117516,-0.0003004465188923036,2.215900295887738e-05,0.0001588675011273725,0.00015613005112117873,0.0003720645900050923,0.0010661004150070877,-0.00033053723642937716,0.06056779440688931
1781531084.0126956,0.06626443341716898,0.8407826550840938,0.33066464057345935,-0.26129974007438006,0.026817228583356112,-0.03175906737257336,0.06623749608465784,0.8407347417078532,0.3306378576851367,-0.26118848427389674,0.026665617352212623,-0.03155868361805103,-1.427115205305671e-05,3.278623132583981e-05,-6.484905647362535e-05,-0.0008483333803652155,0.001166400245145104,-0.0008459732598873358,-0.00021527399590589322,0.00010452860572720732,-0.0004088276735607631,-0.00019401456978432034,0.0017837762469671986,-0.00037685744372872827,0.06114437515002413
1781531084.022705,0.06626744401172684,0.8407888293602525,0.33066273858656603,-0.26134720864179695,0.02684094055283337,-0.03172947995514849,0.06623749608465784,0.8407347417078532,0.3306378576851367,-0.26118848427389674,0.026665617352212623,-0.03155868361805103,3.4947557550324614e-06,5.227438659415729e-05,-6.19112939461696e-05,-0.001282671894411319,0.0012055011537777966,-0.00037481201206364547,-9.200445677299114e-05,-5.0648013795109315e-05,-6.67454466495097e-05,-0.00032085502958565277,0.0010070671051687543,-0.00036625341494078895,0.06664391745482143
1781531084.0327137,0.06626999545685427,0.8407940623254915,0.330661235982997,-0.2613859396621987,0.026859904296091086,-0.03170397643417308,0.06623749608465784,0.8407347417078532,0.3306378576851367,-0.26118848427389674,0.026665617352212623,-0.03155868361805103,1.7712467469323934e-05,6.725658487939295e-05,-5.876845810351104e-05,-0.0015729989667358738,0.0012017974127526705,-1.1529019852728325e-05,-6.600465608855516e-05,-5.9462225593928735e-06,9.660776891653032e-05,0.00012460080191557829,0.0005462286932718466,-0.00014948175885129544,0.07156598131089081
1781531084.0427403,0.06627214606291003,0.8407984616420288,0.33066007514454304,-0.26141706382565366,0.026874791119368968,-0.03168223068103711,0.06623749608465784,0.8407347417078532,0.3306378576851367,-0.26118848427389674,0.026665617352212623,-0.03155868361805103,2.8901629776044316e-05,7.843168220759828e-05,-5.550081783036987e-05,-0.0017474755604244842,0.00116612370183412,0.00026098085403367094,0.0001384438793953961,8.360245299245486e-06,-0.00022656619013703184,-0.0002313141657244613,0.0010234244663374888,-0.0006378058017890627,0.0758581999963309
1781531084.0527124,0.0662739480761222,0.8408021276927307,0.3306592037288562,-0.26144163652790475,0.026886215632626387,-0.03166389554912981,0.06623525034221173,0.8407350417127211,0.33063771811911735,-0.2611864793969687,0.02671394227957191,-0.03157337118554951,3.7517775879773976e-05,8.640894126856315e-05,-5.217439223130636e-05,-0.001830373010547638,0.0011074730035983149,0.0004580185049790204,0.00014741349977697766,0.00013425640869983257,-2.4310180932028836e-05,-0.00022630711434840417,0.001317461619836874,-0.0008275828230001974,0.08037210181091807
1781531084.0627365,0.06627279788693541,0.8407989265069646,0.33065994167671564,-0.2615302764893964,0.026886472071954826,-0.03171264830791094,0.06623525034221173,0.8407350417127211,0.33063771811911735,-0.2611864793969687,0.02671394227957191,-0.03157337118554951,2.6168544851841058e-05,6.693169823999862e-05,-4.0683715392973264e-05,-0.0025839817766075248,0.0011264378274415182,-0.00010522152533174188,6.240016314811211e-05,-0.00015222242916640714,0.00011769331551660869,-0.0003917278413760639,0.0014240940910183499,-0.0006544220632375209,0.07736259795692685
1781531084.0726867,0.06627177037084228,0.8407961314244927,0.33066067895875656,-0.2616024483019626,0.02688570981948102,-0.0317532929435248,0.06623525034221173,0.8407350417127211,0.33063771811911735,-0.2611864793969687,0.02671394227957191,-0.03157337118554951,1.6726104847039784e-05,5.0447797874783854e-05,-3.094380454002872e-05,-0.003077902269965849,0.001109819009319821,-0.0005243609708583685,9.783784850316215e-06,-0.0001871026950682683,-0.00047768444558589975,-0.0013873328525267608,0.0018621366573997793,-0.0006518825218767296,0.07478546337663433
1781531084.0827034,0.06627085494789724,0.8407937037817629,0.3306614034267717,-0.26166030555311093,0.026884205857351517,-0.031786749703697575,0.06623525034221173,0.8407350417127211,0.33063771811911735,-0.2611864793969687,0.02671394227957191,-0.03157337118554951,8.934030785471521e-06,3.6575740390878735e-05,-2.2732776176550568e-05,-0.0033637277928361643,0.0010669921849638035,-0.0008240569955008702,-0.00015749258090947218,-4.952554989265459e-05,1.5995939224912774e-05,-0.0009518345381338693,0.0019918926667549628,-0.000285002548219598,0.07259421525829837
1781531084.0927057,0.06627004189474332,0.8407916065221238,0.33066210517489475,-0.2617058536893768,0.026882187851864803,-0.03181390491338845,0.06623525034221173,0.8407350417127211,0.33063771811911735,-0.2611864793969687,0.02671394227957191,-0.03157337118554951,2.5655596851323673e-06,2.497617330420915e-05,-1.5853135695541065e-05,-0.0034858114348158623,0.0010056999089478747,-0.0010260540566183014,-0.00019751756008426605,-0.0003196994861000042,-0.0005340576326211116,-0.0023459805731378775,0.0016841605582449673,-8.477578325002606e-05,0.07074431623683938
1781531084.1026747,0.06626932222959157,0.8407898045634871,0.3306627763914777,-0.26174093226224937,0.02687984031444346,-0.03183559519980948,0.06623009002255498,0.840728856065564,0.330629778802457,-0.2612360379779765,0.026785536815113087,-0.03159249424054128,-2.5793861829134084e-06,1.534787879045477e-05,-1.0129469692499606e-05,-0.0034818674116284445,0.0009322491073677733,-0.0011493189667565005,0.0001331443985954,-0.0003493518929089638,-0.0003324189824385972,-0.002641693811681932,0.0005799187046835267,-0.0001670162257512722,0.07964123523160824
1781531084.1126966,0.06627142143849159,0.8407959699576507,0.3306642139861427,-0.26169619404942746,0.026858116997082737,-0.03179927903492055,0.06623009002255498,0.840728856065564,0.330629778802457,-0.2612360379779765,0.026785536815113087,-0.03159249424054128,1.4936183305824413e-05,4.596344239609421e-05,-1.0360994000377893e-05,-0.0026238586453705133,0.0004990420384431476,-0.0007023865340240324,0.0001154433355103872,-0.0004632658553918361,-0.00046906062813656423,-0.003296598488450118,0.0012001998603892638,-0.0006055103807837641,0.08601361711856481
1781531084.1227505,0.06627155560903278,0.8407978974677947,0.33066342187833075,-0.2616275395626217,0.026872197453619906,-0.03179714442994824,0.06623009002255498,0.840728856065564,0.330629778802457,-0.2612360379779765,0.026785536815113087,-0.03159249424054128,1.330862387068372e-05,6.420567670341741e-05,-1.1861785374685598e-05,-0.0015885913198624138,0.0005873241607286979,-0.0005634362942319973,-0.0001250230644063316,-0.000310614533353712,-0.0002442281216863941,-0.0032664252329023032,0.0014861998453711233,-0.0004931515071025916,0.08728096377887035
1781531084.1327047,0.06627164831533222,0.8407995457641049,0.3306627884590257,-0.2615683194517904,0.026883652739232433,-0.031794708424818074,0.06623009002255498,0.840728856065564,0.330629778802457,-0.2612360379779765,0.026785536815113087,-0.03159249424054128,1.1833429074434196e-05,7.803650153059452e-05,-1.2916279532690008e-05,-0.0007694170491188138,0.0006373956560794301,-0.00044390000295528977,-9.855570303171124e-05,-0.00037278846594800916,-0.0003823381607383999,-0.0028969102045396863,0.0011360859574685467,-0.0004090080328240354,0.0883954897330166
1781531084.1427317,0.0662717063965078,0.8408009538365468,0.3306622900515155,-0.2615177892063647,0.026892827439307432,-0.03179211347831515,0.06623009002255498,0.840728856065564,0.330629778802457,-0.2612360379779765,0.026785536815113087,-0.03159249424054128,1.049924073561298e-05,8.815071466854379e-05,-1.3599136755723578e-05,-0.00013457688370699156,0.0006574662908176799,-0.0003421826617500277,0.00020333146285458575,-0.00031687779459781617,-0.0003751133050267316,-0.002841058726764718,0.0011534938661067148,-0.0009409940794619612,0.08936997525465439
1781531084.1527288,0.06627173601683824,0.8408021544315656,0.33066190552917246,-0.2614751531286975,0.02690004219090847,-0.031789470635405895,0.06622844358365682,0.840707548077007,0.330605649331394,-0.26139008895200205,0.02683004552107504,-0.031612624039935644,9.29515411609365e-06,9.515317437387443e-05,-1.3975001330544997e-05,0.0003447707763025151,0.000654508655181797,-0.0002566012628832475,1.4676438189014707e-05,-0.0002733285547529642,-0.0005376106556914721,-0.0027300798730533317,0.0009854099867780883,-0.0007786077135859645,0.1182766117291257
1781531084.1627018,0.06627517109486697,0.8408074820149822,0.3306658736850975,-0.261450731654973,0.026873753396006617,-0.031726426685983494,0.06622844358365682,0.840707548077007,0.330605649331394,-0.26139008895200205,0.02683004552107504,-0.031612624039935644,3.581355940695001e-05,0.00010197789459496159,1.279335717762591e-06,0.0005554219070071144,0.00012807048362831967,0.000361848181117579,-0.00010627115190932002,-0.0002693999268849039,-0.0002796224955385476,-0.002404030448526609,0.00019058323631631399,-0.0004743771309649038,0.12568701222534767
1781531084.1727114,0.06627654479069697,0.8408019244985193,0.33066264821862595,-0.26145657528061905,0.02683722102922914,-0.03166948705511566,0.06622844358365682,0.840707548077007,0.330605649331394,-0.26139008895200205,0.02683004552107504,-0.031612624039935644,4.845438305017525e-05,3.654527032277367e-05,-3.352203775075325e-05,0.0004145186597596989,-0.0004318328825181308,0.0008195265465604703,9.309890025470426e-05,-0.00010699333135296102,-7.111399768456217e-05,-0.001337822167535244,0.0005028439373427932,-0.0007894216611280558,0.12028926885583643
1781531084.182734,0.0662777195648967,0.8407970342473424,0.3306598491846279,-0.2614618946965429,0.026806683178220547,-0.031622425372244495,0.06622844358365682,0.840707548077007,0.330605649331394,-0.26139008895200205,0.02683004552107504,-0.031612624039935644,5.798813066412035e-05,-1.6445349422633415e-05,-6.103488778592142e-05,0.00029759715256616405,-0.000839527895362595,0.0011400178428884584,2.98979462017263e-05,-6.678867844851897e-05,0.00024595377736185906,-0.0007241471973374544,0.0005247188930359643,-0.000599272756481788,0.11564394103898153
1781531084.1927052,0.06627872301226892,0.8407927305447537,0.3306574204834963,-0.26146667535761237,0.02678147265293518,-0.03158405313484225,0.06622844358365682,0.840707548077007,0.330605649331394,-0.26139008895200205,0.02683004552107504,-0.031612624039935644,6.490679879642678e-05,-5.8776417013433816e-05,-8.234809114172117e-05,0.00020184505537502247,-0.0011220189152214496,0.0013489465264715278,2.532662711210823e-05,-5.435555968649897e-05,-0.00020884299798321185,-0.0008526218793345007,0.00029832431713000833,-0.0003270837880566372,0.11164374565093443
1781531084.2026818,0.06627957833959605,0.8407889452699099,0.3306553149158893,-0.26147092119938287,0.026760943737779153,-0.031553241981165936,0.06623244785900345,0.8406963128831284,0.3305904107781308,-0.26149044804208127,0.026851930819436376,-0.031649119586067184,6.963848477896896e-05,-9.20139047087274e-05,-9.841432466106378e-05,0.0001245756586698426,-0.001302966496106961,0.0014685659751953633,1.968364663094829e-05,4.267769283539565e-06,-0.0002475290362778536,-0.0006533983073421973,2.240868369128135e-05,-5.665021999937796e-05,0.12253402947711063
1781531084.2126966,0.06628030515861259,0.84078562043741,0.33065349252644166,-0.26147464988299063,0.02674448448171729,-0.03152893949695959,0.06623244785900345,0.8406963128831284,0.3305904107781308,-0.26149044804208127,0.026851930819436376,-0.031649119586067184,7.255456494086741e-05,-0.00011753015788645778,-0.00011006485617181278,6.326993415047629e-05,-0.0014028781554157144,0.0015179945791478975,8.435527852759388e-07,-4.157665580883232e-05,-0.0003246986400081681,-0.0006560883298996423,6.927790131302199e-05,-5.906923820045191e-06,0.11935437716145
1781531084.2227166,0.06627666097550364,0.8407931287305535,0.3306603793948178,-0.2615343424394794,0.02675998897981291,-0.0315914998648872,0.06623244785900345,0.8406963128831284,0.3305904107781308,-0.26149044804208127,0.026851930819436376,-0.031649119586067184,4.071377584961822e-05,-4.5611927982834355e-05,-5.049489111343322e-05,-0.0005771734650019099,-0.0009099589942979024,0.0007365208195374518,0.00018799068893448026,-1.5144862818376327e-05,-0.0002710311867645161,-0.00039651197947627694,-0.00015814030618949512,0.00015604129966928217,0.1273723490573318
1781531084.2331924,0.06627351806742926,0.840799573044042,0.3306663017181055,-0.2615840430116754,0.02677365921719921,-0.031644988744856314,0.06623244785900345,0.8406963128831284,0.3305904107781308,-0.26149044804208127,0.026851930819436376,-0.031649119586067184,1.4636960333101283e-05,1.2700045599746117e-05,-2.0339009276613504e-06,-0.0010412384735668553,-0.0005157198728687861,0.00013083170673779273,9.589021984186641e-05,0.00018372718666936287,2.5533076919720587e-05,4.665546542651011e-06,0.00013102033794117892,0.00025885973203053017,0.1345691555382616
1781531084.2427347,0.06627081407596724,0.8408050956601083,0.3306713820423833,-0.26162489636194863,0.02678558136483833,-0.03169021646652863,0.06623244785900345,0.8406963128831284,0.3305904107781308,-0.26149044804208127,0.026851930819436376,-0.031649119586067184,-6.482272215679041e-06,5.935040998827704e-05,3.689505252705976e-05,-0.0013604460852482511,-0.00020621062422997345,-0.0003265693851689761,7.025287445305218e-05,7.066015741255695e-05,-0.0001594237975544543,-0.0002420869757135136,-0.0010666324655656382,0.0009462978230396209,0.14093262505970144
1781531084.2527373,0.06626849414073085,0.8408098192166515,0.3306757277384541,-0.2616580024116212,0.026795867754604075,-0.03172801631670105,0.06623897404721901,0.8406998904687504,0.33058539788038344,-0.26150321649127173,0.02684874479548438,-0.03164508744952335,-2.3354088136430937e-05,9.604804011670079e-05,6.767867343785713e-05,-0.001562379135741786,3.134064367200104e-05,-0.000660343588881824,0.00020775538092637237,0.00014832345174789973,-5.230779724109274e-06,-0.000174686815917325,-0.0010329128636304091,0.0008704166046685302,0.14531086950098954
1781531084.2627077,0.06626945936014161,0.8408140244699501,0.33067370960459275,-0.26172468822156786,0.02680839138654445,-0.03179103887860879,0.06623897404721901,0.8406998904687504,0.33058539788038344,-0.26150321649127173,0.02684874479548438,-0.03164508744952335,-1.9067780427362497e-05,0.00013221722083199013,5.772060729016127e-05,-0.00210151316482595,0.000337638209429027,-0.0012172362888581644,0.00022740421801611493,0.0002053394130047691,5.1373037714732715e-05,0.0001375743109266888,-0.0013479585709728539,0.0010401620404921204,0.14749537337379434
1781531084.2727458,0.06627028310611043,0.8408176270873075,0.3306719778232844,-0.2617788169149269,0.026818910908811944,-0.03184288646697367,0.06623897404721901,0.8406998904687504,0.33058539788038344,-0.26150321649127173,0.02684874479548438,-0.03164508744952335,-1.5385239536294062e-05,0.00015957754162097446,4.899516043387579e-05,-0.002447944554950719,0.0005578964332254881,-0.0016011762944208455,0.00024918539693733713,0.0003183628359737782,0.0005239510208856922,0.0004774929937656059,-0.001113171359549413,0.0007647610569544637,0.14945987766170726
1781531084.2826798,0.06627098121932427,0.8408207076115801,0.33067050143101895,-0.26182205518356627,0.026827641640780664,-0.03188494168961402,0.06623897404721901,0.8406998904687504,0.33058539788038344,-0.26150321649127173,0.02684874479548438,-0.03164508744952335,-1.2234047969317817e-05,0.00017951966311160312,4.136978752316966e-05,-0.0026405074492143097,0.000707658745751624,-0.0018450196618545853,0.0003504907608856536,0.00023718709655896574,0.00015957365076289364,-0.00039518309515983586,-0.0009473876109219649,0.00016747223578153438,0.15120798721790338
1781531084.2927217,0.06627156860646369,0.840823334593134,0.3306692510338274,-0.26185594995921524,0.026834793678648827,-0.03191850856159707,0.06623897404721901,0.8406998904687504,0.33058539788038344,-0.26150321649127173,0.02684874479548438,-0.03164508744952335,-9.549338171102418e-06,0.00019325396643773388,3.472414565909364e-05,-0.002712510797811027,0.0008005010988876456,-0.0019772190381218023,9.637997850640448e-05,6.0463511262188354e-05,0.00047072904853274865,-0.000723421836943424,0.00016664838839642628,-0.0005165749735747444,0.1527488411729505
1781531084.3027294,0.06627205911363193,0.8408255666429489,0.33066819913424506,-0.2618819160919204,0.02684056749205821,-0.031944796512187845,0.06624868333798173,0.8407038515652878,0.3305861309901846,-0.26153039672888573,0.02681566881109454,-0.03163080090459196,-7.273125412096381e-06,0.00020183077243723048,2.8949212606089062e-05,-0.002692211943313856,0.0008481536380701723,-0.0020221489454157753,0.0004114520834268892,5.0955914336240065e-05,-3.796229590910763e-05,-0.0015698037537629599,0.0001247699462221854,-0.0010690489505915154,0.14864779610486223
1781531084.312721,0.06627246545586035,0.8408274541266065,0.33066732033180984,-0.2619012307334124,0.026845150885867808,-0.03196491099050598,0.06624868333798173,0.8407038515652878,0.3305861309901846,-0.26153039672888573,0.02681566881109454,-0.03163080090459196,-5.353685035899142e-06,0.00020615860120813014,2.394643547579748e-05,-0.002603309741256405,0.0008606423997130385,-0.002000461128560269,0.000298113819757474,0.0003567810034156547,0.0010226368234323032,-0.0012344210154599398,0.0004697814506350887,-0.0015610569396982592,0.14978281439765795
1781531084.3227308,0.06627157918638188,0.8408255724648908,0.33066922123332293,-0.2618743395149603,0.026884588916225916,-0.03196176017410943,0.06624868333798173,0.8407038515652878,0.3305861309901846,-0.26153039672888573,0.02681566881109454,-0.03163080090459196,-1.5627477086058964e-05,0.00018351339198208536,4.896333531808597e-05,-0.002026625886059009,0.0011737686688539479,-0.0016373802466884708,0.0004723360780370537,0.0013775038848105232,0.0020509785518795028,-0.0004978702880005365,0.0005544819408383172,-0.002036176776107369,0.14914484831499142
1781531084.3327053,0.06627079370070976,0.8408239283216564,0.33067091305002055,-0.26184981482510533,0.026917107368354953,-0.031957376681652716,0.06624868333798173,0.8407038515652878,0.3305861309901846,-0.26153039672888573,0.02681566881109454,-0.03163080090459196,-2.3676985515977268e-05,0.00016300912497227885,6.842581569594541e-05,-0.0015390654804988935,0.0013762550942287436,-0.0013205115862705505,0.0004885129495918161,0.0009022620535052282,0.0013776967337667798,-0.0017248134484067407,0.0005538385969875371,-0.0022453015317722767,0.1486448560495822
1781531084.34276,0.06627009755576994,0.8408224929060439,0.330672420770307,-0.2618277344857836,0.02694355100506285,-0.03195218978698004,0.06624868333798173,0.8407038515652878,0.3305861309901846,-0.26153039672888573,0.02681566881109454,-0.03163080090459196,-2.9838903326980445e-05,0.0001444833587771379,8.318274786203333e-05,-0.0011316272276123158,0.001490300036628572,-0.0010469429664626319,0.00030790325358725384,0.00035174366071393225,0.0004662233409257744,-0.0020172406407602734,0.0016679593612595664,-0.002547433023779597,0.14825742009581855
1781531084.352716,0.06626948124994844,0.8408212402405569,0.33067376434460044,-0.261808089940892,0.026964719089494826,-0.03194654308759731,0.06626336575942404,0.8407366759176861,0.3306378366555337,-0.2616021708531822,0.026846605958395386,-0.03172322657985384,-3.440743631091006e-05,0.000127780620186427,9.397520694159787e-05,-0.0007953738202957678,0.0015349569084105897,-0.0008133068399053525,-0.00020946986382376693,2.539087547989967e-05,-9.027997556092472e-05,-0.002657562270123584,0.002000405495826034,-0.00222655427089662,0.09208323826101983
1781531084.3627222,0.06626893677523724,0.8408201470728505,0.3306749599634478,-0.26179080813443234,0.026981354909135113,-0.03194070658293871,0.06626336575942404,0.8407366759176861,0.3306378366555337,-0.2616021708531822,0.026846605958395386,-0.03172322657985384,-3.763895478240369e-05,0.00011275299987024672,0.0001014483420485714,-0.0005216604799272591,0.0015264011625456314,-0.0006159867249700507,-4.8690054213920174e-05,-0.00032692339146671046,-0.0006187354167951806,-0.0031376127977619434,0.00156674934191653,-0.0018973702494962286,0.09152382177418752
1781531084.3727152,0.06626693358436563,0.8408142842071887,0.3306812276886691,-0.26176008819589786,0.026977546943953934,-0.031945510412320396,0.06626336575942404,0.8407366759176861,0.3306378366555337,-0.2616021708531822,0.026846605958395386,-0.03172322657985384,-4.76117014714738e-05,7.399022611033305e-05,0.00013257238422289982,-0.00012791377771508835,0.0013333123530128975,-0.0006101338093673602,0.00014820370240920374,-0.00042727132332528745,-0.0007842094099068914,-0.00288583665465771,0.0010563203591026638,-0.0015709385869144346,0.08898627832928686
1781531084.3826978,0.0662652183094327,0.8408092795505211,0.3306865883915083,-0.2617341098556007,0.026973306716006507,-0.03194869250118931,0.06626336575942404,0.8407366759176861,0.3306378366555337,-0.2616021708531822,0.026846605958395386,-0.03172322657985384,-5.5014266169046824e-05,4.193498072709164e-05,0.00015587810295976422,0.0001706090296735994,0.0011521419631752075,-0.0005890455190463086,1.2861116531008405e-05,-0.0003150061037980074,-0.0007499957147675041,-0.002416744210358031,0.00046112841768063703,-0.000706929945917872,0.0874725740041421
1781531084.392703,0.06626375784281897,0.8408050275567238,0.3306911471244747,-0.26171239534602364,0.02696885859672249,-0.031950572422263596,0.06626336575942404,0.8407366759176861,0.3306378366555337,-0.2616021708531822,0.026846605958395386,-0.03172322657985384,-6.025975975574015e-05,1.5670531551121824e-05,0.00017261217442311936,0.00038961231690037,0.0009848605432128841,-0.0005571195931896268,0.00028345553015665296,0.000256944420533654,0.00017482335896230834,-0.0002877757399511039,0.00027294310095863576,-0.0005517964329479182,0.08668394538347507
1781531084.4027262,0.0662625221854199,0.8408014330348011,0.33069499913774114,-0.26169446997764323,0.026964376413051383,-0.031951425246185355,0.06626442988112102,0.8407283783101056,0.3306194539114819,-0.26172076300583075,0.02690584529827289,-0.03180198146361733,-6.370714883672224e-05,-5.612424658721856e-06,0.00018385866621090368,0.0005430395310670246,0.0008325644369747987,-0.0005179476463761592,2.0462886284128835e-05,9.319517799079179e-05,-9.867069273951136e-05,-0.0006246971727132731,0.0003159547282830943,-0.000264584429947001,0.10510810298825644
1781531084.412719,0.06626156623844104,0.8408024421410395,0.3306956704116095,-0.2616889548865633,0.02692168505946002,-0.0319124730239282,0.06626442988112102,0.8407283783101056,0.3306194539114819,-0.26172076300583075,0.02690584529827289,-0.03180198146361733,-5.9255997318611655e-05,-1.3369649465004636e-05,0.00015954268326313713,0.000532734699606308,0.0001815213401468971,-0.00017136297313665518,5.00138019316832e-05,0.0004940087412711817,0.0007802282890951322,0.0006874256151471979,-6.170447315421533e-05,-5.36369533746934e-06,0.1063137168652597
1781531084.4227228,0.06625993889406634,0.8407985656300198,0.33069395013539454,-0.26166051992707745,0.026933797922650493,-0.031917477193844704,0.06626442988112102,0.8407283783101056,0.3306194539114819,-0.26172076300583075,0.02690584529827289,-0.03180198146361733,-6.749469634888331e-05,-3.144320829623268e-05,0.00014189503554191355,0.0007864149261927809,0.00030369356671203234,-0.0001711977297301634,-1.02059362015366e-06,0.000283293291568479,0.00019755724197871225,-0.00024100817439246888,0.0006217794619937557,-0.00035463036506372067,0.10245055499459055
1781531084.4327688,0.06625857077285897,0.8407953022860135,0.33069241533991217,-0.26163731985242344,0.02694375760761747,-0.03192146190498453,0.06626442988112102,0.8407283783101056,0.3306194539114819,-0.26172076300583075,0.02690584529827289,-0.03180198146361733,-7.325327640712494e-05,-4.5553758720585175e-05,0.00012593002357023795,0.0009549625160411355,0.00038692031419531485,-0.0001663878413918351,4.352150888872943e-05,0.00010557348154380663,7.787825984491187e-05,-0.000287227105890673,0.00019455476095270525,-0.000297768465719646,0.09917922030110152
1781531084.4426966,0.06625742747707122,0.8407925741138044,0.3306910504350786,-0.26161867713582765,0.02695183133163126,-0.03192457376119147,0.06626442988112102,0.8407283783101056,0.3306194539114819,-0.26172076300583075,0.02690584529827289,-0.03180198146361733,-7.694791648318055e-05,-5.630411739135929e-05,0.00011151807931581261,0.0010551095220584393,0.0004386883515863014,-0.00015822952003953717,7.390298549807026e-06,0.00013930104303572764,0.00023020678073374032,8.017134342081547e-05,0.0005673200963291687,-0.0004487465563890616,0.09641678830029407
1781531084.4526894,0.06625647881625893,0.8407903107405365,0.3306898401158224,-0.26160395938563885,0.026958270944765772,-0.03192694648400296,0.06626485960713724,0.840741986709106,0.3306352168867854,-0.2617182930866534,0.026927385642914192,-0.03181672555540645,-7.893886611197027e-05,-6.422078637516945e-05,9.85355100959919e-05,0.0011012650093327843,0.00046546838180097194,-0.00014778563351159311,-2.0994252509546668e-05,0.00016565039701671403,-9.800376930251882e-06,-0.00015696777277755586,0.001199800292530712,-0.0008069411545306191,0.07341080860381338
1781531084.4626944,0.06625569830106275,0.8407884490329245,0.3306887696347786,-0.2615925853379412,0.026963309887083398,-0.031928700485377035,0.06626485960713724,0.840741986709106,0.3306352168867854,-0.2617182930866534,0.026927385642914192,-0.03181672555540645,-7.953691143617185e-05,-6.976233312131218e-05,8.686490711290604e-05,0.001105703092827393,0.00047279268056301033,-0.00013591511812903378,4.332818513127758e-06,0.00011776996011377211,0.00018584593849320418,0.00017233466343899196,0.0010243368718460997,-0.0008350689397650811,0.0714882779288129
1781531084.472692,0.06625955521149672,0.8407888886429872,0.33068992743635206,-0.26165993035771395,0.026938333869213293,-0.03187173193244433,0.06626485960713724,0.840741986709106,0.3306352168867854,-0.2617182930866534,0.026927385642914192,-0.03181672555540645,-4.524087791871825e-05,-9.418558128009835e-05,8.15113651696194e-05,0.00023319568320973787,-3.3135581652929706e-06,0.0004089442984178533,-0.00019348356746066468,0.00015977923711421352,0.0005005294267853721,0.0004994202405505686,0.0010237423219710755,-0.0007834376433232267,0.0722576795142861
1781531084.482734,0.0662628998658498,0.8407892175905008,0.3306908610355605,-0.26171679850405705,0.026917235882650603,-0.03182417875447466,0.06626485960713724,0.840741986709106,0.3306352168867854,-0.2617182930866534,0.026927385642914192,-0.03181672555540645,-1.7135695114113995e-05,-0.00011259848225089253,7.618085366587323e-05,-0.00042692844708530284,-0.0003599512993922051,0.0008059954845713304,-5.121654201125857e-06,0.00010543422068949843,0.00012824524507183175,0.0005740120841318808,0.0013605395883515693,-0.0011645575848914522,0.07301279364708324
1781531084.4927323,0.0662657936549475,0.8407894356199721,0.33069159826113426,-0.26176425981895834,0.02689962044786487,-0.031784982094079234,0.06626485960713724,0.840741986709106,0.3306352168867854,-0.2617182930866534,0.026927385642914192,-0.03181672555540645,5.643517743772351e-06,-0.0001259531277107743,7.093637337388018e-05,-0.0009098514117160746,-0.0006173136549331357,0.0010814304967148587,-0.00014171304539994952,0.00028211085026727485,0.00037511423497346366,0.0008560293313731735,0.00041759730443364915,-0.00045814953883112136,0.07369620723724626
1781531084.5027354,0.06626829074251264,0.840789549731519,0.3306921652781319,-0.26180337358775274,0.02688509605262679,-0.03175311979871212,0.06626281730096989,0.8407517684729304,0.33064784494032806,-0.26169772869467034,0.026980328452935298,-0.031859413288359784,2.385854916116354e-05,-0.00013507792453016404,6.582740951933953e-05,-0.001246784500113149,-0.0007932479628611985,0.0012582031477599148,7.821669779650025e-05,-3.984605436270799e-05,-4.68675932007836e-05,-0.0002268804896152587,0.00017464241663957622,-0.0005271159063605918,0.058495080185451964
1781531084.5127437,0.06626535973536794,0.8407838035771354,0.330692866965951,-0.26184148364298016,0.02689203332051382,-0.03177040830671686,0.06626281730096989,0.8407517684729304,0.33064784494032806,-0.26169772869467034,0.026980328452935298,-0.031859413288359784,2.0378107079883487e-06,-0.00016186531235408603,7.022524812053199e-05,-0.0015216963549397268,-0.000584821883412915,0.0009582089993812352,5.5492279908167665e-05,1.1442893214675223e-06,1.853469879097678e-06,6.315401900178515e-06,-0.0003676483860149691,3.789660214141988e-05,0.055314506824961994
1781531084.522731,0.06626284925844099,0.8407788769747037,0.3306934313524037,-0.26187216677164354,0.026898158363018787,-0.03178593863916564,0.06626281730096989,0.8407517684729304,0.33064784494032806,-0.26169772869467034,0.026980328452935298,-0.031859413288359784,-1.550511342081192e-05,-0.00018131851026418903,7.286588968027589e-05,-0.0016860254149802135,-0.0004126444270189631,0.0007072065600033481,-0.00022294647997204807,2.2458605722377164e-05,7.614840974599621e-06,-1.5221404556396597e-05,-0.00030485894670307257,0.000468451542853485,0.05303765507259093
1781531084.53273,0.06626070669439842,0.8407746777291495,0.33069388150596557,-0.2618964452708218,0.026903507192649778,-0.03179972650680722,0.06626281730096989,0.8407517684729304,0.33064784494032806,-0.26169772869467034,0.026980328452935298,-0.031859413288359784,-2.9391636397345002e-05,-0.00019463752564646911,7.406244102178487e-05,-0.0017630004267979822,-0.00027234047665120075,0.000499782118072791,6.816150538069465e-05,9.550558810051932e-05,0.0001631988189529639,0.00012145438985967415,-0.0004320694425406239,0.0004002355695578078,0.051465076083755695
1781531084.542709,0.0662588854503339,0.8407711219587832,0.33069423658687336,-0.26191526042396795,0.02690812804361853,-0.031811831378399824,0.06626281730096989,0.8407517684729304,0.33064784494032806,-0.26169772869467034,0.026980328452935298,-0.031859413288359784,-4.0166942347988245e-05,-0.00020286341853416413,7.408455398580695e-05,-0.0017724170148921345,-0.0001597592712368658,0.0003306866271583626,-6.376169380697033e-05,-7.275143915786578e-05,-7.576050060577217e-05,-0.00043763428359770576,-0.00018686796642835668,0.0004679115525076643,0.05042025122172691
1781531084.5527458,0.06625734431475704,0.8407681335081665,0.33069451251368803,-0.2619294670492734,0.026912076981938426,-0.031822343882454626,0.06626461014289442,0.8407534899901632,0.33065130456115455,-0.2616971021517527,0.026966771726249394,-0.031852207913475566,-4.830811273132284e-05,-0.00020689645900560976,7.316357915743699e-05,-0.0017309566230628444,-7.103181217927401e-05,0.00019493807131875396,1.030400415139078e-05,3.677336746886188e-05,0.0001083598064932957,-0.0005232861234311401,-0.0008248962263000132,0.0007243860095288944,0.04619688344651192
1781531084.5626922,0.06625520448318394,0.8407733082998805,0.3306933536010955,-0.26192837553245885,0.02690851063502042,-0.03183534224404941,0.06626461014289442,0.8407534899901632,0.33065130456115455,-0.2616971021517527,0.026966771726249394,-0.031852207913475566,-5.8811008520074474e-05,-0.00015515012352151442,5.9589260781232114e-05,-0.001526252740516616,-6.414381792651104e-05,2.65608571990418e-05,1.9955855021984025e-05,-0.00021595536807728972,-0.00025271464992357906,-0.0012546187948999186,-0.0010977931480645625,0.000822087375235945,0.047427350701831246
1781531084.5726922,0.06625340192636717,0.8407778140120757,0.3306923278911536,-0.2619260570222933,0.026905561162639202,-0.031846313715696586,0.06626461014289442,0.8407534899901632,0.33065130456115455,-0.2616971021517527,0.026966771726249394,-0.031852207913475566,-6.649725608995267e-05,-0.0001116436450546865,4.793710598606617e-05,-0.0013310974089337803,-5.722614402673848e-05,-0.00010032553013792069,-3.230306936801657e-05,-8.324878597316639e-05,-3.629842702156999e-05,-0.001208625034598311,-0.0001708272376607576,0.00037459223334855595,0.048991792822220784
1781531084.5826738,0.06625189302332878,0.8407817308828602,0.3306914209040136,-0.26192288263813773,0.02690315462300008,-0.031855466186713324,0.06626461014289442,0.8407534899901632,0.33065130456115455,-0.2616971021517527,0.026966771726249394,-0.031852207913475566,-7.182498152857948e-05,-7.530317383924167e-05,3.7975657141008196e-05,-0.0011484384059179985,-5.0475824047861666e-05,-0.0001926510198474461,-1.0934300443197816e-05,-0.00019360808014967878,-0.00017075971210786582,-0.001863522274053928,0.00010083495880030279,3.180019009831483e-05,0.05068129945806201
1781531084.5927188,0.06625063901093015,0.8407851296826515,0.33069061979738806,-0.2619191538733171,0.026901220750912058,-0.03186300521201019,0.06626461014289442,0.8407534899901632,0.33065130456115455,-0.2616971021517527,0.026966771726249394,-0.031852207913475566,-7.519184102973508e-05,-4.517585152507908e-05,2.9497683312875072e-05,-0.0009801423451619488,-4.403584837985661e-05,-0.00025655399932422013,0.0001234095170296306,-0.00034162762072617364,-0.0001673082324985194,-0.002450155775003277,-0.00036596208138729453,-0.00025420875887140963,0.05236363689828711
1781531084.602759,0.06624960552210712,0.8407880728447155,0.33068991315973567,-0.2619151118002038,0.026899693960172444,-0.031869128971118196,0.06626716265597338,0.840743299368241,0.3306432454891231,-0.2617779604862495,0.026934412983950384,-0.031838710962572125,-7.694190847214367e-05,-2.0418022105395964e-05,2.2318027937407364e-05,-0.0008272146659868262,-3.800481551107541e-05,-0.0002974117560263889,0.00014730168675282935,-0.00023976834749056777,-0.00010166558680817225,-0.002232827776080572,-0.00021931964149313844,-0.00046128066442837495,0.06701334662296964
1781531084.6127014,0.06624876215872941,0.8407906154640904,0.33068929083121934,-0.2619109456211992,0.026898513966336912,-0.031874024692955125,0.06626716265597338,0.840743299368241,0.3306432454891231,-0.2617779604862495,0.026934412983950384,-0.031838710962572125,-7.737188352515025e-05,-2.843842611076771e-07,1.62716012827485e-05,-0.0006899880368866933,-3.244537480477033e-05,-0.0003198841199206159,0.00013699607183643002,-0.0002872513590474025,-0.00027759681403896375,-0.002395005028232015,0.0001902361345956932,-0.0007638304545535822,0.068538782846025
1781531084.6227036,0.06625018294462914,0.8407955331815392,0.33069086284830296,-0.2618972987029936,0.026895949379184048,-0.0318707288142477,0.06626716265597338,0.840743299368241,0.3306432454891231,-0.2617779604862495,0.026934412983950384,-0.031838710962572125,-6.281279900477301e-05,3.193742823475934e-05,2.381938440342802e-05,-0.0004666307415098174,-6.519921815749467e-05,-0.0002574698950306674,0.00014065507639593624,-0.00012770416931198264,0.00018291174996835135,-0.00106155444326743,-0.0001775261842931393,-0.0005083473374084356,0.07269177906936787
1781531084.6327043,0.06625143897764721,0.8407997394422765,0.33069218971465847,-0.2618853862258899,0.026893911175939644,-0.03186774375760265,0.06626716265597338,0.840743299368241,0.3306432454891231,-0.2617779604862495,0.026934412983950384,-0.031838710962572125,-5.032925488518455e-05,5.739955458739944e-05,2.9576726267753503e-05,-0.00028650369548118416,-8.795577523164288e-05,-0.00020365749284903095,0.00010502863295233644,-0.00013312252545337428,-0.00040688976296868597,-0.0014902570109707506,9.614235205740023e-05,-0.0005303185996702102,0.07634299725903498
1781531084.6427243,0.06625254702213865,0.8408033214011329,0.33069330238189565,-0.26187509938326686,0.02689232316625345,-0.03186507328946547,0.06626716265597338,0.840743299368241,0.3306432454891231,-0.2617779604862495,0.026934412983950384,-0.031838710962572125,-3.967007805569313e-05,7.711255539051471e-05,3.382379859306503e-05,-0.00014369818859219442,-0.00010259882252701566,-0.0001577631086667258,0.00012616644994431676,0.00014152012867454304,0.00028838276925445615,-0.0006296556427111186,0.00012926379339537196,-0.0005981784351088373,0.07951071436548433
1781531084.6526842,0.0662535223317263,0.840806356835855,0.33069422866993803,-0.2618663121519267,0.02689111594092708,-0.031862711622783174,0.06627113469690488,0.8407354573837651,0.3306380064244316,-0.26185432516448565,0.026931361773841145,-0.03186560301896295,-3.061051690043306e-05,9.196052881596791e-05,3.680465236067655e-05,-3.276542955304376e-05,-0.0001107618920579901,-0.0001190576601120549,-0.00014189678038963003,9.491366167045901e-05,0.00016076154652801202,-0.0002836660407683237,-0.00013686791550502375,-5.211619775892059e-05,0.09218388472842405
1781531084.66273,0.06624835806065052,0.8408047474189337,0.33069091685206975,-0.2618664997266867,0.026937191695173723,-0.03195412679339214,0.06627113469690488,0.8407354573837651,0.3306380064244316,-0.26185432516448565,0.026931361773841145,-0.03186560301896295,-7.004549307357313e-05,0.00011153610143471352,3.1097834442590394e-05,-4.6810037352118415e-06,0.0006454707068988784,-0.0009394498968411329,0.00011356864962353003,2.0874688948800648e-05,8.851802307954635e-05,-0.0006152327020563482,-0.00017847396537233997,-0.00039916775161998497,0.09010769936908174
1781531084.6726937,0.06624393345247413,0.840803458328841,0.3306881267137761,-0.2618666301504682,0.026975596299367854,-0.03203002807694902,0.06627113469690488,0.8407354573837651,0.3306380064244316,-0.26185432516448565,0.026931361773841145,-0.03186560301896295,-0.00010081528569564827,0.00012583756992233633,2.6122513093561574e-05,1.648915799942669e-05,0.0011944219628983758,-0.0015284265872661563,0.0001253358918902878,0.0002418260703898943,0.0006931116782649752,0.00035907178972346645,-0.00020919186677772442,-0.00034533302374151767,0.0887472795851884
1781531084.6826963,0.06624015462830184,0.8408024602271517,0.3306858000624856,-0.26186671345621626,0.027007201934522218,-0.03209222768552414,0.06627113469690488,0.8407354573837651,0.3306380064244316,-0.26185432516448565,0.026931361773841145,-0.03186560301896295,-0.0001242390170861793,0.00013572391508306434,2.1797459924620366e-05,3.189938106566668e-05,0.0015730380184163875,-0.0019278895807028078,-0.00018620884538937658,0.0001539019687669373,0.00022605747201071894,3.2039094057761236e-05,-8.304384651001132e-05,0.00012068629010289712,0.08793962423715505
1781531084.6926954,0.06623693948289221,0.840801719493274,0.3306838810785566,-0.2618667586167877,0.027032848201757886,-0.03214245850525625,0.06627113469690488,0.8407354573837651,0.3306380064244316,-0.26185432516448565,0.026931361773841145,-0.03186560301896295,-0.0001414687252829162,0.00014194064774033342,1.8049227407738537e-05,4.257218498240904e-05,0.0018136639114106831,-0.0021744220137365038,1.019771361973367e-05,0.00014254559166933605,0.0002254163722532604,5.0179763310609186e-05,-0.0003315470824138989,-8.523059084022125e-05,0.08754692289870179
1781531084.7027342,0.0662342161133104,0.8408012007905565,0.3306823171974662,-0.2618667735400928,0.02705332730920018,-0.03218234655144572,0.06626826964617183,0.8407454229264948,0.33065029102090815,-0.26186012918183404,0.0269290936330282,-0.03187433080831631,-0.0001535077200563174,0.00014513274168488597,1.4811544935940931e-05,4.9403353102797775e-05,0.0019443118541650603,-0.0022996205124797566,-0.00014299867934517704,0.00037706735792580035,0.00027503227174862125,0.0002552108166392292,0.0007539486227416335,-0.0006989768618065234,0.07277698265635382
1781531084.7127302,0.06623192146994883,0.8408008689625206,0.33068105968648465,-0.2618667650936363,0.027069374270299207,-0.032213393255426895,0.06626826964617183,0.8407454229264948,0.33065029102090815,-0.26186012918183404,0.0269290936330282,-0.03187433080831631,-0.00016122720316331766,0.00014585628980329305,1.2024743057760779e-05,5.31691976333178e-05,0.0019889808474672964,-0.0023304805947934114,-0.00010934302087127294,0.00030412269073274963,0.0004654423581304232,0.00026098938361744715,0.0012349454206173193,-0.0012352007186362329,0.07309010608195737
1781531084.7226834,0.06623566663521147,0.8408013518145954,0.33068240408573907,-0.261903717153175,0.027052054446379925,-0.03219057407164676,0.06626826964617183,0.8407454229264948,0.33065029102090815,-0.26186012918183404,0.0269290936330282,-0.03187433080831631,-0.00012413624352763288,0.00012545425603892793,1.452691849025481e-05,-0.00036268212216053984,0.001524564876061897,-0.0018844827496436482,-0.0003865183028620727,0.0004038070856897429,0.00028814867482303253,0.0002482730217334166,0.0014565831174762826,-0.0010172364884326703,0.07226510762936098
1781531084.7326736,0.06623892869700887,0.8408017756529711,0.330683592371003,-0.2619344098446755,0.027036582948437582,-0.03216934623876459,0.06626826964617183,0.8407454229264948,0.33065029102090815,-0.26186012918183404,0.0269290936330282,-0.03187433080831631,-9.27876846818513e-05,0.00010748641826998544,1.635152694283076e-05,-0.0006643370800184714,0.0011348587060648597,-0.0014987312719432374,-9.981729464407462e-05,0.00015508041492307215,0.00022682396840770883,7.25618610706388e-05,0.0017651866648860028,-0.0018504861616626702,0.07173214758554852
1781531084.7426965,0.06624176500399806,0.8408021303566029,0.33068463316900004,-0.2619595724764986,0.027022919865542283,-0.03214989184144684,0.06626826964617183,0.8407454229264948,0.33065029102090815,-0.26186012918183404,0.0269290936330282,-0.03187433080831631,-6.644618909206932e-05,9.170035844265936e-05,1.7609083173182958e-05,-0.0008721716426595711,0.0008117982639498504,-0.0011686786691519932,-0.00023384233781770464,0.00038841827910598314,0.0002763901182925869,0.00017377117446615645,0.0013315854674347124,-0.0016402477961916559,0.07139756173561276
